0 0.11511156186612576 0.13406113537117903 0.10040567951318459 0.11790393013100436
0 0.11105476673427991 0.3868995633187773 0.16328600405679514 0.13624454148471615
0 0.3580121703853955 0.3624454148471616 0.3144016227180527 0.1222707423580786
0 0.1643002028397566 0.251528384279476 0.28600405679513186 0.13449781659388646
0 0.43356997971602435 0.10305676855895196 0.28093306288032455 0.1240174672489083
0 0.4477687626774848 0.2349344978165939 0.2565922920892495 0.10829694323144105
0 0.678498985801217 0.23755458515283842 0.19878296146044624 0.09956331877729258
0 0.6495943204868154 0.35109170305676857 0.28093306288032455 0.13799126637554585
0 0.34787018255578095 0.6183406113537118 0.15415821501014199 0.1275109170305677
0 0.14908722109533468 0.7467248908296943 0.16024340770791076 0.11179039301310044
0 0.3422920892494929 0.7414847161572052 0.17748478701825557 0.1222707423580786
0 0.6937119675456389 0.7205240174672489 0.35294117647058826 0.13449781659388646
0 0.15669371196754564 0.6393013100436681 0.2281947261663286 0.1205240174672489
0 0.32809330628803246 0.4995633187772926 0.20182555780933062 0.13100436681222707
0 0.8179513184584178 0.4790393013100437 0.24442190669371197 0.10393013100436681
0 0.8711967545638946 0.3554585152838428 0.1663286004056795 0.1467248908296943
0 0.13793103448275862 0.8589519650655022 0.18255578093306288 0.11615720524017467
0 0.33620689655172414 0.851528384279476 0.22210953346855983 0.10305676855895196
0 0.537525354969574 0.8384279475982532 0.17647058823529413 0.10131004366812227
0 0.537525354969574 0.9192139737991266 0.19675456389452334 0.09519650655021834
0 0.3209939148073022 0.9340611353711791 0.2363083164300203 0.09694323144104804
0 0.9239350912778904 0.7152838427947599 0.1075050709939148 0.1240174672489083
0 0.5613590263691683 0.49170305676855897 0.24442190669371197 0.10829694323144105
0 0.7074036511156186 0.11091703056768559 0.2079107505070994 0.1572052401746725
0 0.8985801217038539 0.10742358078602621 0.1663286004056795 0.12925764192139738
0 0.12829614604462475 0.514410480349345 0.20182555780933062 0.12925764192139738
0 0.5223123732251521 0.6078602620087337 0.19066937119675456 0.1240174672489083
0 0.7439148073022313 0.5938864628820961 0.2565922920892495 0.12925764192139738
0 0.9320486815415822 0.5934497816593887 0.13184584178498987 0.11266375545851529
0 0.8788032454361054 0.23406113537117904 0.2099391480730223 0.09956331877729258
0 0.795131845841785 0.8244541484716157 0.33874239350912777 0.08733624454148471
0 0.7018255578093306 0.8991266375545851 0.12778904665314403 0.06724890829694323
0 0.8017241379310345 0.9056768558951965 0.3316430020283976 0.11877729257641921
