0 0.1528555431131019 0.15229885057471265 0.1601343784994401 0.15057471264367817
0 0.3393057110862262 0.16091954022988506 0.1590145576707727 0.18160919540229886
0 0.8398656215005599 0.15229885057471265 0.11646136618141098 0.15747126436781608
0 0.6914893617021277 0.135632183908046 0.13773796192609183 0.15862068965517243
0 0.5347144456886898 0.13620689655172413 0.1444568868980963 0.17586206896551723
0 0.9031354983202687 0.35229885057471266 0.13773796192609183 0.19195402298850575
0 0.5996640537513998 0.5522988505747126 0.1690929451287794 0.19195402298850575
0 0.5778275475923852 0.33160919540229883 0.1366181410974244 0.10919540229885058
0 0.09182530795072788 0.3586206896551724 0.15677491601343785 0.13793103448275862
0 0.10862262038073908 0.707471264367816 0.15005599104143338 0.13908045977011493
0 0.2956326987681971 0.714367816091954 0.20604703247480402 0.15057471264367817
0 0.5201567749160134 0.7264367816091954 0.251959686450168 0.167816091954023
0 0.7407614781634938 0.3431034482758621 0.17357222844344905 0.2103448275862069
0 0.27547592385218367 0.5396551724137931 0.1702127659574468 0.19655172413793104
0 0.43784994400895855 0.5385057471264367 0.15453527435610304 0.21264367816091953
0 0.8029115341545353 0.5471264367816092 0.21724524076147816 0.17471264367816092
0 0.7575587905935051 0.8902298850574712 0.3617021276595745 0.15057471264367817
0 0.41881298992161253 0.3442528735632184 0.1881298992161254 0.1896551724137931
0 0.24748040313549832 0.3505747126436782 0.15453527435610304 0.1471264367816092
0 0.770996640537514 0.7367816091954023 0.2564389697648376 0.17471264367816092
0 0.9423292273236282 0.7333333333333333 0.09518477043673013 0.167816091954023
0 0.9574468085106383 0.55 0.08958566629339305 0.16896551724137931
0 0.10918253079507279 0.5505747126436782 0.1601343784994401 0.15402298850574714
