0 0.12293577981651377 0.12322695035460993 0.1981651376146789 0.18617021276595744
0 0.11192660550458716 0.40070921985815605 0.1834862385321101 0.2375886524822695
0 0.8229357798165138 0.10549645390070922 0.1963302752293578 0.19326241134751773
0 0.3614678899082569 0.13386524822695037 0.29724770642201837 0.20390070921985815
0 0.5981651376146789 0.14095744680851063 0.22752293577981653 0.21453900709219859
0 0.44128440366972477 0.38652482269503546 0.5119266055045871 0.20567375886524822
0 0.12477064220183487 0.8067375886524822 0.23119266055045873 0.23049645390070922
0 0.4055045871559633 0.8023049645390071 0.3559633027522936 0.21808510638297873
0 0.8192660550458716 0.36524822695035464 0.24770642201834864 0.20212765957446807
0 0.44587155963302755 0.5824468085106383 0.27889908256880735 0.21099290780141844
0 0.7761467889908257 0.5762411347517731 0.3706422018348624 0.20921985815602837
0 0.7302752293577982 0.799645390070922 0.3339449541284404 0.22695035460992907
0 0.9403669724770642 0.8129432624113475 0.10091743119266056 0.2783687943262411
