0 0.09967845659163987 0.8475 0.0932475884244373 0.06318181818181819
0 0.20337620578778134 0.8479545454545454 0.12057877813504823 0.06227272727272727
0 0.09364951768488745 0.7506818181818182 0.06028938906752412 0.060454545454545455
0 0.16840836012861737 0.7529545454545454 0.11816720257234727 0.06136363636363636
0 0.1270096463022508 0.6409090909090909 0.08842443729903537 0.06727272727272728
0 0.11696141479099678 0.5820454545454545 0.07958199356913183 0.05590909090909091
0 0.3215434083601286 0.9065909090909091 0.15112540192926044 0.05227272727272727
0 0.1945337620578778 0.9056818181818181 0.10289389067524116 0.05409090909090909
0 0.09847266881028939 0.9056818181818181 0.11173633440514469 0.05409090909090909
0 0.13585209003215434 0.9493181818181818 0.20739549839228297 0.045909090909090906
0 0.3054662379421222 0.9490909090909091 0.15594855305466238 0.046363636363636364
0 0.12017684887459808 0.4131818181818182 0.08440514469453377 0.06
0 0.12459807073954984 0.9829545454545454 0.13344051446945338 0.031363636363636364
0 0.2295016077170418 0.9847727272727272 0.0860128617363344 0.02772727272727273
0 0.2990353697749196 0.9838636363636364 0.06109324758842444 0.026818181818181817
0 0.3830385852090032 0.9818181818181818 0.07958199356913183 0.03363636363636364
0 0.3315916398713826 0.8436363636363636 0.1342443729903537 0.06545454545454546
0 0.4959807073954984 0.9468181818181818 0.11736334405144695 0.04363636363636364
