0 0.13132022471910113 0.4328644501278772 0.21769662921348315 0.20843989769820973
0 0.1973314606741573 0.6419437340153452 0.3946629213483146 0.1636828644501279
0 0.7710674157303371 0.6451406649616368 0.28651685393258425 0.13682864450127877
0 0.7450842696629213 0.7858056265984654 0.3862359550561798 0.1649616368286445
0 0.8110955056179775 0.24936061381074168 0.25140449438202245 0.13554987212276215
0 0.5948033707865169 0.2615089514066496 0.09691011235955056 0.170076726342711
0 0.4845505617977528 0.2544757033248082 0.14606741573033707 0.13554987212276215
0 0.41502808988764045 0.80306905370844 0.18398876404494383 0.16624040920716113
0 0.10603932584269662 0.789002557544757 0.1952247191011236 0.1278772378516624
0 0.7085674157303371 0.9360613810741688 0.15589887640449437 0.11253196930946291
0 0.8096910112359551 0.10166240409207161 0.1896067415730337 0.159846547314578
0 0.6257022471910112 0.09526854219948849 0.17275280898876405 0.15728900255754474
0 0.4023876404494382 0.4111253196930946 0.3300561797752809 0.1649616368286445
0 0.7001404494382022 0.40025575447570333 0.2794943820224719 0.13043478260869565
0 0.9129213483146067 0.3874680306905371 0.16853932584269662 0.14066496163682865
0 0.7106741573033708 0.5274936061381074 0.31179775280898875 0.13938618925831203
0 0.9367977528089888 0.5172634271099744 0.12921348314606743 0.11125319693094629
0 0.3125 0.24552429667519182 0.20646067415730338 0.16879795396419436
0 0.13132022471910113 0.2531969309462916 0.16432584269662923 0.16879795396419436
0 0.36025280898876405 0.07097186700767263 0.28230337078651685 0.1265984654731458
0 0.08075842696629214 0.07608695652173914 0.11095505617977527 0.13938618925831203
0 0.09410112359550561 0.9124040920716112 0.17134831460674158 0.12148337595907928
0 0.3160112359550562 0.9335038363171355 0.14606741573033707 0.10997442455242967
0 0.4964887640449438 0.9367007672634271 0.21769662921348315 0.11892583120204604
0 0.8785112359550562 0.907928388746803 0.21207865168539325 0.15089514066496162
