0 0.15149769585253456 0.13727272727272727 0.21313364055299538 0.19272727272727272
0 0.3369815668202765 0.12681818181818183 0.1693548387096774 0.16636363636363635
0 0.14285714285714285 0.9104545454545454 0.22350230414746544 0.10454545454545454
0 0.3588709677419355 0.899090909090909 0.20391705069124424 0.13272727272727272
0 0.5731566820276498 0.8868181818181818 0.16705069124423963 0.16454545454545455
0 0.8087557603686636 0.8690909090909091 0.27419354838709675 0.13454545454545455
0 0.12960829493087558 0.6672727272727272 0.1578341013824885 0.13272727272727272
0 0.6768433179723502 0.6286363636363637 0.15092165898617513 0.1318181818181818
0 0.2569124423963134 0.41045454545454546 0.18433179723502305 0.1390909090909091
0 0.10080645161290322 0.4222727272727273 0.11175115207373272 0.12818181818181817
0 0.6319124423963134 0.12136363636363637 0.18087557603686635 0.12272727272727273
0 0.8369815668202765 0.11 0.20391705069124424 0.12363636363636364
0 0.7494239631336406 0.24136363636363636 0.29147465437788017 0.12454545454545454
0 0.3807603686635945 0.26272727272727275 0.173963133640553 0.12181818181818181
0 0.44585253456221197 0.39545454545454545 0.17972350230414746 0.13454545454545455
0 0.6278801843317973 0.38772727272727275 0.1728110599078341 0.13363636363636364
0 0.11232718894009217 0.5463636363636364 0.1347926267281106 0.12727272727272726
0 0.326036866359447 0.5386363636363637 0.2857142857142857 0.13
0 0.32027649769585254 0.78 0.21889400921658986 0.14363636363636365
0 0.13076036866359447 0.7945454545454546 0.16013824884792627 0.13818181818181818
0 0.788594470046083 0.6068181818181818 0.07949308755760369 0.12454545454545454
0 0.5529953917050692 0.7440909090909091 0.2511520737327189 0.12090909090909091
0 0.7407834101382489 0.735 0.0944700460829493 0.10818181818181818
0 0.3271889400921659 0.6559090909090909 0.16820276497695852 0.11727272727272728
0 0.5086405529953917 0.6359090909090909 0.18548387096774194 0.1190909090909091
0 0.744815668202765 0.36818181818181817 0.06105990783410138 0.11090909090909092
0 0.5547235023041475 0.5227272727272727 0.16705069124423963 0.10363636363636364
0 0.8726958525345622 0.4859090909090909 0.1923963133640553 0.12454545454545454
0 0.8922811059907834 0.7372727272727273 0.18778801843317972 0.13454545454545455
0 0.47465437788018433 0.11863636363636364 0.12903225806451613 0.12454545454545454
0 0.8577188940092166 0.35409090909090907 0.17857142857142858 0.11545454545454545
0 0.7091013824884793 0.49954545454545457 0.14861751152073732 0.12818181818181817
0 0.8773041474654378 0.5986363636363636 0.10944700460829493 0.13
0 0.9591013824884793 0.5909090909090909 0.06797235023041474 0.11090909090909092
