0 0.05945223780895124 0.6720834758809442 0.07080828323313293 0.045501197399931574
0 0.05644622578490314 0.6294902497434143 0.05410821643286573 0.0383167978104687
0 0.11690046760187041 0.6267533356140951 0.07214428857715431 0.0383167978104687
0 0.0788243152972612 0.15172767704413273 0.09886439545758183 0.041395826205952786
0 0.07114228456913828 0.189873417721519 0.0781563126252505 0.03421142661648991
0 0.17869071476285905 0.18422853232979816 0.11556446225784903 0.03386931235032501
0 0.04976619906479626 0.4454327745466986 0.06078824315297261 0.035579883681149505
0 0.1319305277221109 0.43841943209031814 0.06880427521710086 0.034553540882654804
0 0.058450233800935204 0.5189873417721519 0.072812291249165 0.04242216900444749
0 0.14762859051436206 0.5090660280533699 0.10955243820975284 0.04447485460143688
0 0.05177020708082832 0.5923708518645228 0.04876419505678023 0.0366062264796442
0 0.11055444221776888 0.5880944235374616 0.07548430193720775 0.04515908313376668
0 0.17735470941883769 0.5845022237427301 0.07682030728122913 0.047553882996920975
0 0.2745490981963928 0.5773178241532672 0.0788243152972612 0.04892234006158057
0 0.18704074816299265 0.6209373930892919 0.06546426185704743 0.03147451248717072
0 0.08750835003340013 0.25778309955525147 0.10821643286573146 0.04276428327061239
0 0.06412825651302605 0.294902497434143 0.0841683366733467 0.03215874101950051
0 0.058450233800935204 0.3297981525829627 0.0781563126252505 0.03968525487512829
0 0.05243820975283901 0.40489223400615804 0.0674682698730795 0.04002736914129319
0 0.06780227120908483 0.4784468012316114 0.09686038744154976 0.04481696886760178
0 0.15597862391449566 0.4714334587752309 0.09018036072144289 0.04858022579541567
0 0.2207748830995324 0.4637358877865207 0.04208416833667335 0.04002736914129319
0 0.1676686706746827 0.1460827916524119 0.08149632598530394 0.04242216900444749
0 0.24181696726786908 0.14403010605542252 0.07615230460921844 0.04515908313376668
0 0.3216432865731463 0.13924050632911392 0.09151636606546426 0.04926445432774547
0 0.40848363393453574 0.1284639069449196 0.08483633934535738 0.037290455011974
0 0.06813627254509018 0.11495039343140609 0.06412825651302605 0.0383167978104687
0 0.12792251169004676 0.11135819363667465 0.05678022712090848 0.037290455011974
0 0.19405477621910489 0.10656859391036606 0.08082832331329326 0.03934314060896339
0 0.27488309953239815 0.10006842285323297 0.08483633934535738 0.041395826205952786
0 0.3406813627254509 0.09801573725624359 0.05477621910487642 0.037290455011974
