0 0.23653686826843415 0.05714285714285714 0.11350455675227837 0.05098901098901099
0 0.3616404308202154 0.056263736263736264 0.1035625517812759 0.047472527472527476
0 0.2191383595691798 0.16835164835164834 0.14830157415078707 0.058021978021978025
0 0.21251035625517814 0.22373626373626374 0.11516155758077878 0.043076923076923075
0 0.34051367025683515 0.2235164835164835 0.10770505385252693 0.04879120879120879
0 0.39146644573322287 0.28395604395604396 0.1052195526097763 0.05274725274725275
0 0.5737365368682684 0.3342857142857143 0.12178956089478045 0.054945054945054944
0 0.4631317315658658 0.32571428571428573 0.08616404308202154 0.037802197802197804
0 0.2502071251035626 0.28505494505494505 0.164043082021541 0.05318681318681319
0 0.34258492129246065 0.34373626373626376 0.13504556752278377 0.05714285714285714
0 0.10853355426677713 0.11274725274725275 0.164043082021541 0.056703296703296706
0 0.7887323943661971 0.8753846153846154 0.14581607290803644 0.0734065934065934
0 0.2605633802816901 0.10857142857142857 0.11681855840927921 0.055384615384615386
0 0.44449047224523613 0.10131868131868133 0.1251035625517813 0.05054945054945055
0 0.9096934548467275 0.09252747252747252 0.15741507870753935 0.05142857142857143
0 0.555923777961889 0.21494505494505495 0.22203811101905552 0.0632967032967033
0 0.48301574150787074 0.2793406593406593 0.06628003314001657 0.05582417582417582
0 0.6524440762220381 0.26373626373626374 0.23777961888980945 0.05714285714285714
0 0.08616404308202154 0.16285714285714287 0.1309030654515327 0.05758241758241758
0 0.0927920463960232 0.22131868131868132 0.11267605633802817 0.05758241758241758
0 0.11060480530240265 0.2896703296703297 0.11681855840927921 0.05714285714285714
0 0.09237779618889809 0.35384615384615387 0.1035625517812759 0.07560439560439561
0 0.21789560894780446 0.34835164835164834 0.1375310687655344 0.06461538461538462
0 0.7290803645401823 0.3202197802197802 0.1391880695940348 0.05846153846153846
0 0.8579121789560895 0.316043956043956 0.10853355426677713 0.05274725274725275
0 0.47265948632974314 0.4004395604395604 0.3951946975973488 0.08527472527472528
0 0.7423363711681856 0.3920879120879121 0.14415907207953604 0.07296703296703297
0 0.8587406793703397 0.38835164835164837 0.07870753935376967 0.07076923076923076
0 0.12427506213753108 0.4705494505494506 0.14415907207953604 0.04527472527472527
0 0.10646230323115162 0.5279120879120879 0.10853355426677713 0.05978021978021978
0 0.21996685998343 0.5213186813186813 0.11516155758077878 0.04923076923076923
0 0.1267605633802817 0.5879120879120879 0.1491300745650373 0.06461538461538462
0 0.25849212924606463 0.5775824175824176 0.11930405965202982 0.04923076923076923
0 0.37033968516984256 0.5782417582417583 0.1043910521955261 0.05758241758241758
0 0.4664457332228666 0.5740659340659341 0.08782104391052195 0.0589010989010989
0 0.5903065451532725 0.5685714285714286 0.12344656172328086 0.06461538461538462
0 0.7025683512841756 0.567032967032967 0.11930405965202982 0.06241758241758242
0 0.7953603976801988 0.5624175824175824 0.08285004142502071 0.05846153846153846
0 0.10231980115990058 0.6505494505494506 0.10687655343827672 0.0632967032967033
0 0.1052195526097763 0.7098901098901099 0.10936205468102735 0.06065934065934066
0 0.09817729908864954 0.7676923076923077 0.12013256006628004 0.06021978021978022
0 0.09734879867439934 0.8265934065934066 0.12178956089478045 0.054945054945054944
0 0.20505385252692626 0.7657142857142857 0.10190555095277548 0.05714285714285714
0 0.20215410107705054 0.827032967032967 0.08450704225352113 0.05406593406593407
0 0.2191383595691798 0.7057142857142857 0.11847555923777962 0.04967032967032967
0 0.21623860811930407 0.6432967032967033 0.12096106048053024 0.04879120879120879
0 0.5248550124275062 0.6314285714285715 0.11681855840927921 0.06461538461538462
0 0.33305716652858325 0.6435164835164835 0.11267605633802817 0.06857142857142857
0 0.4258492129246065 0.6329670329670329 0.0695940347970174 0.05010989010989011
0 0.6876553438276719 0.6235164835164835 0.15244407622203812 0.0610989010989011
0 0.8285004142502072 0.6248351648351649 0.12261806130903065 0.0698901098901099
0 0.3471416735708368 0.7041758241758241 0.14084507042253522 0.0589010989010989
0 0.30861640430820214 0.7630769230769231 0.1052195526097763 0.0589010989010989
0 0.4167357083678542 0.7602197802197802 0.11101905550952776 0.0610989010989011
0 0.4254349627174814 0.8789010989010989 0.34217067108533555 0.07692307692307693
0 0.655758077879039 0.8764835164835165 0.13338856669428334 0.07384615384615385
0 0.9067937033968517 0.8753846153846154 0.1052195526097763 0.0698901098901099
0 0.09942004971002485 0.9391208791208792 0.15410107705053852 0.05582417582417582
0 0.2618061309030654 0.9413186813186813 0.1391880695940348 0.05758241758241758
0 0.4884009942004971 0.9432967032967033 0.2311516155758078 0.05978021978021978
0 0.679784589892295 0.9406593406593406 0.13670256835128416 0.0589010989010989
0 0.8338856669428335 0.9378021978021978 0.14498757249378624 0.05054945054945055
0 0.11309030654515327 0.056263736263736264 0.12344656172328086 0.05274725274725275
0 0.5596520298260149 0.15912087912087913 0.17812758906379453 0.04659340659340659
0 0.7808616404308202 0.1545054945054945 0.2792046396023198 0.05934065934065934
0 0.9486329743164872 0.15274725274725276 0.0695940347970174 0.06285714285714286
0 0.4730737365368683 0.054945054945054944 0.03811101905550953 0.029010989010989013
0 0.4892294946147473 0.05032967032967033 0.14333057166528584 0.04791208791208791
0 0.7112676056338029 0.047692307692307694 0.22949461474730737 0.05318681318681319
0 0.90016570008285 0.04901098901098901 0.15492957746478872 0.036483516483516484
0 0.3131731565865783 0.17692307692307693 0.04473902236951118 0.03120879120879121
0 0.3367854183927092 0.5197802197802198 0.13173156586578294 0.054945054945054944
0 0.463960231980116 0.5147252747252747 0.09113504556752279 0.05010989010989011
0 0.260149130074565 0.4674725274725275 0.115990057995029 0.05582417582417582
0 0.4096934548467274 0.46615384615384614 0.11516155758077878 0.05318681318681319
0 0.5617232808616405 0.45604395604395603 0.17895608947804473 0.056703296703296706
0 0.7257663628831814 0.45384615384615384 0.14084507042253522 0.05846153846153846
0 0.8852526926263463 0.44945054945054946 0.1615575807787904 0.06461538461538462
0 0.9813587406793703 0.44153846153846155 0.03231151615575808 0.05142857142857143
0 0.2866611433305717 0.8167032967032967 0.0579950289975145 0.045714285714285714
0 0.5546810273405137 0.6958241758241758 0.11184755592377796 0.06153846153846154
0 0.6996685998343 0.6916483516483517 0.18475559237779618 0.06637362637362637
0 0.851698425849213 0.685054945054945 0.1060480530240265 0.06021978021978022
0 0.9552609776304888 0.6762637362637363 0.08450704225352113 0.05582417582417582
0 0.8645401822700911 0.7413186813186813 0.22618061309030654 0.06373626373626373
0 0.35791217895608946 0.8147252747252747 0.0695940347970174 0.04879120879120879
0 0.44697597348798673 0.8087912087912088 0.12013256006628004 0.06857142857142857
0 0.6528583264291632 0.8061538461538461 0.2916321458160729 0.06593406593406594
0 0.8947804473902237 0.803076923076923 0.2071251035625518 0.05978021978021978
0 0.9573322286661143 0.6175824175824176 0.0936205468102734 0.0589010989010989
0 0.9138359569179785 0.5597802197802197 0.15410107705053852 0.054945054945054944
0 0.7456503728251864 0.2098901098901099 0.16901408450704225 0.05142857142857143
0 0.9076222038111019 0.2123076923076923 0.1516155758077879 0.05186813186813187
0 0.8140016570008285 0.2654945054945055 0.1035625517812759 0.05010989010989011
0 0.9312344656172328 0.26395604395604394 0.11101905550952776 0.04967032967032967
0 0.9486329743164872 0.318021978021978 0.08616404308202154 0.056703296703296706
0 0.5555095277547639 0.512087912087912 0.09527754763877382 0.05186813186813187
0 0.6876553438276719 0.5094505494505495 0.15244407622203812 0.055384615384615386
0 0.8289146644573322 0.5048351648351649 0.1383595691797846 0.056703296703296706
0 0.9444904722452361 0.5030769230769231 0.07953603976801989 0.05758241758241758
0 0.9324772162386081 0.38593406593406593 0.07042253521126761 0.06593406593406594
0 0.9531897265948633 0.9263736263736264 0.04888152444076222 0.04967032967032967
