0 0.12828947368421054 0.1068007662835249 0.11403508771929824 0.13505747126436782
0 0.12828947368421054 0.375 0.14473684210526316 0.13505747126436782
0 0.37335526315789475 0.3668582375478927 0.16337719298245615 0.13026819923371646
0 0.5542763157894737 0.23515325670498086 0.14144736842105263 0.14080459770114942
0 0.16666666666666666 0.8563218390804598 0.23464912280701755 0.11685823754789272
0 0.6655701754385965 0.6968390804597702 0.10307017543859649 0.12931034482758622
0 0.34375 0.8587164750957854 0.13486842105263158 0.11206896551724138
0 0.24396929824561403 0.37212643678160917 0.10416666666666667 0.1446360153256705
0 0.5367324561403509 0.36015325670498083 0.15460526315789475 0.1206896551724138
0 0.15899122807017543 0.23227969348659003 0.21929824561403508 0.11781609195402298
0 0.37993421052631576 0.23084291187739464 0.20723684210526316 0.1417624521072797
0 0.3157894736842105 0.10057471264367816 0.20175438596491227 0.12260536398467432
0 0.7280701754385965 0.23371647509578544 0.11403508771929824 0.1206896551724138
0 0.9177631578947368 0.23419540229885058 0.1337719298245614 0.11781609195402298
0 0.8695175438596491 0.1039272030651341 0.15570175438596492 0.11590038314176246
0 0.6392543859649122 0.8486590038314177 0.13157894736842105 0.13026819923371646
0 0.49780701754385964 0.8486590038314177 0.18640350877192982 0.13793103448275862
0 0.8289473684210527 0.7021072796934866 0.22807017543859648 0.1532567049808429
0 0.506578947368421 0.6977969348659003 0.23026315789473684 0.13122605363984674
0 0.31085526315789475 0.7174329501915708 0.16337719298245615 0.12643678160919541
0 0.862390350877193 0.4583333333333333 0.22478070175438597 0.11781609195402298
0 0.7165570175438597 0.3448275862068966 0.22478070175438597 0.11877394636015326
0 0.7757675438596491 0.853448275862069 0.16557017543859648 0.1532567049808429
0 0.8114035087719298 0.22653256704980843 0.05482456140350877 0.12931034482758622
0 0.8941885964912281 0.34770114942528735 0.14364035087719298 0.11302681992337164
0 0.6650219298245614 0.4521072796934866 0.17434210526315788 0.11685823754789272
0 0.18530701754385964 0.60727969348659 0.2850877192982456 0.12835249042145594
0 0.42543859649122806 0.5909961685823755 0.17324561403508773 0.12643678160919541
0 0.6085526315789473 0.5775862068965517 0.19736842105263158 0.11494252873563218
0 0.8103070175438597 0.5756704980842912 0.2236842105263158 0.10727969348659004
0 0.13925438596491227 0.7346743295019157 0.17982456140350878 0.12643678160919541
0 0.9155701754385965 0.8433908045977011 0.11842105263157894 0.11206896551724138
