0 0.17668269230769232 0.08641304347826087 0.22596153846153846 0.10543478260869565
0 0.13161057692307693 0.32119565217391305 0.17427884615384615 0.12717391304347825
0 0.31971153846153844 0.32663043478260867 0.15865384615384615 0.14456521739130435
0 0.6286057692307693 0.34945652173913044 0.37740384615384615 0.1423913043478261
0 0.6610576923076923 0.06956521739130435 0.3125 0.10869565217391304
0 0.7331730769230769 0.7701086956521739 0.31490384615384615 0.15543478260869564
0 0.20673076923076922 0.7820652173913043 0.3798076923076923 0.14891304347826087
0 0.31490384615384615 0.4657608695652174 0.1658653846153846 0.1423913043478261
0 0.1328125 0.45869565217391306 0.19831730769230768 0.15
0 0.5450721153846154 0.4673913043478261 0.28966346153846156 0.15
0 0.8401442307692307 0.4706521739130435 0.31490384615384615 0.15
0 0.22596153846153846 0.18967391304347825 0.3798076923076923 0.12934782608695652
0 0.5643028846153846 0.6244565217391305 0.15264423076923078 0.14673913043478262
0 0.8040865384615384 0.6190217391304348 0.3245192307692308 0.1532608695652174
0 0.7980769230769231 0.9027173913043478 0.30288461538461536 0.14456521739130435
0 0.4717548076923077 0.9054347826086957 0.265625 0.11521739130434783
0 0.3551682692307692 0.628804347826087 0.2536057692307692 0.175
0 0.1201923076923077 0.621195652173913 0.21394230769230768 0.17717391304347826
0 0.5120192307692307 0.20543478260869566 0.19951923076923078 0.14565217391304347
0 0.17067307692307693 0.9125 0.28365384615384615 0.12282608695652174
