0 0.19179784589892296 0.04197802197802198 0.11019055509527755 0.05406593406593407
0 0.3144159072079536 0.03208791208791209 0.13173156586578294 0.047472527472527476
0 0.4295774647887324 0.03142857142857143 0.1052195526097763 0.05318681318681319
0 0.5405965202982601 0.08373626373626374 0.09527754763877382 0.05406593406593407
0 0.43247721623860813 0.1978021978021978 0.10770505385252693 0.06153846153846154
0 0.20505385252692626 0.2 0.1516155758077879 0.055384615384615386
0 0.3508699254349627 0.2518681318681319 0.1267605633802817 0.058021978021978025
0 0.2087821043910522 0.25648351648351647 0.14415907207953604 0.05758241758241758
0 0.6060480530240265 0.1920879120879121 0.21623860811930407 0.06505494505494505
0 0.6230323115161558 0.028131868131868132 0.26843413421706713 0.05274725274725275
0 0.8206296603148302 0.03208791208791209 0.1300745650372825 0.04483516483516484
0 0.29494614747307374 0.0876923076923077 0.13587406793703397 0.04967032967032967
0 0.8695111847555924 0.0865934065934066 0.21292460646230324 0.06153846153846154
0 0.07497928748964375 0.04813186813186813 0.11350455675227837 0.06285714285714286
0 0.07497928748964375 0.10615384615384615 0.12344656172328086 0.056703296703296706
0 0.07415078707539353 0.15956043956043955 0.1300745650372825 0.05978021978021978
0 0.06379453189726594 0.21318681318681318 0.12096106048053024 0.05978021978021978
0 0.07787903893951947 0.2676923076923077 0.11433305716652858 0.06681318681318682
0 0.07953603976801989 0.38153846153846155 0.0811930405965203 0.05274725274725275
0 0.31855840927920465 0.3742857142857143 0.24606462303231152 0.06285714285714286
0 0.6636288318144159 0.35956043956043954 0.19221209610604806 0.0589010989010989
0 0.8492129246064622 0.3626373626373626 0.15244407622203812 0.05098901098901099
0 0.6524440762220381 0.24703296703296704 0.15824357912178957 0.05186813186813187
0 0.4768019884009942 0.4487912087912088 0.47970173985086995 0.10813186813186813
0 0.7850041425020713 0.4347252747252747 0.10024855012427507 0.08791208791208792
0 0.5629660314830157 0.3 0.4084507042253521 0.06373626373626373
0 0.6230323115161558 0.1345054945054945 0.15575807787903895 0.05010989010989011
0 0.8057166528583264 0.24967032967032968 0.15658657829328915 0.05714285714285714
0 0.771748135874068 0.1978021978021978 0.11516155758077878 0.05098901098901099
0 0.8736536868268434 0.20285714285714285 0.1035625517812759 0.056703296703296706
0 0.2659486329743165 0.14 0.11101905550952776 0.05054945054945055
0 0.3753106876553438 0.13846153846153847 0.11101905550952776 0.053626373626373625
0 0.48094449047224525 0.13648351648351648 0.1052195526097763 0.06373626373626373
0 0.6358740679370339 0.6389010989010989 0.22783761391880697 0.05758241758241758
0 0.8214581607290804 0.6364835164835165 0.1499585749792875 0.056263736263736264
0 0.9113504556752279 0.6828571428571428 0.15410107705053852 0.06285714285714286
0 0.7634631317315659 0.12989010989010988 0.12841756420878211 0.06637362637362637
0 0.8914664457332229 0.1457142857142857 0.13256006628003314 0.07164835164835165
0 0.9221209610604806 0.04043956043956044 0.10936205468102735 0.047472527472527476
0 0.6027340513670257 0.5848351648351648 0.16487158243579123 0.054945054945054944
0 0.7352941176470589 0.5863736263736263 0.11350455675227837 0.05186813186813187
0 0.9523612261806131 0.6241758241758242 0.07373653686826843 0.0589010989010989
0 0.7945318972659486 0.843956043956044 0.10936205468102735 0.07384615384615385
0 0.8869096934548467 0.8340659340659341 0.09030654515327258 0.0698901098901099
0 0.6702568351284176 0.838021978021978 0.1391880695940348 0.06197802197802198
0 0.9531897265948633 0.8296703296703297 0.07373653686826843 0.08307692307692308
0 0.7510356255178128 0.9125274725274726 0.09030654515327258 0.0589010989010989
0 0.9043082021541011 0.9054945054945055 0.15990057995028997 0.07296703296703297
0 0.6665285832642917 0.9173626373626373 0.0936205468102734 0.05274725274725275
0 0.5828500414250207 0.9204395604395604 0.07705053852526926 0.05274725274725275
0 0.44614747307373653 0.9230769230769231 0.188069594034797 0.05978021978021978
0 0.28376139188069593 0.9228571428571428 0.14498757249378624 0.05406593406593407
0 0.263877381938691 0.9659340659340659 0.20298260149130073 0.04
0 0.49295774647887325 0.24747252747252746 0.13587406793703397 0.04923076923076923
0 0.9490472245236122 0.25934065934065936 0.09859154929577464 0.056263736263736264
0 0.8164871582435791 0.3035164835164835 0.12344656172328086 0.06461538461538462
0 0.9328914664457332 0.31076923076923074 0.07290803645401822 0.06681318681318682
0 0.956089478044739 0.3617582417582418 0.048053024026512015 0.045714285714285714
0 0.727837613918807 0.5224175824175824 0.17149958574979288 0.06461538461538462
0 0.6172328086164043 0.6958241758241758 0.1043910521955261 0.06241758241758242
0 0.7323943661971831 0.6861538461538461 0.12427506213753108 0.06065934065934066
0 0.8115161557580779 0.7450549450549451 0.19635459817729908 0.06681318681318682
0 0.9540182270091135 0.7283516483516483 0.08367854183927093 0.04835164835164835
0 0.44449047224523613 0.9685714285714285 0.15824357912178957 0.03736263736263736
0 0.8951946975973488 0.9523076923076923 0.08036454018227009 0.04087912087912088
0 0.14167357083678542 0.9210989010989011 0.13421706710853357 0.05054945054945055
0 0.8421706710853355 0.5837362637362637 0.1052195526097763 0.05186813186813187
