0 0.10318142734307825 0.0475417439703154 0.16852966466036112 0.05983302411873841
0 0.29191745485812554 0.054962894248608535 0.22785898538263114 0.060760667903525044
0 0.5232158211521926 0.05009276437847866 0.20206362854686155 0.05287569573283859
0 0.11006018916595013 0.237012987012987 0.12209802235597593 0.05380333951762523
0 0.24290627687016336 0.23794063079777367 0.15563198624247634 0.06215213358070501
0 0.39552880481513325 0.23098330241187384 0.1530524505588994 0.06215213358070501
0 0.5391229578675838 0.22657699443413729 0.14789337919174547 0.05705009276437848
0 0.23172828890799657 0.2949907235621521 0.37403267411865865 0.06771799628942486
0 0.5111779879621668 0.28339517625231914 0.17454858125537404 0.05473098330241188
0 0.1461736887360275 0.4007421150278293 0.1994840928632846 0.0640074211502783
0 0.500859845227859 0.38705936920222633 0.21066208082545143 0.06168831168831169
0 0.13241616509028376 0.49907235621521334 0.1943250214961307 0.05473098330241188
0 0.3134135855546002 0.4937384044526902 0.2055030094582975 0.07189239332096475
0 0.08942390369733448 0.6157235621521335 0.07222699914015478 0.0728200371057514
0 0.20421324161650903 0.6020408163265306 0.15391229578675839 0.06307977736549165
0 0.4105760963026655 0.5925324675324676 0.236457437661221 0.05612244897959184
0 0.5799656061908857 0.588126159554731 0.13155631986242478 0.06493506493506493
0 0.1294067067927773 0.74860853432282 0.14875322441960448 0.06493506493506493
0 0.29105760963026656 0.7460575139146568 0.1831470335339639 0.07560296846011132
0 0.4690455717970765 0.10876623376623376 0.33276010318142735 0.05983302411873841
0 0.16466036113499571 0.17068645640074212 0.2622527944969905 0.07050092764378478
0 0.5128976784178848 0.16697588126159554 0.2794496990541703 0.05844155844155844
0 0.12639724849527084 0.8302411873840445 0.17540842648323302 0.059369202226345084
0 0.3177128116938951 0.8228200371057514 0.2123817712811694 0.06771799628942486
0 0.5386930352536543 0.8167903525046383 0.23989681857265693 0.07699443413729128
0 0.20937231298366293 0.9081632653061225 0.351676698194325 0.08256029684601113
0 0.5434221840068788 0.9076994434137291 0.25623387790197766 0.07977736549165121
0 0.49742046431642306 0.5433673469387755 0.30180567497850386 0.050556586270871985
0 0.49183147033533964 0.637291280148423 0.3422184006878762 0.05194805194805195
0 0.46775580395528804 0.6822820037105751 0.2871883061049011 0.05009276437847866
