0 0.14682539682539683 0.09322033898305085 0.1689342403628118 0.17372881355932204
0 0.36848072562358275 0.11652542372881355 0.21315192743764172 0.22033898305084745
0 0.6315192743764172 0.1271186440677966 0.3333333333333333 0.21398305084745764
0 0.13378684807256236 0.6159957627118644 0.17006802721088435 0.1641949152542373
0 0.16439909297052155 0.7897245762711864 0.26303854875283444 0.1917372881355932
0 0.4189342403628118 0.6504237288135594 0.37528344671201813 0.1673728813559322
0 0.3956916099773243 0.8034957627118644 0.17687074829931973 0.15995762711864406
0 0.703514739229025 0.9332627118644068 0.24149659863945577 0.1228813559322034
0 0.45861678004535145 0.944385593220339 0.2256235827664399 0.11758474576271187
0 0.2585034013605442 0.9295550847457628 0.1564625850340136 0.13665254237288135
0 0.6094104308390023 0.805614406779661 0.264172335600907 0.17478813559322035
0 0.8441043083900227 0.8029661016949152 0.23242630385487528 0.17584745762711865
