0 0.1506524317912218 0.7117834394904459 0.16844602609727166 0.2070063694267516
0 0.4679715302491103 0.1332271762208068 0.2597864768683274 0.1326963906581741
0 0.3973902728351127 0.7234607218683652 0.17319098457888493 0.1751592356687898
0 0.7408066429418743 0.6884288747346072 0.4068801897983393 0.19851380042462846
0 0.2147093712930012 0.15445859872611464 0.25622775800711745 0.15180467091295116
0 0.7698695136417556 0.14171974522292993 0.3250296559905101 0.2091295116772824
0 0.5148279952550415 0.2903397027600849 0.28944246737841045 0.18789808917197454
0 0.7799525504151839 0.27441613588110403 0.17200474495848161 0.19851380042462846
0 0.19098457888493475 0.8710191082802548 0.2040332147093713 0.1475583864118896
0 0.49466192170818507 0.8466029723991507 0.34400948991696323 0.1326963906581741
0 0.8362989323843416 0.7871549893842887 0.265717674970344 0.18577494692144372
0 0.4258600237247924 0.947452229299363 0.1542111506524318 0.09660297239915075
0 0.6014234875444839 0.9389596602972399 0.1423487544483986 0.1029723991507431
