0 0.18292682926829268 0.3863841298467087 0.23373983739837398 0.14697926059513075
0 0.3709349593495935 0.38818755635707847 0.1402439024390244 0.16681695220919748
0 0.5574186991869918 0.3602344454463481 0.23678861788617886 0.14156898106402163
0 0.7657520325203252 0.3606853020739405 0.14735772357723578 0.1532912533814247
0 0.9095528455284553 0.36564472497745715 0.1483739837398374 0.13976555455365194
0 0.19359756097560976 0.6045987376014428 0.24288617886178862 0.14156898106402163
0 0.47103658536585363 0.6131650135256989 0.2815040650406504 0.12082957619477007
0 0.6875 0.6082055906221822 0.15548780487804878 0.13435527502254282
0 0.8307926829268293 0.6212804328223624 0.13719512195121952 0.11902614968440037
0 0.08485772357723577 0.7339945897204689 0.07621951219512195 0.09918845807033363
0 0.32113821138211385 0.7403065825067628 0.26422764227642276 0.12263300270513977
0 0.07876016260162602 0.8444544634806131 0.09044715447154472 0.10009017132551848
0 0.3084349593495935 0.8476104598737602 0.19613821138211382 0.11361587015329125
0 0.5721544715447154 0.8512173128944995 0.2540650406504065 0.11361587015329125
0 0.8226626016260162 0.8494138863841298 0.24695121951219512 0.11722272317403065
0 0.5675813008130082 0.7376014427412083 0.28353658536585363 0.12082957619477007
0 0.8104674796747967 0.7348963029756538 0.15955284552845528 0.10459873760144274
0 0.3155487804878049 0.9499549143372408 0.2815040650406504 0.10009017132551848
0 0.13058943089430894 0.23399458972046888 0.19410569105691056 0.15238954012623984
0 0.32164634146341464 0.23399458972046888 0.18800813008130082 0.14156898106402163
0 0.491869918699187 0.22678088367899008 0.1443089430894309 0.13796212804328223
0 0.665650406504065 0.21776375112714158 0.2032520325203252 0.12533814247069433
0 0.8490853658536586 0.22137060414788098 0.15955284552845528 0.13255184851217314
0 0.5503048780487805 0.4950405770964833 0.2916666666666667 0.12263300270513977
0 0.7576219512195121 0.4833183047790803 0.11686991869918699 0.10459873760144274
0 0.904979674796748 0.5040577096483319 0.15752032520325204 0.11902614968440037
0 0.06046747967479675 0.9427412082957619 0.0782520325203252 0.09287646528403967
0 0.24085365853658536 0.08836789900811542 0.35365853658536583 0.12623985572587917
0 0.5259146341463414 0.9314697926059513 0.10467479674796748 0.04869251577998197
0 0.6788617886178862 0.9377817853922452 0.4634146341463415 0.09918845807033363
0 0.9369918699186992 0.6266907123534716 0.08130081300813008 0.11902614968440037
