0 0.46635182998819363 0.10703363914373089 0.18181818181818182 0.1529051987767584
0 0.8429752066115702 0.11569826707441386 0.24321133412042503 0.13557594291539246
0 0.2650531286894923 0.11518858307849134 0.08618654073199528 0.11416921508664628
0 0.12160566706021252 0.29408766564729866 0.179456906729634 0.2069317023445464
0 0.6729634002361276 0.7900101936799184 0.2550177095631641 0.19775739041794088
0 0.10743801652892562 0.10805300713557595 0.14167650531286896 0.10601427115188583
0 0.36363636363636365 0.28287461773700306 0.20070838252656434 0.16411824668705402
0 0.43034238488783944 0.7803261977573904 0.21841794569067297 0.18246687054026503
0 0.8860684769775679 0.7945973496432212 0.1782762691853601 0.18246687054026503
0 0.6033057851239669 0.2823649337410805 0.2668240850059032 0.1692150866462793
0 0.8577331759149941 0.27675840978593275 0.26564344746162927 0.17227319062181448
0 0.679456906729634 0.4378185524974516 0.2632821723730815 0.127420998980632
0 0.8807556080283353 0.4347604485219164 0.16056670602125148 0.1600407747196738
0 0.34061393152302244 0.5703363914373089 0.6340023612750886 0.23139653414882771
0 0.7408500590318772 0.591743119266055 0.15230224321133412 0.1396534148827727
0 0.8955135773317592 0.6100917431192661 0.1617473435655254 0.18246687054026503
0 0.1729634002361275 0.7686034658511722 0.2089728453364817 0.17940876656472987
