0 0.13662374821173104 0.2708628005657709 0.2017167381974249 0.21923620933521923
0 0.3626609442060086 0.20084865629420084 0.26180257510729615 0.2036775106082037
0 0.8469241773962805 0.19801980198019803 0.18025751072961374 0.2347949080622348
0 0.6080114449213162 0.1966053748231966 0.24320457796852646 0.24045261669024046
0 0.10658082975679542 0.4837340876944837 0.20743919885550788 0.19236209335219237
0 0.45493562231759654 0.44695898161244696 0.4892703862660944 0.23196605374823195
0 0.2017167381974249 0.8026874115983027 0.3032904148783977 0.2079207920792079
0 0.5164520743919886 0.8373408769448374 0.3376251788268956 0.22065063649222066
0 0.8340486409155937 0.8352192362093352 0.24892703862660945 0.2248939179632249
0 0.7975679542203148 0.6407355021216408 0.3590844062947067 0.18387553041018387
0 0.48497854077253216 0.6407355021216408 0.2718168812589413 0.18387553041018387
0 0.7889842632331903 0.4596888260254597 0.18454935622317598 0.16973125884016974
0 0.9406294706723891 0.4603960396039604 0.12446351931330472 0.20226308345120225
