0 0.41045548654244307 0.10609357997823722 0.3281573498964803 0.18607181719260066
0 0.6780538302277432 0.1088139281828074 0.2070393374741201 0.1632208922742111
0 0.8762939958592133 0.14363438520130578 0.18530020703933747 0.2045701849836779
0 0.837991718426501 0.809575625680087 0.21428571428571427 0.1305767138193689
0 0.6666666666666666 0.8427638737758433 0.11801242236024845 0.16213275299238303
0 0.40320910973084884 0.6784548422198041 0.21842650103519667 0.15560391730141457
0 0.14285714285714285 0.10990206746463548 0.17184265010351968 0.176278563656148
0 0.16718426501035197 0.6985854189336235 0.2308488612836439 0.12187159956474429
0 0.4440993788819876 0.8634385201305768 0.3084886128364389 0.1795429815016322
0 0.17184265010351968 0.8460282916213275 0.22981366459627328 0.15560391730141457
0 0.827639751552795 0.6528835690968444 0.3053830227743271 0.18280739934711643
0 0.5952380952380952 0.6773667029379761 0.17184265010351968 0.16213275299238303
