0 0.20909090909090908 0.11657414750198256 0.17703349282296652 0.1379857256145916
0 0.16363636363636364 0.23909595559080096 0.10143540669856459 0.08961141950832673
0 0.21148325358851675 0.35884218873909596 0.16076555023923444 0.10547184773988898
0 0.20382775119617225 0.4881046788263283 0.14545454545454545 0.10864393338620143
0 0.20191387559808613 0.6280729579698652 0.14545454545454545 0.13639968279143536
0 0.20239234449760765 0.7712133227597145 0.17894736842105263 0.10864393338620143
0 0.5511961722488038 0.10626486915146709 0.33301435406698565 0.1379857256145916
0 0.5454545454545454 0.253766851704996 0.3043062200956938 0.12212529738302934
0 0.5430622009569378 0.38461538461538464 0.29569377990430623 0.11895321173671689
0 0.539712918660287 0.5162569389373514 0.2889952153110048 0.13957176843774782
0 0.7373205741626794 0.7735923869944489 0.22679425837320574 0.13402061855670103
0 0.48564593301435405 0.7823156225218081 0.22488038277511962 0.14988104678826328
0 0.8483253588516746 0.1098334655035686 0.24784688995215312 0.1134020618556701
0 0.8593301435406698 0.49603489294210945 0.24497607655502393 0.10388580491673276
0 0.5172248803827751 0.6395717684377478 0.28038277511961723 0.14829500396510706
0 0.7842105263157895 0.6391752577319587 0.27464114832535885 0.13481363996827914
0 0.8004784688995216 0.37628865979381443 0.20191387559808613 0.12291831879460745
0 0.7990430622009569 0.2549563838223632 0.21244019138755982 0.12767644726407612
0 0.9430622009569378 0.3858049167327518 0.08325358851674641 0.10388580491673276
0 0.9382775119617225 0.7795400475812847 0.10813397129186603 0.16019032513877876
0 0.9488038277511962 0.2616970658207772 0.07942583732057416 0.06502775574940524
