0 0.18281489036206017 0.2141063206362495 0.07292197858235594 0.0640435328589368
0 0.3271290158082611 0.20154876517371284 0.049464558898521166 0.059020510673922146
0 0.3266190719020908 0.2603599832565927 0.054563997960224375 0.05860192549183759
0 0.18281489036206017 0.27354541649225617 0.08924018357980622 0.058183340309753036
0 0.049209586945436 0.2756383424026789 0.07292197858235594 0.06739221431561322
0 0.06680265170831208 0.2074089577228966 0.11218765935747067 0.06739221431561322
0 0.07802141764405915 0.3627040602762662 0.12850586435492095 0.058183340309753036
0 0.07700152983171851 0.6402260359983256 0.11422743498215196 0.06320636249476769
0 0.17006629270780213 0.6297614064462118 0.07394186639469659 0.06571787358727502
0 0.282508924018358 0.6230640435328589 0.12442631310555839 0.06990372540812055
0 0.05966343702192759 0.6988279614901632 0.09382967873533911 0.05567182921724571
0 0.12697603263641 0.693386354123064 0.04895461499235084 0.056508999581414816
0 0.19964303926568078 0.689619087484303 0.09637939826619071 0.06236919213059858
0 0.30622131565527794 0.6816659690246966 0.10147883732789394 0.06571787358727502
0 0.05838857725650178 0.7557555462536626 0.0790413054563998 0.058183340309753036
0 0.12060173380928098 0.7528254499790707 0.051504334523202445 0.059020510673922146
0 0.18791432942376338 0.7496860611134366 0.0912799592044875 0.06195060694851402
0 0.26695563488016316 0.7448723315194642 0.07088220295767465 0.059020510673922146
0 0.33120856705762364 0.7402678945165341 0.06170321264660887 0.05985768103809125
0 0.07113717491075981 0.14985349518627042 0.1198368179500255 0.04855588112180829
