0 0.0249895002099958 0.10610225398570643 0.04493910121797564 0.032435404068169325
0 0.07307853842923141 0.10555250137438153 0.05123897522049559 0.03188565145684442
0 0.11381772364552709 0.10568993952721276 0.036959260814783707 0.029961517317207257
0 0.15581688366232677 0.10472787245739418 0.054598908021839566 0.03188565145684442
0 0.21293574128517428 0.10184167124793843 0.057118857622847546 0.03326003298515668
0 0.2721545569088618 0.10046728971962617 0.061318773624527506 0.03326003298515668
0 0.3236035279294414 0.09881803188565146 0.046619067618647626 0.03161077515118197
0 0.36728265434691304 0.09881803188565146 0.05333893322133557 0.03326003298515668
0 0.44498110037799243 0.09978009895547003 0.06845863082738345 0.03188565145684442
0 0.5193196136077278 0.09923034634414514 0.08609827803443931 0.032435404068169325
0 0.6150776984460311 0.09813084112149532 0.06845863082738345 0.034634414513468936
0 0.02246955060898782 0.17976910390324355 0.03485930281394372 0.034084661902144035
0 0.06446871062578749 0.1796316657504123 0.054178916421671566 0.03380978559648158
0 0.10562788744225116 0.1805937328202309 0.03485930281394372 0.04178119846069269
0 0.14741705165896682 0.18086860912589334 0.05123897522049559 0.04123144584936778
0 0.20705585888282235 0.17619571192963165 0.06887862242755145 0.03628367234744365
0 0.2742545149097018 0.17509620670698187 0.06803863922721545 0.036833424958768554
0 0.3500629987400252 0.17399670148433205 0.09029819403611927 0.03903243540406817
0 0.4153716925661487 0.1742715777899945 0.04871902561948761 0.037383177570093455
0 0.4685006299874003 0.17289719626168223 0.05837883242335153 0.037383177570093455
0 0.5241495170096598 0.17358438702583837 0.05375892482150357 0.03985706432105553
0 0.026669466610667786 0.30799890049477735 0.0373792524149517 0.028312259483232547
0 0.06719865602687947 0.3060747663551402 0.04367912641747165 0.03051126992853216
0 0.10331793364132717 0.30593732820230896 0.034439311213775727 0.03188565145684442
0 0.13943721125577488 0.3052501374381528 0.041999160016799666 0.03161077515118197
0 0.03338933221335573 0.22636063771302914 0.0499790004199916 0.03820780648708082
0 0.0875682486350273 0.22910940076965366 0.061738765224695506 0.03545904343045629
0 0.13166736665266696 0.22869708631115998 0.03317933641327173 0.028587135788894998
0 0.17975640487190256 0.22677295217152282 0.0621587568248635 0.030786146234194612
0 0.040109197816043676 0.2636063771302914 0.06425871482570349 0.034634414513468936
0 0.09386812263754725 0.2642935678944475 0.044099118017639646 0.03216052776250687
0 0.1497270054598908 0.2605827377680044 0.06677866442671146 0.033534909290819134
0 0.2123057538849223 0.2589334799340297 0.06089878202435951 0.03793293018141836
0 0.2643847123057539 0.2570093457943925 0.04829903401931961 0.037383177570093455
0 0.31856362872742544 0.25508521165475534 0.06845863082738345 0.035184167124793844
0 0.3868122637547249 0.2537108301264431 0.07727845443091139 0.030236393622869707
0 0.45800083998320035 0.2538482682792743 0.07181856362872742 0.031061022539857066
0 0.5470390592188156 0.2541231445849368 0.059218815623687526 0.03545904343045629
0 0.6587568248635027 0.25343595382078066 0.07853842923141537 0.03188565145684442
0 0.7194456110877783 0.25137438152831226 0.04115917681646367 0.03161077515118197
0 0.7750944981100378 0.3183067619571193 0.034019319613607726 0.028037383177570093
0 0.7631247375052499 0.3479934029686641 0.034439311213775727 0.035733919736118745
0 0.7624947501049979 0.3772677295217152 0.034019319613607726 0.028862012094557448
0 0.040109197816043676 0.13757559098405717 0.06089878202435951 0.028862012094557448
0 0.10163796724065519 0.1334524463991204 0.061318773624527506 0.029961517317207257
0 0.1616967660646787 0.13015393073117099 0.06803863922721545 0.03326003298515668
0 0.03233935321293574 0.49656404617921934 0.039479210415791686 0.02446399120395822
0 0.07286854262914742 0.4940901594282573 0.044099118017639646 0.03051126992853216
0 0.10562788744225116 0.49505222649807584 0.02981940361192776 0.030236393622869707
0 0.13082738345233094 0.49450247388675095 0.03485930281394372 0.031335898845519516
0 0.03212935741285174 0.43045629466739965 0.03569928601427971 0.029136888400219902
0 0.07181856362872742 0.42784496976360636 0.04619907601847963 0.03435953820780649
0 0.10772784544309114 0.42866959868059373 0.02897942041159177 0.03271028037383177
0 0.14552708945821083 0.4267454645409566 0.051658966820663586 0.028862012094557448
0 0.1990760184796304 0.42399670148433205 0.05879882402351953 0.031061022539857066
0 0.022049559008819823 0.5595107201759209 0.039059218815623686 0.03051126992853216
0 0.05879882402351953 0.5540131940626718 0.03863922721545569 0.027212754260582738
0 0.10163796724065519 0.368609125893348 0.03107937841243175 0.031335898845519516
0 0.023309533809323813 0.6290544255085212 0.03485930281394372 0.028862012094557448
0 0.06110877782444351 0.6256184716877405 0.04493910121797564 0.03188565145684442
0 0.0986980260394792 0.6234194612424409 0.031919361612767747 0.026388125343595383
0 0.13586728265434692 0.6235568993952721 0.049139017219655606 0.03271028037383177
0 0.1868962620747585 0.6213578889499725 0.05543889122217556 0.031061022539857066
0 0.023099538009239817 0.6576415612974161 0.039479210415791686 0.029411764705882353
0 0.060268794624107516 0.6565420560747663 0.041579168416631666 0.03051126992853216
0 0.09743805123897523 0.6540681693238043 0.04115917681646367 0.028862012094557448
0 0.1375472490550189 0.6515942825728422 0.03821923561528769 0.029411764705882353
0 0.028349433011339773 0.7236118746564046 0.04745905081898362 0.03271028037383177
0 0.07097858042839143 0.7229246838922485 0.041999160016799666 0.032435404068169325
0 0.10499790004199916 0.7237493128092358 0.028559428811423773 0.034084661902144035
0 0.14153716925661486 0.7221000549752611 0.047039059218815626 0.030786146234194612
0 0.19676606467870641 0.7194887300714679 0.06341873162536749 0.03326003298515668
0 0.02267954640907182 0.8119846069268829 0.0377992440151197 0.033534909290819134
0 0.0619487610247795 0.8115722924683892 0.04745905081898362 0.03545904343045629
0 0.03128937421251575 0.8526663001649258 0.041579168416631666 0.029686641011544807
0 0.0747585048299034 0.8517042330951072 0.057118857622847546 0.03326003298515668
0 0.11780764384712306 0.8539032435404068 0.03569928601427971 0.03490929081913139
0 0.15728685426291475 0.8526663001649258 0.05501889962200756 0.031335898845519516
0 0.20579588408231836 0.8515667949422759 0.057118857622847546 0.02748763056624519
0 0.04367912641747165 0.8800164925783397 0.06887862242755145 0.026663001649257834
0 0.11045779084418311 0.8808411214953271 0.06971860562788744 0.031061022539857066
0 0.15770684586308273 0.8834524463991204 0.03233935321293574 0.029136888400219902
0 0.20432591348173038 0.879604178119846 0.05333893322133557 0.03188565145684442
0 0.25199496010079797 0.8812534359538208 0.052078958420831586 0.030236393622869707
0 0.2996640067198656 0.8805662451896646 0.05249895002099958 0.028862012094557448
0 0.22154556908861822 0.1308411214953271 0.05501889962200756 0.034634414513468936
0 0.2830743385132297 0.131390874106652 0.06719865602687947 0.030236393622869707
0 0.3542629147417052 0.13111599780098956 0.0734985300293994 0.032435404068169325
0 0.42272154556908864 0.1297416162726773 0.07517849643007139 0.032435404068169325
0 0.4857202855942881 0.12946673996701485 0.07181856362872742 0.032435404068169325
0 0.5514489710205795 0.1302913688840022 0.06551868962620748 0.029686641011544807
0 0.6146577068458631 0.1280923584387026 0.06005879882402352 0.031335898845519516
0 0.8070138597228056 0.8670973062122045 0.051658966820663586 0.03710830126443101
0 0.8605627887442251 0.8662726772952172 0.06047879042419151 0.0360087960417812
0 0.9040319193616128 0.8681968114348543 0.031499370012599746 0.040956569543705336
0 0.9445611087778244 0.8614623419461243 0.052078958420831586 0.02308960967564596
0 0.5768584628307434 0.8697086311159978 0.051658966820663586 0.036833424958768554
0 0.629357412851743 0.870395821880154 0.059218815623687526 0.03930731170973062
0 0.6917261654766904 0.8692963166575042 0.06887862242755145 0.03710830126443101
0 0.75577488450231 0.8697086311159978 0.06005879882402352 0.03793293018141836
0 0.34523309533809327 0.8786421110500275 0.04535909281814364 0.028862012094557448
0 0.3992020159596808 0.8791918636613524 0.06509869802603947 0.029411764705882353
0 0.45422091558168837 0.8780923584387026 0.056698866022679546 0.029961517317207257
0 0.5161696766064678 0.8709455744914788 0.07223855522889543 0.03710830126443101
0 0.26732465350692985 0.8486805937328202 0.07013859722805543 0.03271028037383177
0 0.33011339773204534 0.8484057174271578 0.06635867282654347 0.0365585486531061
0 0.38471230575388493 0.8463441451346894 0.04871902561948761 0.03793293018141836
0 0.4332213355732885 0.8446948873007146 0.051658966820663586 0.03793293018141836
0 0.4928601427971441 0.8364485981308412 0.05837883242335153 0.034634414513468936
0 0.5663586728265435 0.8363111599780099 0.08021839563208735 0.03216052776250687
0 0.6423771524569508 0.8326003298515668 0.06929861402771945 0.034634414513468936
0 0.7173456530869382 0.8335623969213853 0.09155816883662327 0.03271028037383177
0 0.8023939521209575 0.8321880153930731 0.07937841243175137 0.03710830126443101
0 0.9153716925661487 0.8275151181968114 0.06341873162536749 0.04150632215503024
0 0.9225115497690046 0.7860087960417812 0.07097858042839143 0.029411764705882353
0 0.8065938681226376 0.7937053326003298 0.04073918521629567 0.03930731170973062
0 0.7679546409071819 0.762781748213304 0.031499370012599746 0.028587135788894998
0 0.9134817303653927 0.7576965365585486 0.05795884082318354 0.026663001649257834
0 0.6816463670726586 0.7938427707531611 0.05543889122217556 0.04068169323804288
0 0.74842503149937 0.7952171522814734 0.07979840403191936 0.03958218801539307
0 0.6075178496430071 0.7616822429906542 0.05585888282234355 0.035733919736118745
0 0.6885762284754305 0.7615448048378229 0.09029819403611927 0.031061022539857066
0 0.4254514909701806 0.8053875755909841 0.08147837043259135 0.03793293018141836
0 0.49181016379672404 0.8018141836173722 0.05123897522049559 0.032985156679494226
0 0.5464090718185636 0.7985156679494227 0.05795884082318354 0.03628367234744365
0 0.6163376732465351 0.796866410115448 0.06845863082738345 0.035184167124793844
0 0.04031919361612768 0.779824079164376 0.06803863922721545 0.031335898845519516
0 0.09890802183956321 0.7788620120945574 0.06005879882402352 0.03326003298515668
0 0.10583788324233516 0.8118471687740517 0.04619907601847963 0.03490929081913139
0 0.16715665686686265 0.8108851017042331 0.07643847123057539 0.032985156679494226
0 0.2368752624947501 0.8097855964815833 0.06467870642587148 0.034634414513468936
0 0.29357412851742964 0.8060747663551402 0.05795884082318354 0.03161077515118197
0 0.9183116337673246 0.7278724573941726 0.07181856362872742 0.032985156679494226
0 0.15497690046199075 0.7784496976360638 0.061318773624527506 0.029686641011544807
0 0.21692566148677025 0.7778999450247389 0.06761864762704746 0.033534909290819134
0 0.29357412851742964 0.7752886201209456 0.07643847123057539 0.031061022539857066
0 0.3630827383452331 0.7735019241341397 0.06005879882402352 0.03188565145684442
0 0.4370012599748005 0.7710280373831776 0.07853842923141537 0.029136888400219902
0 0.5140697186056279 0.770065970313359 0.06383872322553549 0.031061022539857066
0 0.18542629147417053 0.302913688840022 0.05333893322133557 0.033534909290819134
0 0.23036539269214615 0.3014018691588785 0.04073918521629567 0.03216052776250687
0 0.28223435531289376 0.2983782297965915 0.06635867282654347 0.03326003298515668
0 0.3420831583368333 0.2976910390324354 0.05501889962200756 0.03188565145684442
0 0.3876522469550609 0.2965915338097856 0.04535909281814364 0.031335898845519516
0 0.4468710625787484 0.29590434304562946 0.08231835363292735 0.03271028037383177
0 0.5243595128097438 0.2919186366135239 0.0743385132297354 0.035733919736118745
0 0.5942881142377152 0.2924683892248488 0.06635867282654347 0.03628367234744365
0 0.0377992440151197 0.3390599230346344 0.06383872322553549 0.03271028037383177
0 0.09176816463670727 0.3367234744365036 0.05585888282234355 0.030786146234194612
0 0.1524569508609828 0.3356239692138538 0.06803863922721545 0.030236393622869707
0 0.21839563208735827 0.33136338647608576 0.06383872322553549 0.029411764705882353
0 0.28349433011339775 0.32985156679494226 0.06887862242755145 0.029686641011544807
0 0.35342293154136917 0.32545354590434306 0.07181856362872742 0.028037383177570093
0 0.41768164636707267 0.3261407366684992 0.07181856362872742 0.027762506871907643
0 0.4834103317933641 0.32545354590434306 0.06299874002519949 0.028037383177570093
0 0.5508189836203276 0.32394172622319956 0.0734985300293994 0.029411764705882353
0 0.620537589248215 0.319956019791094 0.05333893322133557 0.025288620120945574
0 0.7062158756824863 0.31858163826278174 0.07853842923141537 0.02473886750962067
0 0.07580848383032339 0.3955470038482683 0.05333893322133557 0.030236393622869707
0 0.12242755144897102 0.3958218801539307 0.04325913481730365 0.031335898845519516
0 0.17177656446871062 0.3955470038482683 0.05795884082318354 0.032985156679494226
0 0.23162536749265014 0.39211105002748764 0.07517849643007139 0.03380978559648158
0 0.29231415371692565 0.3903243540406817 0.047039059218815626 0.03188565145684442
0 0.3460730785384292 0.38798790544255085 0.061318773624527506 0.028862012094557448
0 0.4130617387652247 0.38537658053875756 0.07853842923141537 0.031335898845519516
0 0.48551028979420413 0.38565145684442004 0.06635867282654347 0.029136888400219902
0 0.5892482150356992 0.38207806487080814 0.06971860562788744 0.034084661902144035
0 0.6835363292734146 0.37616822429906543 0.08273834523309534 0.03545904343045629
0 0.6226375472490551 0.4442001099505223 0.05585888282234355 0.030236393622869707
0 0.6877362452750945 0.44529961517317207 0.0743385132297354 0.038482682792743264
0 0.74527509449811 0.44516217702034083 0.041579168416631666 0.03875755909840572
0 0.5216295674086519 0.45052226498075865 0.07391852162956741 0.036833424958768554
0 0.4447711045779084 0.4516217702034085 0.07979840403191936 0.03188565145684442
0 0.17933641327173455 0.49230346344145137 0.06635867282654347 0.034084661902144035
0 0.23456530869382614 0.4905167674546454 0.044099118017639646 0.03326003298515668
0 0.2811843763124737 0.49037932930181416 0.054178916421671566 0.034634414513468936
0 0.3357832843343133 0.49120395821880153 0.059218815623687526 0.034634414513468936
0 0.3876522469550609 0.49065420560747663 0.052078958420831586 0.035733919736118745
0 0.4382612347753045 0.4863936228697086 0.05081898362032759 0.031061022539857066
0 0.4867702645947081 0.4888675096206707 0.054598908021839566 0.03051126992853216
0 0.5279294414111718 0.4899670148433205 0.04535909281814364 0.028312259483232547
0 0.6388072238555229 0.4862561847168774 0.044519109617807646 0.032985156679494226
0 0.6858462830743385 0.48240791643760306 0.052078958420831586 0.031335898845519516
0 0.7383452330953381 0.4830951072017592 0.052078958420831586 0.03435953820780649
0 0.7967240655186896 0.4810335349092908 0.06719865602687947 0.035733919736118745
0 0.8584628307433851 0.4793842770753161 0.06635867282654347 0.036833424958768554
0 0.9357412851742966 0.4792468389224849 0.08315833683326333 0.03435953820780649
0 0.03842923141537169 0.5240516767454645 0.06005879882402352 0.031061022539857066
0 0.09113817723645527 0.5219901044529962 0.044519109617807646 0.031335898845519516
0 0.1392272154556909 0.5229521715228147 0.05837883242335153 0.027212754260582738
0 0.19655606887862243 0.522539857064321 0.06551868962620748 0.029686641011544807
0 0.24632507349853003 0.5199285321605278 0.04073918521629567 0.02611324903793293
0 0.2864342713145737 0.5226772952171522 0.0503989920201596 0.031061022539857066
0 0.33137337253254934 0.5236393622869708 0.04535909281814364 0.03188565145684442
0 0.3908021839563209 0.5208905992303463 0.07601847963040739 0.03188565145684442
0 0.4563208735825284 0.5197910940076965 0.06593868122637547 0.034084661902144035
0 0.5254094918101638 0.5199285321605278 0.07223855522889543 0.03326003298515668
0 0.5884082318353633 0.5199285321605278 0.057118857622847546 0.028862012094557448
0 0.6478370432591348 0.5177295217152281 0.06593868122637547 0.03216052776250687
0 0.7104157916841664 0.5164925783397472 0.06845863082738345 0.031335898845519516
0 0.7664846703065938 0.5145684442001099 0.0503989920201596 0.03188565145684442
0 0.8196136077278454 0.5123694337548104 0.06005879882402352 0.030236393622869707
0 0.871902561948761 0.5120945574491479 0.05375892482150357 0.031335898845519516
0 0.9143217135657287 0.5116822429906542 0.03359932801343973 0.028862012094557448
0 0.9586308273834523 0.5116822429906542 0.05081898362032759 0.03161077515118197
0 0.10226795464090718 0.5534634414513468 0.049139017219655606 0.028862012094557448
0 0.15035699286014279 0.5514018691588785 0.057118857622847546 0.030786146234194612
0 0.19823603527929443 0.5526388125343595 0.05375892482150357 0.02611324903793293
0 0.24464510709785806 0.549890049477735 0.041579168416631666 0.027762506871907643
0 0.2824443511129777 0.5494777350192414 0.03989920201595968 0.02583837273227048
0 0.31730365392692145 0.5492028587135789 0.031499370012599746 0.025288620120945574
0 0.35699286014279713 0.546866410115448 0.04871902561948761 0.026663001649257834
0 0.4145317093658127 0.5492028587135789 0.07055858882822344 0.02473886750962067
0 0.46619067618647625 0.5476910390324354 0.0503989920201596 0.025013743815283124
0 0.5102897942041159 0.5483782297965916 0.041999160016799666 0.025288620120945574
0 0.5627887442251155 0.5514018691588785 0.061318773624527506 0.032435404068169325
0 0.626627467450651 0.5507146783947223 0.07055858882822344 0.03545904343045629
0 0.26858462830743385 0.5773776800439802 0.06845863082738345 0.03710830126443101
0 0.3286434271314574 0.5777899945024739 0.0499790004199916 0.033534909290819134
0 0.45527089458210834 0.5753161077515119 0.04031919361612768 0.02748763056624519
0 0.39584208315833685 0.5755909840571742 0.07769844603107938 0.029686641011544807
0 0.868332633347333 0.5647333699835074 0.06677866442671146 0.03326003298515668
0 0.9376312473750525 0.6664376030786147 0.061738765224695506 0.02611324903793293
0 0.8824023519529609 0.667262231995602 0.031919361612767747 0.028862012094557448
0 0.8393532129357413 0.6682242990654206 0.05753884922301554 0.031335898845519516
0 0.7883242335153297 0.666712479384277 0.05123897522049559 0.03271028037383177
0 0.9164216715665686 0.6338647608576141 0.06635867282654347 0.03628367234744365
0 0.25514489710205795 0.7148158328752061 0.051658966820663586 0.03326003298515668
0 0.3133137337253255 0.7115173172072567 0.057118857622847546 0.03271028037383177
0 0.3645527089458211 0.7139912039582188 0.05291894162116758 0.028312259483232547
0 0.42335153296934064 0.7112424409015943 0.06803863922721545 0.029961517317207257
0 0.47963040739185214 0.7116547553600879 0.04787904241915162 0.032985156679494226
0 0.5674086518269634 0.7090434304562947 0.05375892482150357 0.03435953820780649
0 0.6906761864762705 0.6998350742166025 0.08945821083578329 0.026937877954920284
0 0.8992020159596809 0.6969488730071468 0.08399832003359933 0.03161077515118197
0 0.030659386812263753 0.6838922484881803 0.05375892482150357 0.028587135788894998
0 0.0865182696346073 0.6847168774051676 0.06551868962620748 0.030236393622869707
0 0.14510709785804285 0.6837548103353491 0.06425871482570349 0.029961517317207257
0 0.20558588828223437 0.6821055525013744 0.06005879882402352 0.031061022539857066
0 0.2618647627047459 0.6779824079164376 0.05249895002099958 0.03435953820780649
0 0.30260394792104156 0.6790819131390874 0.030659386812263753 0.031061022539857066
0 0.3496430071398572 0.6777075316107751 0.06341873162536749 0.03051126992853216
0 0.40928181436371275 0.6746838922484881 0.061738765224695506 0.03380978559648158
0 0.46577068458630827 0.6735843870258383 0.05291894162116758 0.03490929081913139
0 0.5188996220075599 0.6720725673446949 0.059218815623687526 0.035733919736118745
0 0.5816883662326754 0.6717976910390324 0.06803863922721545 0.035184167124793844
0 0.6436371272574548 0.669736118746564 0.061738765224695506 0.03435953820780649
0 0.6868962620747585 0.669736118746564 0.03485930281394372 0.03326003298515668
0 0.7341453170936582 0.6673996701484332 0.05963880722385552 0.035733919736118745
0 0.17870642587148258 0.6521440351841671 0.04745905081898362 0.029411764705882353
0 0.2246955060898782 0.6500824628916987 0.04619907601847963 0.030786146234194612
0 0.28286434271314576 0.6484332050577241 0.07013859722805543 0.030786146234194612
0 0.35615287694246117 0.6477460142935679 0.07895842083158337 0.029411764705882353
0 0.4294414111717766 0.6449972512369434 0.07517849643007139 0.027212754260582738
0 0.49664006719865605 0.6427982407916437 0.06341873162536749 0.027212754260582738
0 0.5671986560268795 0.6396371632765255 0.07265854682906342 0.028587135788894998
0 0.6331373372532549 0.6370258383727323 0.054178916421671566 0.031061022539857066
0 0.6843763124737505 0.6371632765255635 0.05081898362032759 0.032435404068169325
0 0.7593448131037379 0.6345519516217702 0.08063838723225536 0.03161077515118197
0 0.0373792524149517 0.7489004947773502 0.05879882402351953 0.027762506871907643
0 0.09680806383872323 0.7493128092358439 0.059218815623687526 0.026388125343595383
0 0.14783704325913483 0.7447773501924134 0.049559008819823606 0.028862012094557448
0 0.19823603527929443 0.7440901594282573 0.052078958420831586 0.030236393622869707
0 0.247795044099118 0.7421660252886201 0.0503989920201596 0.026937877954920284
0 0.29609407811843763 0.7438152831225948 0.052078958420831586 0.029136888400219902
0 0.35342293154136917 0.7429906542056075 0.06929861402771945 0.030786146234194612
0 0.40487190256194877 0.7424409015942826 0.03863922721545569 0.030236393622869707
0 0.4529609407811844 0.7403793293018142 0.056698866022679546 0.029961517317207257
0 0.5203695926081479 0.7403793293018142 0.08315833683326333 0.029961517317207257
0 0.6201175976480471 0.19406267179769104 0.059218815623687526 0.026388125343595383
0 0.6736665266694666 0.19474986256184718 0.04787904241915162 0.03271028037383177
0 0.7301553968920622 0.18911489829576691 0.05585888282234355 0.026937877954920284
0 0.5606887862242755 0.17193512919186366 0.026879462410751787 0.031061022539857066
0 0.6045779084418311 0.16973611874656405 0.06509869802603947 0.025563496426608025
0 0.6543469130617388 0.1678119846069269 0.03527929441411172 0.02336448598130841
0 0.7060058798824024 0.1657504123144585 0.07055858882822344 0.02308960967564596
0 0.23540529189416212 0.22443650357339198 0.05753884922301554 0.028312259483232547
0 0.29252414951700967 0.22333699835074217 0.07181856362872742 0.029961517317207257
0 0.3555228895422092 0.22388675096206706 0.06593868122637547 0.03271028037383177
0 0.40718185636287274 0.2234744365035734 0.0499790004199916 0.031335898845519516
0 0.44561108777824443 0.22333699835074217 0.04535909281814364 0.03161077515118197
0 0.4876102477950441 0.22223749312809235 0.04115917681646367 0.031061022539857066
0 0.5323393532129358 0.2199010445299615 0.05081898362032759 0.034634414513468936
0 0.5743385132297354 0.22168774051676746 0.05081898362032759 0.029961517317207257
0 0.623057538849223 0.22319956019791093 0.049139017219655606 0.03188565145684442
0 0.6646367072658547 0.22374931280923585 0.036539269214615706 0.028037383177570093
0 0.7249055018899622 0.2223749312809236 0.0865182696346073 0.028587135788894998
0 0.6553968920621588 0.2906816932380429 0.05585888282234355 0.03326003298515668
0 0.7083158336833263 0.28848268279274325 0.05753884922301554 0.03380978559648158
0 0.7633347333053339 0.2908191313908741 0.05753884922301554 0.030786146234194612
0 0.8116337673246535 0.290131940626718 0.04325913481730365 0.028312259483232547
0 0.06866862662746745 0.3669598680593733 0.036539269214615706 0.028037383177570093
0 0.1390172196556069 0.3650357339197361 0.047039059218815626 0.028037383177570093
0 0.19298614027719446 0.3636613523914239 0.061738765224695506 0.03188565145684442
0 0.25367492650146994 0.3622869708631116 0.06887862242755145 0.034634414513468936
0 0.30512389752204955 0.3580263881253436 0.03989920201595968 0.03161077515118197
0 0.3496430071398572 0.35788894997251236 0.05249895002099958 0.032985156679494226
0 0.39647207055858885 0.35610225398570644 0.05123897522049559 0.03161077515118197
0 0.44267114657706846 0.35568993952721273 0.04871902561948761 0.029136888400219902
0 0.5489290214195716 0.35376580538757557 0.06803863922721545 0.032985156679494226
0 0.6163376732465351 0.34813084112149534 0.07181856362872742 0.03051126992853216
0 0.7074758504829903 0.3448323254535459 0.07601847963040739 0.028312259483232547
0 0.4892902141957161 0.3548653106102254 0.05123897522049559 0.030786146234194612
0 0.2574548509029819 0.4231720725673447 0.061318773624527506 0.029961517317207257
0 0.30638387232255354 0.4194612424409016 0.044099118017639646 0.028587135788894998
0 0.35699286014279713 0.4182242990654206 0.061318773624527506 0.027212754260582738
0 0.4113817723645527 0.41547553600879605 0.04745905081898362 0.029961517317207257
0 0.45548089038219236 0.4152006597031336 0.04073918521629567 0.027762506871907643
0 0.5109197816043679 0.41506322155030234 0.06761864762704746 0.028587135788894998
0 0.5709785804283914 0.41396371632765255 0.054178916421671566 0.029136888400219902
0 0.6245275094498111 0.41341396371632766 0.052078958420831586 0.032435404068169325
0 0.7028559428811424 0.4084661902144035 0.06929861402771945 0.035184167124793844
0 0.03422931541369172 0.45945574491478836 0.046619067618647626 0.03161077515118197
0 0.07895842083158337 0.45890599230346346 0.04787904241915162 0.031061022539857066
0 0.12893742125157498 0.4575316107751512 0.05123897522049559 0.03271028037383177
0 0.19046619067618648 0.45588235294117646 0.07769844603107938 0.03435953820780649
0 0.25514489710205795 0.4534084661902144 0.07013859722805543 0.03216052776250687
0 0.3133137337253255 0.45175920835623967 0.047039059218815626 0.03326003298515668
0 0.36938261234775305 0.45093457943925236 0.06761864762704746 0.03380978559648158
0 0.23414531709365813 0.6205332600329851 0.044099118017639646 0.028862012094557448
0 0.2771944561108778 0.6187465640461792 0.04619907601847963 0.02748763056624519
0 0.3265434691306174 0.6181968114348543 0.0499790004199916 0.026937877954920284
0 0.38135237295254093 0.6164101154480484 0.06551868962620748 0.03216052776250687
0 0.44141117177656447 0.6151731720725674 0.06047879042419151 0.029686641011544807
0 0.49391012179756405 0.6132490379329302 0.052078958420831586 0.030786146234194612
0 0.5464090718185636 0.6135239142385926 0.05879882402351953 0.029136888400219902
0 0.618437631247375 0.6113249037932931 0.09113817723645527 0.026937877954920284
0 0.9094918101637968 0.6032160527762507 0.08945821083578329 0.029961517317207257
