0 0.26119402985074625 0.17565055762081785 0.22388059701492538 0.1895910780669145
0 0.17484008528784648 0.4312267657992565 0.13432835820895522 0.1524163568773234
0 0.4253731343283582 0.5715613382899628 0.2857142857142857 0.10780669144981413
0 0.26705756929637525 0.6928438661710037 0.2974413646055437 0.12732342007434944
0 0.43176972281449894 0.18076208178438663 0.1257995735607676 0.12546468401486988
0 0.35127931769722814 0.4474907063197026 0.2420042643923241 0.12732342007434944
0 0.5708955223880597 0.4502788104089219 0.22494669509594883 0.12174721189591078
0 0.19616204690831557 0.5710966542750929 0.18763326226012794 0.13289962825278812
0 0.19189765458422176 0.8229553903345725 0.1791044776119403 0.1087360594795539
0 0.40031982942430705 0.8359665427509294 0.2526652452025586 0.13104089219330856
0 0.6545842217484008 0.8392193308550185 0.255863539445629 0.1171003717472119
0 0.8864605543710021 0.8029739776951673 0.14818763326226012 0.1171003717472119
0 0.5053304904051172 0.6789033457249071 0.18976545842217485 0.10687732342007435
0 0.6369936034115139 0.5622676579925651 0.15245202558635396 0.12267657992565056
0 0.8224946695095949 0.5413568773234201 0.23134328358208955 0.13104089219330856
0 0.8033049040511727 0.6435873605947955 0.291044776119403 0.12174721189591078
0 0.5735607675906184 0.7486059479553904 0.1279317697228145 0.0845724907063197
0 0.6982942430703625 0.7472118959107806 0.1279317697228145 0.09107806691449814
0 0.8763326226012793 0.7132899628252788 0.19616204690831557 0.11059479553903345
