0 0.1285018270401949 0.1988694758478931 0.18635809987819732 0.15313463514902365
0 0.34957369062119364 0.2065775950668037 0.2143727161997564 0.1685508735868448
0 0.8081607795371498 0.2065775950668037 0.3105968331303289 0.13771839671120248
0 0.11997563946406821 0.3607399794450154 0.16930572472594396 0.1644398766700925
0 0.3861144945188794 0.37461459403905445 0.32399512789281365 0.16752312435765673
0 0.6443361753958587 0.3545734840698869 0.16808769792935443 0.16238437821171633
0 0.8270401948842875 0.35200411099691675 0.20219244823386115 0.14696813977389517
0 0.16443361753958588 0.06115107913669065 0.24604141291108406 0.12435765673175746
0 0.4524969549330085 0.05909558067831449 0.2935444579780755 0.11613566289825282
0 0.7539585870889159 0.07194244604316546 0.3166869671132765 0.13771839671120248
0 0.12545676004872108 0.7528263103802673 0.19244823386114496 0.16135662898252826
0 0.5292326431181485 0.920349434737924 0.16930572472594396 0.10380267214799589
0 0.6954933008526187 0.9193216855087358 0.1753958587088916 0.11613566289825282
0 0.3215590742996346 0.9290853031860226 0.21193666260657734 0.10688591983556012
0 0.8928136419001218 0.7132579650565262 0.14129110840438489 0.197327852004111
0 0.7496954933008526 0.7271325796505652 0.14007308160779536 0.17163412127440905
0 0.3258221680876979 0.7857142857142857 0.17904993909866018 0.19218910585817062
0 0.582216808769793 0.7728674203494348 0.1900121802679659 0.15416238437821173
0 0.8751522533495737 0.8926002055498459 0.20097442143727162 0.13874614594039056
