0 0.1956521739130435 0.696985446985447 0.2819875776397516 0.17775467775467776
0 0.7167701863354037 0.7801455301455301 0.1639751552795031 0.17567567567567569
0 0.5478260869565217 0.25467775467775466 0.10434782608695652 0.17671517671517672
0 0.6826086956521739 0.2702702702702703 0.14037267080745341 0.18295218295218296
0 0.5385093167701863 0.8097713097713097 0.19254658385093168 0.1683991683991684
0 0.16770186335403728 0.11538461538461539 0.18633540372670807 0.14137214137214138
0 0.6788819875776397 0.6418918918918919 0.24720496894409938 0.14656964656964658
0 0.4496894409937888 0.6658004158004158 0.231055900621118 0.16735966735966737
0 0.25093167701863356 0.8451143451143451 0.39751552795031053 0.19542619542619544
0 0.8527950310559006 0.24324324324324326 0.20745341614906831 0.13305613305613306
0 0.362111801242236 0.11330561330561331 0.2124223602484472 0.15592515592515593
0 0.5583850931677019 0.09823284823284824 0.18757763975155278 0.1257796257796258
0 0.8745341614906832 0.7588357588357588 0.17391304347826086 0.17463617463617465
0 0.7801242236024845 0.10291060291060292 0.26583850931677017 0.14553014553014554
