0 0.10018467220683287 0.06673458991339785 0.09879963065558633 0.056036678553234846
0 0.08910433979686057 0.304635761589404 0.1394275161588181 0.056036678553234846
0 0.09649122807017543 0.24528782475802344 0.15420129270544783 0.06062149770759042
0 0.0909510618651893 0.18135506877228733 0.12465373961218837 0.061130922058074376
0 0.08633425669436749 0.5382068262862965 0.10803324099722991 0.06265919510952624
0 0.09418282548476455 0.5980641874681609 0.12003693444136658 0.05705552725420275
0 0.09879963065558633 0.6553744268976057 0.12927054478301014 0.06164034640855833
0 0.09695290858725762 0.7131940906775344 0.1329639889196676 0.058074375955170655
0 0.09556786703601108 0.42333163525216505 0.13204062788550322 0.06316861946001019
0 0.2299168975069252 0.0608762098828324 0.10156971375807941 0.06571574121242996
0 0.34210526315789475 0.2890983188996434 0.16712834718374883 0.05247070809984717
0 0.20313942751615882 0.29750382068262865 0.08310249307479224 0.06316861946001019
0 0.40304709141274236 0.23535404992358636 0.06555863342566944 0.056036678553234846
0 0.5175438596491229 0.23076923076923078 0.06740535549399815 0.05501782985226694
0 0.3296398891966759 0.35914416709118696 0.07017543859649122 0.06928171166581763
0 0.4445983379501385 0.3515028018339277 0.12465373961218837 0.065206316861946
0 0.5457063711911357 0.34793683138054 0.06463527239150507 0.06214977075904228
0 0.6306555863342567 0.3441161487519103 0.06278855032317636 0.06469689251146205
0 0.7700831024930748 0.3380030565461029 0.1809787626962142 0.06979113601630157
0 0.41043397968605727 0.41136016301579215 0.16897506925207756 0.05043301069791136
0 0.32779316712834716 0.5277636271013755 0.32132963988919666 0.06316861946001019
0 0.322253000923361 0.467142129393785 0.22714681440443213 0.044829342842587876
0 0.3734995383194829 0.5815078960774325 0.24838411819021236 0.05348955680081508
0 0.10064635272391505 0.93428425878757 0.1329639889196676 0.07335710646968925
0 0.2903970452446907 0.9360672440142639 0.13204062788550322 0.056546102903718795
0 0.425207756232687 0.9337748344370861 0.1394275161588181 0.05909322465613857
0 0.30655586334256696 0.8120224146714213 0.1680517082179132 0.052980132450331126
0 0.09649122807017543 0.82603158430973 0.12465373961218837 0.056546102903718795
0 0.0951061865189289 0.7684666327050433 0.123730378578024 0.05247070809984717
0 0.512927054478301 0.2870606214977076 0.1634349030470914 0.05552725420275089
0 0.6560480147737765 0.28094752929190014 0.11357340720221606 0.059602649006622516
0 0.39935364727608497 0.17193071828833417 0.15420129270544783 0.06164034640855833
0 0.4390581717451524 0.11614875191034131 0.22437673130193905 0.0489047376464595
0 0.5715604801477377 0.049414161996943456 0.15143120960295475 0.05705552725420275
0 0.11542012927054478 0.36449312277126844 0.20313942751615882 0.06164034640855833
0 0.5170821791320406 0.4640855832908813 0.1809787626962142 0.05909322465613857
0 0.669898430286242 0.4533876719307183 0.14681440443213298 0.06724401426388181
0 0.6509695290858726 0.16479877738155885 0.3157894736842105 0.06877228731533368
0 0.8734995383194829 0.1599592460519613 0.123730378578024 0.06316861946001019
0 0.7488457987072945 0.04966887417218543 0.19759926131117267 0.06877228731533368
0 0.26223453370267774 0.7580234335201222 0.1680517082179132 0.05399898115129903
0 0.42566943674976915 0.7511462047885888 0.1458910433979686 0.051451859398879266
0 0.574792243767313 0.7483443708609272 0.15974145891043398 0.06418746816097809
0 0.7585410895660203 0.7356087620988283 0.22253000923361035 0.065206316861946
0 0.3139427516158818 0.7019867549668874 0.27146814404432135 0.05909322465613857
0 0.5503231763619575 0.69587366276108 0.20498614958448755 0.06011207335710647
0 0.4233610341643583 0.8713703515028018 0.2502308402585411 0.06164034640855833
0 0.6255771006463527 0.8726439123790117 0.16897506925207756 0.06928171166581763
0 0.296398891966759 0.6406011207335711 0.17174515235457063 0.06571574121242996
0 0.6777469990766389 0.6286296484971982 0.1329639889196676 0.07131940906775344
0 0.49445983379501385 0.6344880285277636 0.23361034164358263 0.06673458991339785
0 0.8984302862419206 0.6141110545084055 0.14773776546629733 0.07080998471726949
0 0.4801477377654663 0.8099847172694855 0.1883656509695291 0.06011207335710647
0 0.7668513388734995 0.6808456444218034 0.19298245614035087 0.056546102903718795
0 0.5535549399815328 0.5196128374936322 0.13388734995383195 0.06011207335710647
0 0.791320406278855 0.44523688232297504 0.0997229916897507 0.05094243504839532
0 0.9090489381348107 0.44065206316861943 0.1615881809787627 0.06826286296484972
0 0.8707294552169899 0.38537952114111057 0.18651892890120036 0.06367804381049415
0 0.8139427516158818 0.271777890983189 0.19852262234533702 0.0728476821192053
0 0.6906740535549399 0.2238920020376974 0.19575253924284394 0.05552725420275089
0 0.1634349030470914 0.8721344880285278 0.2234533702677747 0.061130922058074376
0 0.13665743305632502 0.12251655629139073 0.19390581717451524 0.05247070809984717
0 0.9293628808864266 0.32093734080489045 0.1394275161588181 0.06418746816097809
0 0.96398891966759 0.2598064187468161 0.07202216066481995 0.058074375955170655
0 0.569713758079409 0.5710646968925115 0.1698984302862419 0.05909322465613857
0 0.7530009233610342 0.5596026490066225 0.21514312096029548 0.06979113601630157
0 0.9362880886426593 0.5489047376464595 0.10156971375807941 0.06469689251146205
0 0.9058171745152355 0.49719816607233824 0.10526315789473684 0.052980132450331126
0 0.9293628808864266 0.674223127865512 0.11172668513388735 0.06775343861436577
0 0.9312096029547553 0.7266938359653592 0.09325946445060018 0.054508405501782986
0 0.659741458910434 0.7975038206826286 0.0729455216989843 0.03718797758532858
0 0.7691597414589104 0.7949566989302088 0.38227146814404434 0.07997962302598065
0 0.6426592797783933 0.10315843097300051 0.1698984302862419 0.05348955680081508
0 0.8988919667590027 0.10697911360163016 0.11357340720221606 0.04584819154355578
0 0.9524469067405356 0.15588385124808965 0.05632502308402586 0.06011207335710647
0 0.9279778393351801 0.21039225674987264 0.08125577100646353 0.04584819154355578
0 0.07479224376731301 0.47987773815588386 0.0997229916897507 0.049923586347427405
0 0.39012003693444136 0.0522159959246052 0.20036934441366575 0.07080998471726949
