0 0.13492990654205608 0.05890538033395176 0.11098130841121495 0.08441558441558442
0 0.09521028037383178 0.18738404452690166 0.07593457943925233 0.11131725417439703
0 0.0911214953271028 0.3297773654916512 0.08177570093457943 0.09925788497217068
0 0.08878504672897196 0.44387755102040816 0.07710280373831775 0.11224489795918367
0 0.08878504672897196 0.5793135435992579 0.08411214953271028 0.13079777365491652
0 0.07885514018691589 0.6971243042671614 0.07593457943925233 0.09740259740259741
0 0.09170560747663552 0.8613172541743971 0.0969626168224299 0.10111317254174397
0 0.4199766355140187 0.8594619666048238 0.09228971962616822 0.07699443413729128
0 0.844626168224299 0.07838589981447125 0.16355140186915887 0.10482374768089053
0 0.8580607476635514 0.3098330241187384 0.17873831775700935 0.10946196660482375
0 0.8510514018691588 0.5514842300556586 0.1530373831775701 0.11595547309833024
0 0.2657710280373832 0.2101113172541744 0.25817757009345793 0.13079777365491652
0 0.2517523364485981 0.44109461966604824 0.23948598130841123 0.14192949907235622
0 0.2669392523364486 0.8631725417439703 0.13901869158878505 0.11781076066790352
0 0.495911214953271 0.18645640074211503 0.19742990654205608 0.09647495361781076
0 0.4322429906542056 0.42346938775510207 0.10514018691588785 0.08998144712430427
0 0.5613317757009346 0.4230055658627087 0.17172897196261683 0.10018552875695733
0 0.8107476635514018 0.4299628942486085 0.18925233644859812 0.11595547309833024
0 0.5093457943925234 0.6683673469387755 0.34345794392523366 0.1345083487940631
0 0.6547897196261683 0.87430426716141 0.20677570093457945 0.11224489795918367
0 0.860981308411215 0.8617810760667903 0.1588785046728972 0.10018552875695733
0 0.17990654205607476 0.9475881261595547 0.21261682242990654 0.08256029684601113
0 0.3820093457943925 0.9503710575139147 0.19158878504672897 0.08441558441558442
0 0.5286214953271028 0.9522263450834879 0.07593457943925233 0.09183673469387756
0 0.6933411214953271 0.9601113172541744 0.22780373831775702 0.0686456400742115
0 0.883177570093458 0.949443413729128 0.1542056074766355 0.09369202226345083
0 0.8405373831775701 0.6706864564007421 0.23014018691588786 0.09833024118738404
0 0.8294392523364486 0.19944341372912802 0.3177570093457944 0.12430426716141002
0 0.05023364485981308 0.935064935064935 0.0630841121495327 0.08348794063079777
