0 0.10350678733031674 0.16153846153846155 0.11425339366515837 0.18021978021978022
0 0.32805429864253394 0.14285714285714285 0.2647058823529412 0.17582417582417584
0 0.6187782805429864 0.13626373626373625 0.26244343891402716 0.18461538461538463
0 0.8648190045248869 0.13681318681318683 0.2160633484162896 0.1945054945054945
0 0.125 0.34065934065934067 0.19796380090497737 0.1934065934065934
0 0.5277149321266968 0.3153846153846154 0.582579185520362 0.18461538461538463
0 0.1600678733031674 0.7313186813186813 0.22737556561085973 0.22527472527472528
0 0.4253393665158371 0.7236263736263736 0.33710407239819007 0.22747252747252747
0 0.8156108597285068 0.5269230769230769 0.29411764705882354 0.16153846153846155
0 0.8800904977375565 0.8384615384615385 0.11085972850678733 0.18461538461538463
0 0.8902714932126696 0.34285714285714286 0.18099547511312217 0.2
0 0.747737556561086 0.7082417582417583 0.33031674208144796 0.17252747252747253
0 0.9507918552036199 0.6884615384615385 0.08710407239819004 0.15714285714285714
