0 0.1342042755344418 0.6415571284125379 0.20902612826603326 0.1263902932254803
0 0.32779097387173395 0.6329625884732053 0.19239904988123516 0.11931243680485339
0 0.4994061757719715 0.6228513650151668 0.16270783847980996 0.11526794742163801
0 0.6514251781472684 0.6263902932254802 0.14133016627078385 0.14661274014155712
0 0.7832541567695962 0.6208291203235592 0.14133016627078385 0.16380182002022245
0 0.21912114014251782 0.7623862487360971 0.37410926365795727 0.13549039433771487
0 0.9228028503562945 0.5753286147623863 0.10926365795724466 0.09706774519716886
0 0.5944180522565321 0.7639029322548029 0.3812351543942993 0.1365015166835187
0 0.8485748218527316 0.7593528816986855 0.13182897862232779 0.12942366026289182
0 0.8853919239904988 0.858948432760364 0.167458432304038 0.09201213346814964
0 0.18052256532066507 0.8872598584428716 0.28978622327790976 0.12032355915065723
0 0.4346793349168646 0.8796764408493428 0.23990498812351543 0.10920121334681497
0 0.6656769596199525 0.8518705763397371 0.2505938242280285 0.10819009100101112
