0 0.0660377358490566 0.02827817343946376 0.10463121783876501 0.025555090071219103
0 0.14065180102915953 0.0944700460829493 0.09090909090909091 0.05152911604524508
0 0.05317324185248713 0.0944700460829493 0.08919382504288165 0.0540427314620863
0 0.3031732418524871 0.025974025974025976 0.08147512864493997 0.04021784666945957
0 0.39236706689536877 0.02974444909928781 0.07461406518010291 0.04356933389191454
0 0.807032590051458 0.031629660661918725 0.10291595197255575 0.047339757017176375
0 0.0797598627787307 0.5827398408043569 0.09090909090909091 0.03770423125261835
0 0.1732418524871355 0.5850439882697948 0.09090909090909091 0.05152911604524508
0 0.5454545454545454 0.5739421868454126 0.11149228130360206 0.04859656472559699
0 0.8734991423670669 0.4505655634687893 0.08319039451114923 0.06493506493506493
0 0.5351629502572899 0.19962295768747382 0.09605488850771869 0.05655634687892752
0 0.30917667238421953 0.8818600754084625 0.1072041166380789 0.05194805194805195
0 0.19382504288164665 0.029116045245077504 0.1423670668953688 0.04650188521156263
0 0.5951972555746141 0.030372852953498116 0.12178387650085763 0.048177628822790114
0 0.7054030874785592 0.031001256807708422 0.09862778730703259 0.04859656472559699
0 0.34176672384219553 0.09111855886049434 0.12264150943396226 0.06242144951822371
0 0.467409948542024 0.08839547549224969 0.1320754716981132 0.055299539170506916
0 0.09605488850771869 0.2630917469627147 0.14751286449399656 0.04775869291998324
0 0.1153516295025729 0.37725178047758695 0.17753001715265868 0.04901550062840385
0 0.26329331046312177 0.37431922915793886 0.1234991423670669 0.05320485965647256
0 0.8893653516295026 0.5653540008378718 0.0686106346483705 0.040636782572266446
0 0.6638078902229846 0.6210724759111856 0.12521440823327615 0.048177628822790114
0 0.5698970840480274 0.6686217008797654 0.10034305317324185 0.0469208211143695
0 0.5578902229845626 0.6240050272308337 0.07632933104631218 0.047339757017176375
0 0.41723842195540306 0.7237117720988688 0.13636363636363635 0.047339757017176375
0 0.5506003430531733 0.7222454964390448 0.1097770154373928 0.04859656472559699
0 0.09777015437392796 0.833472978634269 0.15608919382504288 0.047339757017176375
0 0.26972555746140653 0.8326351068286553 0.18096054888507718 0.05236698785085882
0 0.6629502572898799 0.7733556765814831 0.10463121783876501 0.04859656472559699
0 0.7701543739279588 0.8167155425219942 0.09433962264150944 0.04398826979472141
0 0.8417667238421955 0.6141600335148723 0.09691252144082332 0.04021784666945957
0 0.24228130360205832 0.530791788856305 0.08147512864493997 0.05278592375366569
0 0.4944253859348199 0.4530791788856305 0.08319039451114923 0.05152911604524508
0 0.7718696397941681 0.6667364893171345 0.10634648370497427 0.05152911604524508
0 0.869639794168096 0.663594470046083 0.0823327615780446 0.05362379555927943
0 0.9442538593481989 0.658357771260997 0.05660377358490566 0.05069124423963134
0 0.6689536878216124 0.08797653958944282 0.06518010291595197 0.04524507750314202
0 0.7246998284734134 0.1983661499790532 0.1183533447684391 0.04985337243401759
0 0.8340480274442539 0.19564306661080855 0.09348198970840481 0.05278592375366569
0 0.7864493996569468 0.30435693338919145 0.10120068610634649 0.05823209049015501
0 0.5716123499142367 0.3095936321742773 0.11578044596912522 0.05446166736489317
0 0.6809605488850772 0.30770842061164644 0.1097770154373928 0.05655634687892752
0 0.9078044596912521 0.29534981147884376 0.12435677530017153 0.0469208211143695
0 0.8044596912521441 0.357561793045664 0.2367066895368782 0.043150397989107664
0 0.5964837049742711 0.4534981147884374 0.1260720411663808 0.05571847507331378
0 0.7182675814751286 0.4568496020108923 0.11578044596912522 0.0640971931294512
0 0.11320754716981132 0.5310012568077084 0.1680960548885077 0.05320485965647256
0 0.41895368782161235 0.8273984080435693 0.12778730703259006 0.05446166736489317
0 0.5222984562607204 0.8232090490155006 0.07890222984562607 0.044407205697528276
0 0.6346483704974271 0.82195224130708 0.1234991423670669 0.04608294930875576
0 0.38807890222984565 0.30666108085462923 0.09862778730703259 0.05362379555927943
0 0.27401372212692965 0.2605781315458735 0.20840480274442538 0.05446166736489317
0 0.42967409948542024 0.1971093422706326 0.11492281303602059 0.07080016757436113
0 0.5647512864493996 0.2572266443234185 0.08490566037735849 0.05278592375366569
0 0.049313893653516294 0.7329283619606201 0.0660377358490566 0.04398826979472141
0 0.22084048027444253 0.933598659405111 0.11921097770154374 0.05152911604524508
0 0.2705831903945112 0.6284038542103059 0.13636363636363635 0.0611646418098031
0 0.36106346483704976 0.36908253037285293 0.08404802744425385 0.06367825722664433
0 0.5210120068610634 0.1401340594888982 0.19811320754716982 0.05069124423963134
0 0.9193825042881647 0.08399664851277755 0.05660377358490566 0.04482614160033515
0 0.9095197255574614 0.19627147046501886 0.06432246998284734 0.047339757017176375
0 0.46783876500857635 0.7727272727272727 0.12264150943396226 0.0540427314620863
0 0.6487993138936535 0.7182656053623796 0.09348198970840481 0.0540427314620863
0 0.05917667238421955 0.8873062421449518 0.07547169811320754 0.04189359028068706
0 0.3074614065180103 0.7783829074151655 0.20840480274442538 0.056975282781734395
0 0.10548885077186965 0.7825722664432342 0.18867924528301888 0.05865102639296188
0 0.1097770154373928 0.6820276497695853 0.19039451114922812 0.05446166736489317
0 0.2937392795883362 0.6774193548387096 0.20668953687821612 0.056975282781734395
0 0.7332761578044596 0.5190615835777126 0.14751286449399656 0.06032677000418936
0 0.9043739279588336 0.5136154168412232 0.18267581475128644 0.056975282781734395
0 0.6672384219554031 0.13992459153749476 0.10291595197255575 0.05278592375366569
0 0.30403087478559176 0.31022203602848764 0.06432246998284734 0.04398826979472141
0 0.774442538593482 0.5689149560117303 0.09090909090909091 0.04356933389191454
0 0.6123499142367067 0.5215751989945538 0.10806174957118353 0.05948889819857562
0 0.8057461406518011 0.13678257226644325 0.18267581475128644 0.059907834101382486
0 0.6668096054888508 0.25219941348973607 0.11749571183533447 0.057813154587348134
0 0.58147512864494 0.08692919983242564 0.10120068610634649 0.05236698785085882
0 0.3361921097770154 0.5232509426057813 0.11492281303602059 0.06367825722664433
0 0.44125214408233276 0.525974025974026 0.10377358490566038 0.05655634687892752
0 0.5240137221269296 0.5198994553833264 0.07204116638078903 0.05948889819857562
0 0.06132075471698113 0.6290322580645161 0.08147512864493997 0.03393380812735652
0 0.1483704974271012 0.630917469627147 0.10806174957118353 0.04356933389191454
0 0.4614065180102916 0.6248428990364474 0.1320754716981132 0.04901550062840385
0 0.370926243567753 0.6208630079597821 0.060891938250428816 0.03602848764139087
0 0.4815608919382504 0.033514872224549644 0.10205831903945112 0.05194805194805195
0 0.2332761578044597 0.08944281524926687 0.09090909090909091 0.05152911604524508
0 0.10291595197255575 0.20318391286133222 0.17667238421955403 0.049434436531210726
0 0.2830188679245283 0.2036028487641391 0.1955403087478559 0.062002513615416845
0 0.6234991423670669 0.20046082949308755 0.08919382504288165 0.04482614160033515
0 0.45240137221269294 0.2534562211981567 0.153516295025729 0.05194805194805195
0 0.7980274442538593 0.24507750314201926 0.11234991423670669 0.04859656472559699
0 0.9125214408233276 0.24570590699622957 0.09777015437392796 0.0540427314620863
0 0.21783876500857632 0.31399245915374946 0.12864493996569468 0.05320485965647256
0 0.0767581475128645 0.46899874319229157 0.09348198970840481 0.05152911604524508
0 0.40523156089193824 0.4572685379136992 0.10034305317324185 0.0640971931294512
0 0.29845626072041165 0.461038961038961 0.1320754716981132 0.06074570590699623
0 0.7830188679245284 0.7193129451193967 0.1680960548885077 0.05446166736489317
0 0.42924528301886794 0.9227063259321324 0.1072041166380789 0.05236698785085882
0 0.4751286449399657 0.30456640134059487 0.08404802744425385 0.0469208211143695
0 0.46226415094339623 0.34960201089233345 0.09777015437392796 0.03142019271051529
0 0.5467409948542024 0.3627984918307499 0.29588336192109777 0.05865102639296188
0 0.8010291595197255 0.45286971093422707 0.058319039451114926 0.049434436531210726
0 0.7607204116638079 0.6187683284457478 0.07718696397941681 0.04859656472559699
0 0.926672384219554 0.6110180142438207 0.06946826758147513 0.05236698785085882
0 0.4549742710120069 0.6734394637620444 0.12435677530017153 0.04901550062840385
0 0.6655231560891939 0.6671554252199413 0.10806174957118353 0.04650188521156263
0 0.9206689536878216 0.710305823209049 0.1072041166380789 0.047339757017176375
0 0.8421955403087479 0.7664432341851697 0.13379073756432247 0.043150397989107664
0 0.048027444253859346 0.9308755760368663 0.06689536878216124 0.04021784666945957
0 0.11706689536878216 0.9289903644742354 0.08833619210977701 0.040636782572266446
0 0.3280445969125214 0.9235441977377461 0.09862778730703259 0.0397989107666527
0 0.9635506003430532 0.13070800167574362 0.02830188679245283 0.03435274403016338
0 0.9382504288164666 0.14055299539170507 0.08404802744425385 0.05571847507331378
0 0.9721269296740995 0.6093422706325932 0.03516295025728988 0.042312526183493925
