0 0.35363247863247865 0.05217748562037798 0.36752136752136755 0.09449465899753492
0 0.0811965811965812 0.15365653245686114 0.0876068376068376 0.11175020542317174
0 0.22382478632478633 0.4322103533278554 0.11217948717948718 0.10682004930156122
0 0.4268162393162393 0.42440427280197207 0.2938034188034188 0.12900575184880855
0 0.4027777777777778 0.2510271158586689 0.22008547008547008 0.12736236647493837
0 0.22702991452991453 0.26253081347576007 0.13141025641025642 0.11914543960558752
0 0.07264957264957266 0.2633525061626952 0.0876068376068376 0.0961380443714051
0 0.060897435897435896 0.43590797041906326 0.0876068376068376 0.114215283483977
0 0.16773504273504272 0.7452752670501233 0.27350427350427353 0.12982744453574363
0 0.43803418803418803 0.7506162695152013 0.27136752136752135 0.1322925225965489
0 0.09134615384615384 0.8582580115036976 0.12927350427350429 0.11750205423171733
0 0.060897435897435896 0.5456039441248973 0.08333333333333333 0.10846343467543139
0 0.6105769230769231 0.23746918652423993 0.20405982905982906 0.13475760065735415
0 0.7462606837606838 0.8599013968775678 0.10363247863247864 0.10271158586688578
0 0.6618589743589743 0.743631881676253 0.19123931623931623 0.13968775677896467
0 0.8381410256410257 0.7366474938373049 0.16132478632478633 0.1437962202136401
0 0.2686965811965812 0.5394412489728841 0.2916666666666667 0.12078882497945768
0 0.8482905982905983 0.15201314708299096 0.27136752136752135 0.11503697617091208
0 0.23664529914529914 0.8685291700903862 0.16773504273504272 0.11503697617091208
0 0.5384615384615384 0.8779786359901397 0.0811965811965812 0.12078882497945768
0 0.6356837606837606 0.8677074774034511 0.11324786324786325 0.10517666392769104
0 0.40865384615384615 0.8718159408381265 0.19337606837606838 0.11339359079704191
0 0.5710470085470085 0.054231717337715694 0.07371794871794872 0.09038619556285948
0 0.7532051282051282 0.056696795398520954 0.27136752136752135 0.09860312243221035
0 0.9342948717948718 0.06902218570254724 0.1014957264957265 0.10024650780608052
0 0.8295940170940171 0.23336072308956451 0.23397435897435898 0.07230895645028759
0 0.8279914529914529 0.30977814297452755 0.2264957264957265 0.08709942481511915
0 0.6912393162393162 0.4264585045193098 0.24786324786324787 0.11175020542317174
0 0.8824786324786325 0.4219391947411668 0.16025641025641027 0.11914543960558752
0 0.5389957264957265 0.5414954806902219 0.2553418803418803 0.1199671322925226
0 0.7419871794871795 0.5390304026294166 0.16346153846153846 0.11010682004930156
0 0.907051282051282 0.5291700903861956 0.17094017094017094 0.11503697617091208
0 0.1346153846153846 0.9506984387838948 0.21581196581196582 0.07723911257189811
0 0.37286324786324787 0.9609695973705834 0.2564102564102564 0.06984387838948233
0 0.8520299145299145 0.8594905505341003 0.11645299145299146 0.10682004930156122
0 0.09294871794871795 0.06162695152013147 0.0876068376068376 0.062448644207066556
0 0.30074786324786323 0.14626129827444537 0.16773504273504272 0.09695973705834018
0 0.6303418803418803 0.9543960558751027 0.26282051282051283 0.0895645028759244
0 0.9508547008547008 0.7489728841413311 0.0876068376068376 0.1257189811010682
