0 0.14396709323583182 0.06538711776187378 0.15082266910420475 0.06701366297983084
0 0.12842778793418647 0.20494469746258945 0.15447897623400367 0.07286922576447626
0 0.11928702010968921 0.27553675992192583 0.12522851919561243 0.06701366297983084
0 0.12340036563071298 0.345152895250488 0.12248628884826325 0.06571242680546518
0 0.10786106032906764 0.9167208848405985 0.14442413162705667 0.06376057254391672
0 0.5283363802559415 0.06408588158750814 0.19012797074954296 0.07351984385165908
0 0.3537477148080439 0.20527000650618088 0.16819012797074953 0.08002602472348731
0 0.2856489945155393 0.9232270657124269 0.1636197440585009 0.0741704619388419
0 0.8574040219378428 0.9082628497072218 0.12979890310786105 0.08067664281067013
0 0.8350091407678245 0.8363695510735198 0.1745886654478976 0.06831489915419649
0 0.876599634369287 0.5400130123617437 0.16819012797074953 0.06896551724137931
0 0.8807129798903108 0.41119063109954457 0.08135283363802559 0.06636304489264802
0 0.6585923217550275 0.41509433962264153 0.253199268738574 0.07937540663630449
0 0.3875685557586837 0.4206245933636955 0.22851919561243145 0.07482108002602472
0 0.3642595978062157 0.058880936890045546 0.1380255941499086 0.06180871828236825
0 0.5114259597806216 0.19583604424202994 0.1416819012797075 0.05465191932335719
0 0.3423217550274223 0.614508783344177 0.1416819012797075 0.07872478854912167
0 0.13482632541133455 0.13500325309043593 0.180073126142596 0.07091737150292778
0 0.6704753199268738 0.19258295380611581 0.1910420475319927 0.06766428106701367
0 0.5475319926873857 0.2716330513988289 0.18647166361974407 0.07091737150292778
0 0.35283363802559414 0.27065712426805466 0.20109689213893966 0.06896551724137931
0 0.7888482632541134 0.2687052700065062 0.21389396709323583 0.07677293428757319
0 0.49177330895795246 0.6128822381262199 0.16270566727605118 0.08327911515940144
0 0.6503656307129799 0.6112556929082629 0.15996343692870202 0.08392973324658426
0 0.7774223034734917 0.6083279115159401 0.09963436928702012 0.08197787898503578
0 0.44012797074954296 0.9222511385816525 0.1453382084095064 0.08132726089785296
0 0.6183729433272395 0.9050097592713078 0.20749542961608775 0.06896551724137931
0 0.3889396709323583 0.3441769681197137 0.23491773308957953 0.0741704619388419
0 0.6069469835466179 0.3432010409889395 0.20658135283363802 0.07091737150292778
0 0.8304387568555759 0.33864671437865973 0.17641681901279707 0.0826284970722186
0 0.8893967093235832 0.6125569290826285 0.113345521023766 0.08002602472348731
0 0.3939670932358318 0.6971372804163956 0.1846435100548446 0.07221860767729343
0 0.6165447897623401 0.69355888093689 0.2623400365630713 0.08197787898503578
0 0.8441499085923218 0.6893298633702017 0.19652650822669104 0.0852309694209499
0 0.15447897623400367 0.8409238776837996 0.20292504570383912 0.08132726089785296
0 0.409963436928702 0.13077423552374756 0.11608775137111517 0.07286922576447626
0 0.7623400365630713 0.11938841899804814 0.1809872029250457 0.07091737150292778
0 0.8409506398537477 0.19713728041639558 0.14990859232175502 0.06766428106701367
0 0.7344606946983546 0.05823031880286272 0.22212065813528337 0.07221860767729343
0 0.2042961608775137 0.5487963565387117 0.20383912248628885 0.06701366297983084
0 0.8121572212065814 0.7670787247885491 0.24223034734917734 0.07937540663630449
0 0.44104204753199266 0.7771633051398829 0.3391224862888483 0.07612231620039037
0 0.13071297989031078 0.41541964866623293 0.12979890310786105 0.057905009759271306
0 0.1585923217550274 0.7761873780091086 0.1526508226691042 0.06115810019518542
0 0.33957952468007313 0.75113858165257 0.10329067641681901 0.04229017566688354
