0 0.1585612968591692 0.12549407114624506 0.1833839918946302 0.15217391304347827
0 0.4402228976697062 0.09980237154150198 0.3596757852077001 0.16205533596837945
0 0.7821681864235056 0.09782608695652174 0.303951367781155 0.1383399209486166
0 0.157548125633232 0.5563241106719368 0.19959473150962512 0.15810276679841898
0 0.15045592705167174 0.4150197628458498 0.20364741641337386 0.15612648221343872
0 0.3617021276595745 0.5760869565217391 0.19047619047619047 0.17391304347826086
0 0.5997973657548126 0.5731225296442688 0.2634245187436677 0.16403162055335968
0 0.11904761904761904 0.8231225296442688 0.18743667679837892 0.15019762845849802
0 0.39260385005065856 0.8162055335968379 0.3333333333333333 0.14624505928853754
0 0.7107396149949341 0.7989130434782609 0.2745694022289767 0.1432806324110672
0 0.9027355623100304 0.7934782608695652 0.12360688956433637 0.14031620553359683
0 0.12411347517730496 0.9436758893280632 0.19959473150962512 0.09486166007905138
0 0.34397163120567376 0.941699604743083 0.14488348530901723 0.09486166007905138
0 0.21479229989868287 0.2702569169960474 0.32016210739615 0.1650197628458498
0 0.5521783181357649 0.2549407114624506 0.30192502532928067 0.18774703557312253
0 0.8515704154002026 0.25049407114624506 0.292806484295846 0.17885375494071146
0 0.3829787234042553 0.42193675889328064 0.26545086119554206 0.1482213438735178
0 0.6808510638297872 0.4174901185770751 0.3343465045592705 0.14723320158102768
0 0.9148936170212766 0.40365612648221344 0.14184397163120568 0.13339920948616601
0 0.5055724417426545 0.9347826086956522 0.182370820668693 0.1225296442687747
