0 0.12326043737574553 0.3073666384419983 0.10536779324055666 0.11515664690939881
0 0.18439363817097415 0.6549534292972058 0.28926441351888665 0.13463166807790009
0 0.16053677932405566 0.07451312447078746 0.24950298210735586 0.12531752751905165
0 0.40357852882703776 0.060118543607112614 0.2485089463220676 0.10668924640135478
0 0.6302186878727635 0.057578323454699404 0.20874751491053678 0.10838272650296359
0 0.8558648111332008 0.06435224386113463 0.24254473161033796 0.10838272650296359
0 0.30218687872763417 0.43056731583403896 0.20874751491053678 0.13463166807790009
0 0.11530815109343936 0.42167654530059273 0.10536779324055666 0.09314140558848434
0 0.10337972166998012 0.5287891617273497 0.10337972166998012 0.10753598645215919
0 0.46520874751491054 0.6460626587637596 0.24652087475149106 0.13378492802709568
0 0.38916500994035785 0.28577476714648603 0.2852882703777336 0.15834038950042337
0 0.775844930417495 0.27307366638442 0.305168986083499 0.1397121083827265
0 0.6665009940357853 0.6257408975444538 0.15208747514910537 0.10668924640135478
0 0.8061630218687873 0.6236240474174428 0.13518886679920478 0.12447078746824725
0 0.9010934393638171 0.6261642675698561 0.07455268389662027 0.12955122777307368
0 0.2982107355864811 0.5237087214225233 0.24453280318091453 0.11769686706181202
0 0.24055666003976142 0.17781541066892464 0.31610337972166996 0.11515664690939881
0 0.47664015904572565 0.1676545300592718 0.17196819085487078 0.11515664690939881
0 0.6714711729622267 0.16257408975444537 0.23956262425447317 0.10838272650296359
0 0.643141153081511 0.39923793395427604 0.43339960238568587 0.13463166807790009
0 0.6322067594433399 0.5038103302286198 0.4234592445328032 0.11515664690939881
0 0.8832007952286283 0.15918712955122777 0.19980119284294234 0.10838272650296359
0 0.09045725646123261 0.9462320067739204 0.13320079522862824 0.07874682472480948
0 0.2286282306163022 0.9530059271803556 0.10536779324055666 0.07535986452159187
0 0.3782306163021869 0.9644369178662151 0.1978131212723658 0.0846740050804403
0 0.532803180914513 0.9597798475867908 0.08349900596421471 0.06858594411515664
0 0.6292246520874751 0.9449618966977138 0.12127236580516898 0.0846740050804403
0 0.7301192842942346 0.9441151566469094 0.08846918489065607 0.0863674851820491
0 0.8240556660039762 0.9022015241320914 0.10337972166998012 0.10922946655376799
0 0.9294234592445328 0.8937341236240475 0.1272365805168986 0.11939034716342083
