0 0.3378561736770692 0.0703225806451613 0.25780189959294436 0.1329032258064516
0 0.364314789687924 0.3329032258064516 0.30257801899592945 0.12387096774193548
0 0.6139755766621439 0.33806451612903227 0.16417910447761194 0.14451612903225808
0 0.37381275440976935 0.8458064516129032 0.21031207598371776 0.18193548387096775
0 0.7204884667571235 0.48838709677419356 0.21438263229308005 0.17419354838709677
0 0.41112618724559025 0.5019354838709678 0.35006784260515605 0.19870967741935483
0 0.6221166892808684 0.8109677419354838 0.24830393487109906 0.2
0 0.11261872455902307 0.8432258064516129 0.20081411126187246 0.1664516129032258
0 0.4993215739484396 0.19870967741935483 0.1546811397557666 0.1393548387096774
0 0.2835820895522388 0.2006451612903226 0.14111261872455902 0.1329032258064516
0 0.8134328358208955 0.7735483870967742 0.13432835820895522 0.1664516129032258
0 0.9118046132971506 0.743225806451613 0.08955223880597014 0.11612903225806452
0 0.5556309362279511 0.08064516129032258 0.1587516960651289 0.1406451612903226
0 0.13364993215739485 0.4838709677419355 0.23202170963364993 0.14709677419354839
