0 0.17005347593582887 0.07569060773480663 0.19893048128342247 0.12044198895027625
0 0.1449197860962567 0.7441988950276243 0.19144385026737967 0.15138121546961325
0 0.3941176470588235 0.07513812154696133 0.25989304812834224 0.1281767955801105
0 0.6256684491978609 0.8955801104972375 0.11550802139037433 0.16906077348066298
0 0.11497326203208556 0.5535911602209945 0.14224598930481283 0.2121546961325967
0 0.23850267379679144 0.5480662983425414 0.10481283422459893 0.17900552486187846
0 0.3893048128342246 0.5530386740331492 0.2160427807486631 0.2
0 0.560427807486631 0.5629834254143646 0.13262032085561498 0.17569060773480663
0 0.7887700534759359 0.9005524861878453 0.22139037433155082 0.15027624309392265
0 0.681283422459893 0.5651933701657459 0.10267379679144385 0.13149171270718232
0 0.7855614973262032 0.5696132596685083 0.10588235294117647 0.1138121546961326
0 0.8994652406417112 0.5569060773480663 0.11550802139037433 0.13922651933701657
0 0.332620320855615 0.7425414364640884 0.17754010695187167 0.16132596685082873
0 0.45187165775401067 0.888950276243094 0.2320855614973262 0.14475138121546963
0 0.2358288770053476 0.8867403314917127 0.21283422459893048 0.12265193370165746
0 0.7786096256684492 0.7397790055248619 0.36363636363636365 0.1734806629834254
0 0.5064171122994653 0.7364640883977901 0.17647058823529413 0.16464088397790055
0 0.6005347593582888 0.07237569060773481 0.15508021390374332 0.1292817679558011
0 0.7727272727272727 0.0707182320441989 0.20855614973262032 0.12596685082872927
0 0.9203208556149732 0.07458563535911603 0.10374331550802139 0.11823204419889503
