0 0.866046511627907 0.816003616636528 0.15069767441860465 0.07775768535262206
0 0.4190697674418605 0.828887884267631 0.2241860465116279 0.0628390596745027
0 0.16790697674418606 0.8338607594936709 0.2837209302325581 0.07549728752260398
0 0.4544186046511628 0.8971518987341772 0.08837209302325581 0.06826401446654612
0 0.30372093023255814 0.8989602169981917 0.21488372093023256 0.060126582278481014
0 0.47674418604651164 0.5131103074141049 0.15348837209302327 0.06148282097649186
0 0.6711627906976744 0.5174050632911392 0.23534883720930233 0.07459312839059674
0 0.26976744186046514 0.5133363471971067 0.2641860465116279 0.06374321880650995
0 0.513953488372093 0.45999095840867993 0.16651162790697674 0.05289330922242315
0 0.33767441860465114 0.4581826401446655 0.18604651162790697 0.05289330922242315
0 0.8623255813953489 0.45795660036166363 0.19162790697674417 0.05605786618444846
0 0.8744186046511628 0.5189873417721519 0.17302325581395347 0.0650994575045208
0 0.13209302325581396 0.1220614828209765 0.25488372093023254 0.07504520795660036
0 0.5293023255813953 0.11482820976491863 0.17116279069767443 0.06329113924050633
0 0.07953488372093023 0.24073236889692587 0.13674418604651162 0.06103074141048825
0 0.3144186046511628 0.23575949367088608 0.13023255813953488 0.05831826401446655
0 0.5497674418604651 0.23688969258589512 0.08744186046511628 0.05063291139240506
0 0.8232558139534883 0.18037974683544303 0.08930232558139535 0.0650994575045208
0 0.1344186046511628 0.4617992766726944 0.22790697674418606 0.06555153707052441
0 0.13116279069767442 0.2981464737793852 0.26790697674418606 0.06735985533453888
0 0.5604651162790698 0.2800632911392405 0.2855813953488372 0.05831826401446655
0 0.8832558139534884 0.2416365280289331 0.12558139534883722 0.05289330922242315
0 0.8632558139534884 0.11821880650994575 0.23255813953488372 0.06464737793851717
0 0.641860465116279 0.18015370705244124 0.2753488372093023 0.06374321880650995
0 0.684186046511628 0.11437613019891502 0.14418604651162792 0.05605786618444846
0 0.3372093023255814 0.28729656419529837 0.19069767441860466 0.06103074141048825
0 0.14046511627906977 0.3476491862567812 0.23627906976744187 0.07323688969258589
0 0.35674418604651165 0.34584086799276675 0.17953488372093024 0.059674502712477394
0 0.5306976744186046 0.34177215189873417 0.16093023255813954 0.07323688969258589
0 0.8776744186046511 0.34584086799276675 0.14790697674418604 0.07142857142857142
0 0.8516279069767442 0.8851717902350814 0.1925581395348837 0.08408679927667269
0 0.35069767441860467 0.10827305605786619 0.18976744186046512 0.057414104882459314
0 0.858139534883721 0.03684448462929476 0.09581395348837209 0.05379746835443038
0 0.9362790697674419 0.045207956600361664 0.06976744186046512 0.05786618444846293
0 0.7348837209302326 0.032775768535262206 0.16 0.051989150090415916
0 0.8237209302325581 0.2820976491862568 0.25953488372093025 0.05515370705244123
0 0.707906976744186 0.3395117540687161 0.22325581395348837 0.07414104882459313
0 0.9265116279069767 0.18173598553345388 0.12651162790697673 0.07323688969258589
0 0.15209302325581395 0.02825497287522604 0.21674418604651163 0.045660036166365284
0 0.3218604651162791 0.026446654611211574 0.16930232558139535 0.05289330922242315
0 0.11209302325581395 0.8964737793851718 0.14790697674418604 0.05877034358047016
0 0.5688372093023256 0.8982820976491862 0.12930232558139534 0.07504520795660036
0 0.6976744186046512 0.8939873417721519 0.1413953488372093 0.08182640144665461
0 0.47069767441860466 0.028481012658227847 0.14511627906976743 0.056962025316455694
0 0.6 0.027802893309222424 0.12093023255813953 0.04837251356238698
0 0.9711627906976744 0.8788426763110307 0.05767441860465116 0.08227848101265822
