0 0.13384813384813385 0.08037974683544304 0.21106821106821108 0.15822784810126583
0 0.3745173745173745 0.07911392405063292 0.23166023166023167 0.15316455696202533
0 0.7258687258687259 0.11582278481012659 0.4247104247104247 0.21139240506329113
0 0.12998712998713 0.7063291139240506 0.23166023166023167 0.23037974683544304
0 0.4826254826254826 0.7310126582278481 0.4144144144144144 0.23670886075949368
0 0.1492921492921493 0.9373417721518987 0.2471042471042471 0.13037974683544304
0 0.3996138996138996 0.9373417721518987 0.26383526383526384 0.14810126582278482
0 0.8416988416988417 0.7227848101265822 0.31402831402831405 0.2607594936708861
0 0.7541827541827542 0.9284810126582278 0.1981981981981982 0.11012658227848102
0 0.592020592020592 0.9208860759493671 0.13384813384813385 0.13037974683544304
