0 0.18797399783315277 0.15955383123181377 0.1635969664138678 0.1309408341416101
0 0.40303358613217766 0.15373423860329777 0.26218851570964247 0.16779825412221144
0 0.6343445287107259 0.16391852570320078 0.23076923076923078 0.18816682832201745
0 0.16793066088840736 0.45586808923375366 0.22318526543878656 0.1842870999030068
0 0.42145178764897073 0.44325897187196894 0.28602383531960995 0.16682832201745879
0 0.676056338028169 0.447623666343356 0.22535211267605634 0.15809893307468478
0 0.17876489707475623 0.5921435499515034 0.27952329360780065 0.13288069835111543
0 0.4079089924160347 0.6023278370514064 0.1722643553629469 0.12609117361784675
0 0.1744312026002167 0.7269641125121241 0.19068255687973998 0.1483996120271581
0 0.35590465872156013 0.7366634335596508 0.1722643553629469 0.14645974781765275
0 0.6803900325027086 0.7390882638215325 0.35102925243770317 0.1454898157129001
0 0.15113759479956662 0.8908826382153249 0.180931744312026 0.18331716779825413
0 0.41386782231852653 0.8831231813773036 0.21451787648970747 0.15615906886517944
0 0.6841820151679306 0.8782735208535403 0.26977248104008666 0.16391852570320078
0 0.600216684723727 0.3123181377303589 0.17118093174431204 0.13579049466537343
0 0.1657638136511376 0.29582929194956353 0.1560130010834236 0.13773035887487875
0 0.8705308775731311 0.4219204655674103 0.21776814734561215 0.15906886517943744
0 0.7459371614301191 0.5965082444228904 0.09859154929577464 0.15906886517943744
0 0.5958829902491874 0.5984481086323957 0.23185265438786565 0.15324927255092144
0 0.8894907908992417 0.5824442289039767 0.19934994582881907 0.19107662463627545
0 0.8087757313109426 0.15761396702230843 0.1635969664138678 0.19495635305528614
