0 0.1327713382507903 0.09768064228367529 0.20021074815595363 0.07225691347011597
0 0.12065331928345627 0.44023193577163244 0.19072708113804004 0.18465655664585193
0 0.5015806111696522 0.41570026761819806 0.17070600632244468 0.1462979482604817
0 0.11169652265542676 0.7970561998215878 0.16859852476290832 0.15967885816235505
0 0.43308746048472074 0.7743086529884032 0.17702845100105374 0.14986619090098127
0 0.7191780821917808 0.796164139161463 0.32982086406743943 0.14540588760035683
0 0.47892518440463644 0.9183764495985727 0.4077976817702845 0.11685994647636039
0 0.3577449947312961 0.13826940231935772 0.14436248682824027 0.1391614629794826
0 0.31612223393045313 0.4201605709188225 0.20864067439409906 0.15521855486173058
0 0.5727081138040042 0.623550401427297 0.16332982086406744 0.1623550401427297
0 0.5321390937829295 0.13648528099910795 0.2191780821917808 0.1534344335414808
0 0.39673340358271864 0.6115075825156111 0.21390937829293993 0.17216770740410348
0 0.7771338250790305 0.636485280999108 0.2476290832455216 0.19714540588760035
0 0.15858798735511065 0.6239964317573595 0.30031612223393045 0.1793041926851026
0 0.8082191780821918 0.9228367528991972 0.2528977871443625 0.10437109723461195
0 0.7133825079030558 0.11552185548617305 0.1749209694415174 0.17752007136485282
0 0.863013698630137 0.26761819803746656 0.22128556375131717 0.14272970561998216
0 0.11959957850368809 0.27876895628902765 0.1886195995785037 0.14897413024085637
0 0.3719704952581665 0.28679750223015166 0.31612223393045313 0.13291703835860838
0 0.589041095890411 0.276092774308653 0.04847207586933614 0.11864406779661017
0 0.678609062170706 0.26851025869759143 0.13909378292939936 0.13737734165923282
0 0.9425711275026344 0.5976806422836753 0.07903055848261328 0.13737734165923282
0 0.05321390937829294 0.915700267618198 0.08956796628029505 0.0704727921498662
0 0.7060063224446786 0.4322033898305085 0.2297154899894626 0.18287243532560213
