0 0.1966824644549763 0.20683802133850632 0.16208530805687205 0.05286129970902037
0 0.33838862559241706 0.2053831231813773 0.0985781990521327 0.05286129970902037
0 0.45687203791469194 0.2463627546071775 0.12511848341232226 0.055286129970902036
0 0.4597156398104265 0.30577109602327834 0.0909952606635071 0.06547041707080505
0 0.2995260663507109 0.4277400581959263 0.11184834123222749 0.05140640155189137
0 0.16635071090047393 0.43089233753637246 0.12417061611374408 0.0548011639185257
0 0.4772511848341232 0.5387972841901066 0.2720379146919431 0.06013579049466537
0 0.690521327014218 0.5327352085354026 0.0995260663507109 0.06741028128031037
0 0.6071090047393365 0.030552861299709022 0.18672985781990523 0.05625606207565471
0 0.8895734597156398 0.0431619786614937 0.07298578199052133 0.055286129970902036
0 0.45639810426540284 0.10766246362754607 0.3118483412322275 0.05722599418040737
0 0.6156398104265403 0.1898642095053346 0.15260663507109004 0.07225994180407372
0 0.8545023696682464 0.17749757516973813 0.21137440758293838 0.07371483996120272
0 0.5156398104265403 0.4226479146459748 0.2843601895734597 0.05577109602327837
0 0.15876777251184834 0.5417070805043647 0.23033175355450236 0.06692531522793405
0 0.14028436018957346 0.4827837051406402 0.22369668246445498 0.056741028128031036
0 0.3938388625592417 0.4803588748787585 0.1734597156398104 0.06159068865179437
0 0.8009478672985783 0.465082444228904 0.26540284360189575 0.06692531522793405
0 0.10758293838862559 0.7563045586808923 0.15260663507109004 0.08292919495635305
0 0.2966824644549763 0.7521823472356935 0.2161137440758294 0.07177497575169738
0 0.4829383886255924 0.7621241513094084 0.16208530805687205 0.06159068865179437
0 0.6658767772511849 0.757274490785645 0.2132701421800948 0.07129000969932105
0 0.8151658767772512 0.7512124151309408 0.08909952606635071 0.06983511154219205
0 0.9180094786729858 0.7473326867119302 0.1052132701421801 0.06983511154219205
0 0.7312796208530805 0.8079534432589719 0.09573459715639811 0.05625606207565471
0 0.8554502369668247 0.8057710960232783 0.16208530805687205 0.050921435499515035
0 0.13838862559241707 0.8676042677012609 0.204739336492891 0.058195926285160036
0 0.7767772511848341 0.025703200775945685 0.15260663507109004 0.04558680892337536
0 0.6393364928909953 0.24878758486905916 0.12985781990521328 0.05431619786614937
0 0.795260663507109 0.5281280310378274 0.08151658767772511 0.06304558680892337
0 0.07393364928909953 0.4282250242483026 0.08151658767772511 0.06498545101842872
0 0.45924170616113746 0.3668768186226964 0.0881516587677725 0.05771096023278371
0 0.704739336492891 0.35354025218234725 0.11469194312796209 0.05722599418040737
0 0.07440758293838863 0.3642095053346266 0.0938388625592417 0.06304558680892337
0 0.05924170616113744 0.2989815712900097 0.06919431279620854 0.06256062075654704
0 0.8530805687203792 0.3450533462657614 0.14976303317535544 0.056741028128031036
0 0.7611374407582938 0.29510184287099905 0.14786729857819905 0.0635305528612997
0 0.8654028436018958 0.2938894277400582 0.06635071090047394 0.052376333656644035
0 0.718957345971564 0.41488845780795347 0.11848341232227488 0.056741028128031036
0 0.8748815165876778 0.40033947623666344 0.14786729857819905 0.06741028128031037
0 0.5644549763033175 0.36323957322987394 0.1033175355450237 0.06401551891367604
0 0.5957345971563981 0.2989815712900097 0.18104265402843603 0.050921435499515035
0 0.295260663507109 0.255819592628516 0.08436018957345971 0.04510184287099903
0 0.8549763033175355 0.23642095053346265 0.12701421800947868 0.05577109602327837
0 0.3113744075829384 0.8734238603297769 0.12796208530805686 0.052376333656644035
0 0.15402843601895735 0.9641125121241513 0.24170616113744076 0.04558680892337536
0 0.41800947867298577 0.9692046556741029 0.2009478672985782 0.042192046556741025
0 0.7990521327014218 0.9677497575169738 0.15734597156398103 0.0431619786614937
0 0.5914691943127962 0.9182832201745877 0.08151658767772511 0.03249272550921436
0 0.6251184834123222 0.933074684772066 0.2037914691943128 0.06304558680892337
0 0.5355450236966824 0.8615421920465567 0.07582938388625593 0.028612997090203686
0 0.6227488151658768 0.8688166828322017 0.2995260663507109 0.06644034917555772
0 0.8748815165876778 0.8576624636275461 0.204739336492891 0.06062075654704171
0 0.70521327014218 0.09553831231813772 0.1895734597156398 0.06692531522793405
0 0.8677725118483413 0.09529582929194956 0.15071090047393365 0.05286129970902037
0 0.07630331753554502 0.20950533462657614 0.0881516587677725 0.04558680892337536
0 0.18388625592417063 0.254364694471387 0.1004739336492891 0.0431619786614937
0 0.07014218009478673 0.2521823472356935 0.0947867298578199 0.03588748787584869
0 0.17772511848341233 0.29582929194956353 0.1052132701421801 0.041707080504364696
0 0.2962085308056872 0.2938894277400582 0.1033175355450237 0.05140640155189137
0 0.3118483412322275 0.3055286129970902 0.05118483412322275 0.03200775945683802
0 0.4260663507109005 0.8717264791464597 0.11469194312796209 0.05577109602327837
0 0.9469194312796209 0.5135790494665373 0.07582938388625593 0.07177497575169738
