0 0.16433566433566432 0.12959183673469388 0.1888111888111888 0.16326530612244897
0 0.39044289044289043 0.12806122448979593 0.24242424242424243 0.1704081632653061
0 0.1520979020979021 0.6928571428571428 0.2062937062937063 0.1306122448979592
0 0.1958041958041958 0.8464285714285714 0.30303030303030304 0.1377551020408163
0 0.47086247086247085 0.8357142857142857 0.2261072261072261 0.11632653061224489
0 0.6853146853146853 0.8270408163265306 0.20745920745920746 0.11734693877551021
0 0.8665501165501166 0.8301020408163265 0.16433566433566432 0.16224489795918368
0 0.391025641025641 0.685204081632653 0.2365967365967366 0.15
0 0.3508158508158508 0.4035714285714286 0.2703962703962704 0.13979591836734695
0 0.5938228438228438 0.3943877551020408 0.19230769230769232 0.14183673469387756
0 0.8047785547785548 0.3964285714285714 0.23193473193473194 0.11734693877551021
0 0.9446386946386947 0.39387755102040817 0.06643356643356643 0.11020408163265306
0 0.6783216783216783 0.5372448979591836 0.2517482517482518 0.14183673469387756
0 0.8951048951048951 0.5260204081632653 0.18181818181818182 0.15
0 0.6392773892773893 0.689795918367347 0.2365967365967366 0.16326530612244897
0 0.8292540792540792 0.6801020408163265 0.1386946386946387 0.15
0 0.8508158508158508 0.1326530612244898 0.16783216783216784 0.1326530612244898
0 0.8362470862470862 0.2683673469387755 0.3275058275058275 0.14081632653061224
0 0.5979020979020979 0.2586734693877551 0.1655011655011655 0.13979591836734695
0 0.5565268065268065 0.1270408163265306 0.08275058275058275 0.1336734693877551
0 0.6777389277389277 0.1270408163265306 0.16666666666666666 0.1377551020408163
0 0.11538461538461539 0.39540816326530615 0.19347319347319347 0.1704081632653061
0 0.9434731934731935 0.6760204081632653 0.09207459207459208 0.14591836734693878
