0 0.11666666666666667 0.12436868686868686 0.09444444444444444 0.14772727272727273
0 0.2861111111111111 0.1111111111111111 0.175 0.1691919191919192
0 0.6020833333333333 0.10227272727272728 0.14027777777777778 0.13636363636363635
0 0.8104166666666667 0.10037878787878787 0.27361111111111114 0.14267676767676768
0 0.4479166666666667 0.10353535353535354 0.1625 0.15656565656565657
0 0.13958333333333334 0.27904040404040403 0.20694444444444443 0.17929292929292928
0 0.07222222222222222 0.45454545454545453 0.09166666666666666 0.1414141414141414
0 0.2777777777777778 0.4438131313131313 0.20277777777777778 0.1553030303030303
0 0.48125 0.43434343434343436 0.24583333333333332 0.1691919191919192
0 0.7951388888888888 0.44191919191919193 0.3819444444444444 0.15404040404040403
0 0.20625 0.6098484848484849 0.1486111111111111 0.15151515151515152
0 0.4847222222222222 0.6079545454545454 0.38055555555555554 0.1553030303030303
0 0.7444444444444445 0.6073232323232324 0.15 0.17676767676767677
0 0.4125 0.2689393939393939 0.31666666666666665 0.18434343434343434
0 0.63125 0.2676767676767677 0.13472222222222222 0.19444444444444445
0 0.8402777777777778 0.25441919191919193 0.2916666666666667 0.1755050505050505
0 0.08958333333333333 0.7941919191919192 0.13194444444444445 0.16666666666666666
0 0.22569444444444445 0.7941919191919192 0.14583333333333334 0.15404040404040403
0 0.3958333333333333 0.7853535353535354 0.2111111111111111 0.1717171717171717
0 0.5604166666666667 0.7670454545454546 0.0875 0.15025252525252525
0 0.7180555555555556 0.76010101010101 0.2638888888888889 0.14646464646464646
0 0.9194444444444444 0.7746212121212122 0.14722222222222223 0.17045454545454544
0 0.5326388888888889 0.9311868686868687 0.15416666666666667 0.10479797979797979
0 0.7805555555555556 0.9166666666666666 0.29444444444444445 0.14393939393939395
0 0.9020833333333333 0.6079545454545454 0.1763888888888889 0.1553030303030303
