0 0.14500442086648982 0.36748582230623816 0.07957559681697612 0.05217391304347826
0 0.17329796640141468 0.5107750472589792 0.09549071618037135 0.05141776937618148
0 0.33554376657824936 0.5103969754253308 0.14765694076038904 0.05595463137996219
0 0.48938992042440316 0.5094517958412098 0.17418213969938107 0.0555765595463138
0 0.34394341290893016 0.3620037807183365 0.26171529619805484 0.04499054820415879
0 0.5627763041556145 0.35860113421550094 0.15649867374005305 0.05179584120982987
0 0.1273209549071618 0.15236294896030245 0.13793103448275862 0.047637051039697544
0 0.26480990274093724 0.14839319470699433 0.1282051282051282 0.04499054820415879
0 0.48717948717948717 0.22551984877126655 0.16091954022988506 0.04877126654064272
0 0.10875331564986737 0.09962192816635161 0.07427055702917772 0.05330812854442344
0 0.14588859416445624 0.29111531190926276 0.11494252873563218 0.059735349716446125
0 0.1220159151193634 0.2001890359168242 0.1361626878868258 0.05255198487712665
0 0.15119363395225463 0.4175803402646503 0.08134394341290893 0.04650283553875236
0 0.14279398762157383 0.04404536862003781 0.23784261715296198 0.056332703213610585
0 0.4381078691423519 0.07901701323251417 0.06631299734748011 0.05822306238185255
0 0.6118479221927497 0.13969754253308128 0.15915119363395225 0.04650283553875236
0 0.8169761273209549 0.1389413988657845 0.23519009725906279 0.05179584120982987
0 0.14456233421750664 0.6792060491493384 0.1246684350132626 0.05784499054820416
0 0.27674624226348365 0.6773156899810964 0.13969938107869143 0.04574669187145557
0 0.14146772767462423 0.7385633270321361 0.11140583554376658 0.06086956521739131
0 0.25862068965517243 0.7415879017013233 0.12643678160919541 0.050283553875236295
0 0.3850574712643678 0.7478260869565218 0.12643678160919541 0.05444234404536862
0 0.5923961096374889 0.7466918714555766 0.251105216622458 0.05822306238185255
0 0.7462422634836428 0.6799621928166352 0.134394341290893 0.06011342155009452
0 0.8625110521662246 0.6801512287334593 0.09283819628647215 0.05822306238185255
0 0.6065428824049514 0.688468809073724 0.1184792219274978 0.05671077504725898
0 0.48320070733863835 0.8119092627599244 0.16003536693191867 0.057088846880907373
0 0.6131741821396994 0.8107750472589792 0.10875331564986737 0.06162570888468809
0 0.31741821396993813 0.4166351606805293 0.22104332449160036 0.04914933837429111
0 0.5004420866489832 0.40926275992438566 0.15561450044208666 0.04574669187145557
0 0.28249336870026526 0.28544423440453687 0.16357206012378425 0.04839319470699433
0 0.4244031830238727 0.2801512287334594 0.13262599469496023 0.04385633270321361
0 0.2484526967285588 0.1948960302457467 0.14146772767462423 0.04650283553875236
0 0.39036251105216624 0.18657844990548203 0.14588859416445624 0.03667296786389414
0 0.9014146772767463 0.2646502835538752 0.14588859416445624 0.04839319470699433
0 0.32847038019451813 0.03251417769376182 0.14588859416445624 0.04007561436672968
0 0.5384615384615384 0.07277882797731569 0.10256410256410256 0.057088846880907373
0 0.6251105216622458 0.07069943289224953 0.06542882404951371 0.05141776937618148
0 0.48010610079575594 0.027410207939508508 0.16268788682581786 0.03667296786389414
0 0.6454465075154731 0.02551984877126654 0.14854111405835543 0.04196597353497165
0 0.784261715296198 0.02400756143667297 0.1361626878868258 0.0389413988657845
0 0.7104332449160036 0.06748582230623819 0.07692307692307693 0.04650283553875236
0 0.8368700265251989 0.05349716446124764 0.17418213969938107 0.037429111531190926
0 0.8213969938107869 0.09243856332703214 0.2369584438549956 0.04650283553875236
0 0.4319186560565871 0.1440453686200378 0.1830238726790451 0.04310018903591682
0 0.5402298850574713 0.18487712665406428 0.15561450044208666 0.03931947069943289
0 0.6914235190097259 0.18109640831758034 0.16445623342175067 0.04007561436672968
0 0.8342175066312998 0.1824196597353497 0.13527851458885942 0.035916824196597356
0 0.9412024756852343 0.1773156899810964 0.08753315649867374 0.03780718336483932
0 0.29045092838196285 0.23724007561436672 0.23253757736516356 0.04725897920604915
0 0.6631299734748011 0.2283553875236295 0.1892130857648099 0.05217391304347826
0 0.8231653404067197 0.21493383742911154 0.10256410256410256 0.044234404536862004
0 0.594606542882405 0.2767485822306238 0.21485411140583555 0.04612476370510397
0 0.76657824933687 0.2669187145557656 0.134394341290893 0.046880907372400756
0 0.7387267904509284 0.35935727788279775 0.17771883289124668 0.05103969754253308
0 0.652077807250221 0.40869565217391307 0.13351016799292661 0.04914933837429111
0 0.8063660477453581 0.40264650283553877 0.16622458001768348 0.05444234404536862
0 0.9173297966401415 0.3931947069943289 0.06984969053934571 0.05141776937618148
0 0.21750663129973474 0.454820415879017 0.1768346595932803 0.046880907372400756
0 0.4885057471264368 0.4604914933837429 0.2502210433244916 0.0499054820415879
0 0.7117595048629531 0.4542533081285444 0.10963748894783377 0.050283553875236295
0 0.9014146772767463 0.43950850661625707 0.15473032714412024 0.05935727788279773
0 0.6746242263483643 0.5066162570888468 0.20335985853227231 0.05671077504725898
0 0.8465959328028294 0.49678638941398867 0.15296198054818744 0.0612476370510397
0 0.9442970822281167 0.4867674858223062 0.0671971706454465 0.0555765595463138
0 0.39080459770114945 0.6899810964083176 0.07427055702917772 0.06049149338374291
0 0.48894783377542 0.6882797731568998 0.11671087533156499 0.057088846880907373
0 0.7931034482758621 0.7429111531190926 0.15384615384615385 0.06275992438563327
0 0.9093722369584438 0.02400756143667297 0.1229000884173298 0.02835538752362949
0 0.9084880636604774 0.21720226843100188 0.08045977011494253 0.0389413988657845
0 0.9699381078691424 0.21474480151228734 0.038903625110521665 0.03856332703213611
0 0.652077807250221 0.3162570888468809 0.07692307692307693 0.04272211720226843
0 0.7776304155614501 0.3120982986767486 0.11582670203359859 0.04801512287334594
0 0.8850574712643678 0.30964083175803403 0.10786914235190097 0.047637051039697544
0 0.9014146772767463 0.35293005671077504 0.16003536693191867 0.04574669187145557
0 0.1830238726790451 0.5591682419659736 0.11494252873563218 0.04234404536862004
0 0.3572060123784262 0.555765595463138 0.1786030061892131 0.03931947069943289
0 0.5733863837312113 0.5533081285444235 0.2572944297082228 0.043478260869565216
0 0.737842617152962 0.5476370510396975 0.07515473032714412 0.037429111531190926
0 0.8510167992926614 0.5427221172022685 0.09283819628647215 0.04574669187145557
0 0.19849690539345713 0.5964083175803403 0.09283819628647215 0.037429111531190926
0 0.2975243147656941 0.5962192816635161 0.08930150309460655 0.03931947069943289
0 0.4385499557913351 0.5935727788279773 0.19805481874447392 0.036294896030245744
0 0.5959328028293546 0.588468809073724 0.12024756852343059 0.03289224952741021
0 0.7440318302387268 0.5829867674858223 0.16710875331564987 0.03780718336483932
0 0.8894783377541998 0.5746691871455577 0.125552608311229 0.04234404536862004
0 0.8169761273209549 0.8527410207939509 0.25287356321839083 0.062381852551984876
0 0.8642793987621574 0.8952741020793951 0.11052166224580018 0.04234404536862004
0 0.5534924845269673 0.9037807183364839 0.21220159151193635 0.04499054820415879
0 0.40274093722369586 0.9850661625708884 0.22015915119363394 0.029867674858223062
0 0.5720601237842617 0.9846880907372401 0.1220159151193634 0.03062381852551985
0 0.7347480106100795 0.9854442344045369 0.22281167108753316 0.0275992438563327
0 0.9526967285587975 0.9340264650283554 0.09814323607427056 0.06540642722117203
0 0.7785145888594165 0.9385633270321361 0.25552608311229 0.06011342155009452
0 0.5459770114942529 0.9474480151228734 0.21485411140583555 0.05066162570888469
