0 0.46339869281045754 0.09073604060913705 0.22875816993464052 0.1383248730964467
0 0.6725490196078432 0.10279187817258884 0.19477124183006536 0.15228426395939088
0 0.2934640522875817 0.2779187817258883 0.16601307189542483 0.19035532994923857
0 0.7764705882352941 0.2880710659898477 0.13856209150326798 0.20812182741116753
0 0.08431372549019608 0.7398477157360406 0.15555555555555556 0.16751269035532995
0 0.4823529411764706 0.26903553299492383 0.22483660130718955 0.19543147208121828
0 0.1130718954248366 0.2779187817258883 0.2 0.21573604060913706
0 0.5464052287581699 0.5057106598984772 0.14640522875816994 0.17385786802030456
0 0.5418300653594771 0.7131979695431472 0.31241830065359477 0.16243654822335024
0 0.2758169934640523 0.7277918781725888 0.2196078431372549 0.17639593908629442
0 0.1627450980392157 0.516497461928934 0.30980392156862746 0.18274111675126903
0 0.39215686274509803 0.5088832487309645 0.16209150326797386 0.17766497461928935
0 0.7372549019607844 0.4993654822335025 0.23006535947712417 0.18401015228426396
0 0.9222222222222223 0.49746192893401014 0.15294117647058825 0.1751269035532995
0 0.8098039215686275 0.8699238578680203 0.257516339869281 0.16624365482233502
0 0.22745098039215686 0.10977157360406091 0.2457516339869281 0.12309644670050761
0 0.6457516339869281 0.2753807106598985 0.12287581699346405 0.1802030456852792
0 0.8313725490196079 0.7030456852791879 0.2849673202614379 0.18274111675126903
0 0.8803921568627451 0.08946700507614214 0.17124183006535948 0.15862944162436549
0 0.9183006535947712 0.2772842639593909 0.14248366013071895 0.18908629441624367
0 0.16601307189542483 0.08565989847715735 0.2718954248366013 0.1484771573604061
