0 0.19332566168009205 0.1195069667738478 0.17491369390103567 0.1382636655948553
0 0.4844649021864212 0.09860664523043944 0.2140391254315305 0.12218649517684887
0 0.09953970080552359 0.6741693461950696 0.14384349827387802 0.13933547695605572
0 0.17031070195627157 0.905144694533762 0.14959723820483314 0.12111468381564845
0 0.5 0.6757770632368703 0.15535097813578827 0.1339764201500536
0 0.09838895281933256 0.4003215434083601 0.14154200230149597 0.14255091103965703
0 0.6547756041426928 0.10503751339764202 0.12888377445339472 0.11789924973204716
0 0.07710011507479862 0.5482315112540193 0.1334867663981588 0.11039657020364416
0 0.29689298043728424 0.6591639871382636 0.23705408515535098 0.1414790996784566
0 0.40276179516685845 0.8992497320471597 0.2669735327963176 0.11361200428724544
0 0.6680092059838896 0.8906752411575563 0.20368239355581128 0.12004287245444802
0 0.8688147295742232 0.8595927116827439 0.2002301495972382 0.1414790996784566
0 0.7186421173762946 0.7867095391211146 0.3256616800920598 0.09217577706323687
0 0.5782508630609896 0.394962486602358 0.21288837744533948 0.14255091103965703
0 0.8521288837744534 0.3703108252947481 0.2911392405063291 0.1339764201500536
0 0.806674338319908 0.23365487674169347 0.3291139240506329 0.1307609860664523
0 0.8055235903337169 0.11736334405144695 0.1611047180667434 0.12968917470525188
0 0.31990794016110474 0.40139335476956056 0.3037974683544304 0.1382636655948553
0 0.2974683544303797 0.5337620578778135 0.3141542002301496 0.11789924973204716
0 0.6104718066743383 0.5439442658092176 0.32105868814729577 0.16184351554126475
0 0.2802071346375144 0.24758842443729903 0.238204833141542 0.15862808145766344
0 0.5143843498273878 0.2347266881028939 0.24856156501726123 0.14362272240085744
0 0.6760644418872267 0.6854233654876741 0.13924050632911392 0.11682743837084673
0 0.8371691599539701 0.6720257234726688 0.18296892980437285 0.15219721329046088
0 0.8176064441887226 0.5273311897106109 0.10701956271576525 0.15219721329046088
0 0.9338319907940161 0.5203644158628081 0.13463751438434982 0.15112540192926044
0 0.9631760644418872 0.6752411575562701 0.0759493670886076 0.14790996784565916
0 0.3291139240506329 0.09967845659163987 0.11047180667433831 0.11361200428724544
