0 0.36483390607101945 0.161345496009122 0.145475372279496 0.15849486887115166
0 0.8390607101947308 0.1807297605473204 0.1729667812142039 0.18586088939566706
0 0.5950744558991982 0.18015963511972635 0.3150057273768614 0.1961231470923603
0 0.18900343642611683 0.7696693272519954 0.20618556701030927 0.14823261117445838
0 0.39805269186712483 0.774230330672748 0.22336769759450173 0.17103762827822122
0 0.643184421534937 0.7468643101482326 0.24627720504009165 0.22576966932725198
0 0.8041237113402062 0.7331812998859749 0.07560137457044673 0.1847206385404789
0 0.9249713631156931 0.6966932725199544 0.15234822451317298 0.16419612314709237
0 0.1729667812142039 0.14481185860889395 0.16036655211912945 0.15051311288483465
0 0.2170675830469645 0.928164196123147 0.2279495990836197 0.1322690992018244
0 0.42955326460481097 0.9321550741163056 0.2542955326460481 0.11972633979475485
0 0.634020618556701 0.936145952109464 0.15922107674684993 0.09122006841505131
0 0.8424971363115693 0.9122006841505131 0.2531500572737686 0.1322690992018244
