0 0.11006289308176101 0.039955190440627335 0.15932914046121593 0.05153099327856609
0 0.06918238993710692 0.13256161314413742 0.10062893081761007 0.08140403286034353
0 0.2578616352201258 0.03435399551904406 0.12578616352201258 0.05974607916355489
0 0.16771488469601678 0.13069454817027631 0.12159329140461216 0.07766990291262135
0 0.0319706498951782 0.4055265123226288 0.06813417190775681 0.06870799103808813
0 0.03511530398322851 0.5586258401792382 0.0639412997903564 0.06870799103808813
0 0.05241090146750524 0.6426437640029873 0.09014675052410902 0.07393577296489919
0 0.08333333333333333 0.8289768483943242 0.1310272536687631 0.07916355489171023
0 0.0639412997903564 0.9451082897684839 0.09014675052410902 0.05153099327856609
0 0.4837526205450734 0.8786407766990292 0.13731656184486374 0.07692307692307693
0 0.120020964360587 0.3965646004480956 0.12473794549266247 0.09111277072442121
0 0.12578616352201258 0.5481702763256161 0.1111111111111111 0.08065720687079911
0 0.24266247379454928 0.5511575802837939 0.11635220125786164 0.07617625093353249
0 0.5550314465408805 0.556385362210605 0.08280922431865828 0.08961911874533234
0 0.6624737945492662 0.5556385362210605 0.14255765199161424 0.09111277072442121
0 0.13626834381551362 0.6392830470500374 0.1111111111111111 0.07916355489171023
0 0.05870020964360587 0.7460791635548917 0.1111111111111111 0.07916355489171023
0 0.17662473794549266 0.7442120985810307 0.13731656184486374 0.09634055265123226
0 0.039832285115303984 0.29200896191187453 0.10062893081761007 0.09111277072442121
0 0.14255765199161424 0.2875280059746079 0.11320754716981132 0.10007468259895444
0 0.29245283018867924 0.29014189693801345 0.1719077568134172 0.1157580283793876
0 0.24633123689727462 0.6374159820761762 0.1278825995807128 0.07244212098581031
0 0.3747379454926625 0.635175504107543 0.13731656184486374 0.07393577296489919
0 0.3191823899371069 0.7262882748319641 0.16666666666666666 0.1053024645257655
0 0.7924528301886793 0.5515309932785661 0.12159329140461216 0.08289768483943241
0 0.3658280922431866 0.03435399551904406 0.10482180293501048 0.06273338312173264
0 0.41509433962264153 0.2961165048543689 0.10062893081761007 0.09185959671396565
0 0.5424528301886793 0.29200896191187453 0.16876310272536688 0.08812546676624347
0 0.689727463312369 0.292755787901419 0.14675052410901468 0.08065720687079911
0 0.8223270440251572 0.29648991784914114 0.09538784067085954 0.08663181478715459
0 0.6818658280922432 0.1982823002240478 0.11006289308176101 0.09932785660941
0 0.8490566037735849 0.20575056011949217 0.2222222222222222 0.08289768483943241
0 0.8742138364779874 0.45332337565347275 0.20545073375262055 0.09559372666168783
0 0.9339622641509434 0.2834204630321135 0.1278825995807128 0.07692307692307693
0 0.5728511530398323 0.7259148618371919 0.13941299790356393 0.07468259895444361
0 0.70020964360587 0.719193427931292 0.1090146750524109 0.07468259895444361
0 0.8092243186582809 0.7154592979835698 0.0880503144654088 0.08663181478715459
0 0.9234800838574424 0.7046303211351755 0.1069182389937107 0.08140403286034353
0 0.8071278825995807 0.6355489171023152 0.09643605870020965 0.07766990291262135
0 0.9224318658280922 0.6172516803584764 0.1320754716981132 0.07094846900672143
0 0.5246331236897275 0.6385362210604929 0.18343815513626835 0.07318894697535475
0 0.6818658280922432 0.6385362210604929 0.14360587002096437 0.07766990291262135
0 0.05712788259958071 0.8868558625840179 0.08909853249475891 0.060492905153099324
0 0.1619496855345912 0.8905899925317401 0.12473794549266247 0.05601194921583271
0 0.29245283018867924 0.8827483196415236 0.14255765199161424 0.07916355489171023
0 0.3867924528301887 0.8778939507094847 0.06918238993710692 0.08439133681852129
0 0.45387840670859536 0.7218073188946975 0.1069182389937107 0.07692307692307693
0 0.4418238993710692 0.39469753547423453 0.24213836477987422 0.0888722927557879
0 0.6084905660377359 0.388722927557879 0.10587002096436059 0.08140403286034353
0 0.5377358490566038 0.030246452576549662 0.259958071278826 0.05750560119492158
0 0.5864779874213837 0.12173263629574309 0.12683438155136267 0.07916355489171023
0 0.6939203354297694 0.11650485436893204 0.10272536687631027 0.05974607916355489
0 0.8280922431865828 0.12173263629574309 0.15932914046121593 0.07617625093353249
0 0.95020964360587 0.13741598207617625 0.08071278825995808 0.070201643017177
0 0.7379454926624738 0.040328603435399554 0.14675052410901468 0.06870799103808813
0 0.8569182389937107 0.043315907393577296 0.09119496855345911 0.06572068707991038
0 0.2520964360587002 0.39245705750560117 0.13941299790356393 0.0948469006721434
0 0.31446540880503143 0.8088125466766244 0.14255765199161424 0.07766990291262135
0 0.6189727463312369 0.8745332337565347 0.13941299790356393 0.07916355489171023
0 0.7631027253668763 0.8678117998506348 0.16142557651991615 0.10007468259895444
0 0.8878406708595388 0.856235997012696 0.10482180293501048 0.0948469006721434
0 0.1629979035639413 0.9454817027632562 0.09958071278825996 0.05974607916355489
0 0.2620545073375262 0.950336071695295 0.10272536687631027 0.06497386109036594
0 0.6970649895178197 0.38088125466766243 0.10062893081761007 0.070201643017177
0 0.8113207547169812 0.3760268857356236 0.1509433962264151 0.06646751306945482
0 0.9266247379454927 0.37079910380881254 0.08176100628930817 0.0619865571321882
0 0.6802935010482181 0.44996265870052277 0.12159329140461216 0.07542942494398805
0 0.480083857442348 0.8043315907393578 0.16142557651991615 0.06572068707991038
0 0.3637316561844864 0.9536967886482449 0.09224318658280922 0.0537714712471994
0 0.4523060796645702 0.9518297236743839 0.0870020964360587 0.05750560119492158
0 0.5387840670859538 0.9495892457057505 0.0880503144654088 0.05899925317401045
0 0.6294549266247379 0.9466019417475728 0.09958071278825996 0.05899925317401045
0 0.7594339622641509 0.9424943988050785 0.16247379454926625 0.061239731142643763
0 0.8784067085953878 0.9305451829723674 0.08385744234800839 0.05227781926811053
0 0.9486373165618449 0.914488424197162 0.06918238993710692 0.06796116504854369
0 0.9281970649895178 0.5414488424197162 0.14570230607966456 0.09858103061986558
