0 0.0876068376068376 0.1573170731707317 0.11752136752136752 0.14634146341463414
0 0.09722222222222222 0.33658536585365856 0.11965811965811966 0.14634146341463414
0 0.09027777777777778 0.4676829268292683 0.09722222222222222 0.11585365853658537
0 0.08653846153846154 0.5865853658536585 0.09188034188034189 0.1073170731707317
0 0.07959401709401709 0.7036585365853658 0.07799145299145299 0.12682926829268293
0 0.2686965811965812 0.1445121951219512 0.18269230769230768 0.18658536585365854
0 0.3856837606837607 0.14512195121951219 0.05982905982905983 0.17317073170731706
0 0.47489316239316237 0.14817073170731707 0.13141025641025642 0.13048780487804879
0 0.33386752136752135 0.44939024390243903 0.27884615384615385 0.12560975609756098
0 0.2932692307692308 0.572560975609756 0.23183760683760685 0.11829268292682926
0 0.28525641025641024 0.7036585365853658 0.23717948717948717 0.13658536585365855
0 0.5053418803418803 0.8463414634146341 0.1623931623931624 0.12926829268292683
0 0.28525641025641024 0.8347560975609756 0.2564102564102564 0.11829268292682926
0 0.593482905982906 0.7128048780487805 0.17841880341880342 0.1378048780487805
0 0.3333333333333333 0.31646341463414634 0.27350427350427353 0.1475609756097561
0 0.780982905982906 0.8408536585365853 0.19658119658119658 0.13048780487804879
0 0.6410256410256411 0.1652439024390244 0.20726495726495728 0.17682926829268292
0 0.844017094017094 0.16463414634146342 0.22435897435897437 0.17317073170731706
0 0.8050213675213675 0.7140243902439024 0.21474358974358973 0.13048780487804879
0 0.7045940170940171 0.3280487804878049 0.4732905982905983 0.16341463414634147
0 0.5667735042735043 0.4554878048780488 0.19123931623931623 0.10853658536585366
0 0.7654914529914529 0.4603658536585366 0.2126068376068376 0.12804878048780488
0 0.5710470085470085 0.5768292682926829 0.3215811965811966 0.15121951219512195
0 0.8242521367521367 0.5810975609756097 0.18482905982905984 0.15
0 0.5357905982905983 0.948780487804878 0.13568376068376067 0.07804878048780488
0 0.8076923076923077 0.9347560975609757 0.1623931623931624 0.08902439024390243
