0 0.1767337807606264 0.0988315481986368 0.1789709172259508 0.12560856864654332
0 0.16890380313199105 0.7268743914313535 0.26174496644295303 0.11392405063291139
0 0.36968680089485456 0.7122687439143135 0.13982102908277405 0.12950340798442064
0 0.5357941834451901 0.6996105160662123 0.19239373601789708 0.13729308666017526
0 0.7153243847874721 0.7044790652385589 0.15100671140939598 0.15481986368062317
0 0.87248322147651 0.6815968841285297 0.19239373601789708 0.14995131450827653
0 0.2371364653243848 0.8656280428432327 0.15659955257270694 0.16747809152872445
0 0.4021252796420582 0.8617332035053554 0.1621923937360179 0.1830574488802337
0 0.7153243847874721 0.866601752677702 0.4507829977628635 0.16163583252190847
0 0.6152125279642058 0.07497565725413827 0.1297539149888143 0.12658227848101267
0 0.7175615212527964 0.06377799415774099 0.06599552572706935 0.08081791626095423
0 0.7980984340044742 0.0827653359298929 0.1040268456375839 0.1382667964946446
0 0.5027964205816555 0.08373904576436222 0.1040268456375839 0.10126582278481013
0 0.37527964205816555 0.08568646543330087 0.17337807606263983 0.11295034079844206
0 0.8993288590604027 0.08763388510223953 0.116331096196868 0.13242453748782862
0 0.12807606263982102 0.07643622200584226 0.03467561521252797 0.034079844206426485
0 0.14541387024608501 0.09152872444011685 0.07829977628635347 0.023369036027263874
0 0.15380313199105144 0.04868549172346641 0.07046979865771812 0.044790652385589096
0 0.12304250559284116 0.11148977604673807 0.05592841163310962 0.03602726387536514
0 0.13646532438478748 0.13777994157740994 0.08501118568232663 0.034079844206426485
0 0.21029082774049218 0.13388510223953262 0.06263982102908278 0.0827653359298929
0 0.23098434004474272 0.0827653359298929 0.05704697986577181 0.04673807205452775
0 0.40324384787472034 0.10223953261927946 0.052572706935123045 0.08179162609542356
0 0.36465324384787473 0.09444985394352483 0.04697986577181208 0.019474196689386564
0 0.3724832214765101 0.08763388510223953 0.042505592841163314 0.011684518013631937
0 0.37919463087248323 0.07059396299902629 0.042505592841163314 0.03018500486854917
0 0.4161073825503356 0.044790652385589096 0.0894854586129754 0.04673807205452775
0 0.4960850111856823 0.06475170399221032 0.052572706935123045 0.045764362220058426
0 0.5357941834451901 0.06037000973709834 0.06040268456375839 0.0311587147030185
0 0.5162192393736018 0.09639727361246349 0.03243847874720358 0.05063291139240506
0 0.5889261744966443 0.07789678675754626 0.07494407158836688 0.054527750730282376
0 0.5989932885906041 0.04089581304771178 0.06375838926174497 0.06621226874391431
0 0.6487695749440716 0.09688412852969815 0.058165548098434 0.09639727361246349
0 0.7824384787472036 0.04673807205452775 0.06375838926174497 0.06037000973709834
0 0.7248322147651006 0.07351509250243428 0.08053691275167785 0.06329113924050633
0 0.8294183445190156 0.046251217137293084 0.0592841163310962 0.055501460564751706
0 0.8098434004474273 0.10759493670886076 0.035794183445190156 0.0691333982473223
0 0.7757270693512305 0.10954235637779941 0.039149888143176735 0.07108081791626096
0 0.9401565995525727 0.09298928919182084 0.06823266219239374 0.12755598831548198
0 0.8831096196868009 0.09396299902629017 0.0592841163310962 0.03213242453748783
0 0.8881431767337807 0.07351509250243428 0.053691275167785234 0.034079844206426485
0 0.8937360178970917 0.04186952288218111 0.049217002237136466 0.03700097370983447
0 0.14093959731543623 0.7176241480038948 0.1767337807606264 0.05842259006815969
0 0.12416107382550336 0.7541382667964946 0.05145413870246085 0.055501460564751706
0 0.14429530201342283 0.747809152872444 0.035794183445190156 0.03894839337877313
0 0.1331096196868009 0.6888997078870497 0.06263982102908278 0.045764362220058426
0 0.15324384787472037 0.692794547224927 0.042505592841163314 0.03213242453748783
0 0.2639821029082774 0.698636806231743 0.06711409395973154 0.055501460564751706
0 0.25838926174496646 0.7482960077896786 0.058165548098434 0.05939629990262902
0 0.35011185682326623 0.7351509250243428 0.10514541387024609 0.07205452775073028
0 0.3517897091722595 0.6718597857838364 0.0592841163310962 0.06037000973709834
0 0.371923937360179 0.7190847127555988 0.06823266219239374 0.03992210321324245
0 0.4161073825503356 0.7093476144109055 0.0738255033557047 0.09250243427458617
0 0.5089485458612976 0.6947419668938656 0.11409395973154363 0.053554040895813046
0 0.5033557046979866 0.7336903602726388 0.05145413870246085 0.053554040895813046
0 0.5397091722595079 0.7361246348588121 0.04809843400447427 0.042843232716650435
0 0.5162192393736018 0.692794547224927 0.04138702460850112 0.028237585199610515
0 0.5385906040268457 0.6981499513145083 0.05704697986577181 0.033106134371957155
0 0.5223713646532439 0.6635832521908471 0.05592841163310962 0.04965920155793573
0 0.5559284116331096 0.6684518013631938 0.049217002237136466 0.03992210321324245
0 0.6146532438478747 0.6655306718597858 0.0592841163310962 0.05744888023369036
0 0.610178970917226 0.7220058422590068 0.0592841163310962 0.07497565725413827
0 0.6895973154362416 0.749269717624148 0.09955257270693513 0.06329113924050633
0 0.6923937360178971 0.7010710808179162 0.08053691275167785 0.04673807205452775
0 0.6739373601789709 0.6903602726387537 0.025727069351230425 0.08568646543330087
0 0.7164429530201343 0.6708860759493671 0.050335570469798654 0.035053554040895815
0 0.6974272930648769 0.6548198636806232 0.06823266219239374 0.024342745861733205
0 0.767337807606264 0.7064264849074976 0.053691275167785234 0.11002921129503408
0 0.8993288590604027 0.6694255111976631 0.03355704697986577 0.05160662122687439
0 0.8903803131991052 0.6256085686465434 0.06263982102908278 0.06329113924050633
0 0.9373601789709173 0.6514118792599806 0.0447427293064877 0.08958130477117819
0 0.8316554809843401 0.6674780915287244 0.07046979865771812 0.043816942551119765
0 0.8266219239373602 0.7069133398247323 0.0447427293064877 0.04673807205452775
0 0.906599552572707 0.7229795520934762 0.1174496644295302 0.05939629990262902
0 0.25727069351230425 0.8773125608568647 0.08501118568232663 0.029211295034079845
0 0.26286353467561524 0.8588120740019474 0.09172259507829977 0.029211295034079845
0 0.24217002237136465 0.8315481986368062 0.0436241610738255 0.033106134371957155
0 0.2494407158836689 0.7994157740993184 0.049217002237136466 0.042843232716650435
0 0.27237136465324385 0.814508276533593 0.05704697986577181 0.043816942551119765
0 0.20246085011185683 0.8388510223953262 0.03803131991051454 0.06523855890944498
0 0.19463087248322147 0.8958130477117819 0.07158836689038031 0.062317429406037
0 0.2701342281879195 0.8734177215189873 0.11297539149888143 0.1733203505355404
0 0.441834451901566 0.8841285296981499 0.042505592841163314 0.15384615384615385
0 0.42841163310961966 0.807205452775073 0.15436241610738255 0.07010710808179163
0 0.4133109619686801 0.8378773125608568 0.050335570469798654 0.0379746835443038
0 0.37416107382550334 0.8685491723466408 0.09955257270693513 0.07010710808179163
0 0.5285234899328859 0.865141187925998 0.06599552572706935 0.07108081791626096
0 0.5928411633109619 0.8734177215189873 0.0894854586129754 0.15579357351509251
0 0.616331096196868 0.8349561830574489 0.07829977628635347 0.0379746835443038
0 0.8909395973154363 0.8393378773125608 0.11073825503355705 0.10710808179162609
0 0.7399328859060402 0.865141187925998 0.1935123042505593 0.04965920155793573
0 0.7371364653243848 0.8106134371957157 0.1185682326621924 0.03602726387536514
0 0.7746085011185683 0.8291139240506329 0.12863534675615212 0.02629016553067186
