0 0.25588491717523976 0.17128801431127014 0.1944202266782912 0.0742397137745975
0 0.18875326939843068 0.37947227191413235 0.14036617262423715 0.059481216457960645
0 0.31255448997384483 0.3799194991055456 0.0967741935483871 0.05590339892665474
0 0.5479511769834351 0.36739713774597493 0.14559721011333915 0.06395348837209303
0 0.43940714908456846 0.25961538461538464 0.3016564952048823 0.0648479427549195
0 0.499128160418483 0.15652951699463327 0.16826503923278116 0.061717352415026835
0 0.560156931124673 0.09212880143112702 0.2903225806451613 0.050983899821109124
0 0.7258064516129032 0.19163685152057244 0.16826503923278116 0.056797853309481214
0 0.15693112467306017 0.8957960644007156 0.22667829119442023 0.06618962432915922
0 0.36835222319093286 0.8987030411449016 0.17000871839581516 0.06574239713774598
0 0.4350479511769834 0.7732558139534884 0.1900610287707062 0.057245080500894455
0 0.5292066259808196 0.8924418604651163 0.16041848299912817 0.08005366726296959
0 0.486922406277245 0.7079606440071556 0.25196163905841323 0.06797853309481217
0 0.6647776809067132 0.7055008944543828 0.1037489102005231 0.06663685152057246
0 0.16041848299912817 0.7055008944543828 0.26852659110723626 0.07647584973166369
0 0.15170008718395817 0.6408765652951699 0.24237140366172624 0.061717352415026835
0 0.4176111595466434 0.6460196779964222 0.17262423714036618 0.06216457960644007
0 0.3801220575414124 0.5787119856887298 0.13600697471665213 0.06529516994633273
0 0.5549258936355711 0.5715563506261181 0.14036617262423715 0.057245080500894455
0 0.7410636442894507 0.5659660107334525 0.2092414995640802 0.061270125223613595
0 0.2715780296425458 0.5836314847942755 0.08631211857018309 0.06618962432915922
0 0.28378378378378377 0.43135062611806796 0.07585004359197908 0.04338103756708408
0 0.1843940714908457 0.47227191413237923 0.12641673931996514 0.052772808586762074
0 0.37663469921534437 0.5223613595706619 0.08892763731473409 0.050983899821109124
0 0.2877070619006103 0.47473166368515207 0.07323452484742807 0.04427549194991055
0 0.16826503923278116 0.5813953488372093 0.10985178727114212 0.06618962432915922
0 0.06451612903225806 0.276386404293381 0.09241499564080209 0.049194991055456175
0 0.2009590235396687 0.2692307692307692 0.17872711421098517 0.055456171735241505
0 0.541848299912816 0.9521466905187835 0.14210985178727115 0.05992844364937388
0 0.7144725370531823 0.9483452593917711 0.2066259808195292 0.06753130590339892
0 0.08805579773321709 0.771690518783542 0.13949433304272013 0.07379248658318426
0 0.24760244115082825 0.7741502683363148 0.1987794245858762 0.0626118067978533
0 0.07236268526591107 0.37768336314847945 0.09067131647776809 0.05590339892665474
0 0.07628596338273758 0.42956171735241505 0.0985178727114211 0.04338103756708408
0 0.07367044463818657 0.5775939177101967 0.08805579773321709 0.06305903398926654
0 0.07367044463818657 0.518783542039356 0.09154315605928509 0.059033989266547404
0 0.07628596338273758 0.4720483005366726 0.10897994768962511 0.04964221824686941
0 0.26983435047951176 0.5252683363148479 0.12292938099389712 0.04964221824686941
0 0.5562336530078466 0.023032200357781755 0.12205754141238012 0.04785330948121646
0 0.6530078465562337 0.02101967799642218 0.06625980819529206 0.04382826475849732
0 0.7676547515257193 0.027057245080500895 0.12990409764603314 0.04785330948121646
0 0.6730601569311246 0.1426654740608229 0.18657367044463818 0.046511627906976744
0 0.8513513513513513 0.14087656529516995 0.17349607672188316 0.05008944543828265
0 0.8836094158674804 0.1898479427549195 0.15082824760244115 0.053220035778175315
0 0.475588491717524 0.5163237924865832 0.08108108108108109 0.05232558139534884
0 0.6015693112467306 0.5147584973166368 0.15344376634699217 0.06082289803220036
0 0.48212728857890147 0.4669051878354204 0.09415867480383609 0.05813953488372093
0 0.6041848299912816 0.46310375670840787 0.11682650392327812 0.048747763864042934
0 0.7432432432432432 0.45706618962432916 0.13687881429816914 0.05813953488372093
0 0.6822144725370531 0.25313059033989266 0.1891891891891892 0.06350626118067978
0 0.8561464690496948 0.24105545617173524 0.15867480383609417 0.0518783542039356
0 0.7733217088055798 0.700134168157424 0.047079337401918046 0.0648479427549195
0 0.9045335658238884 0.6855992844364938 0.1054925893635571 0.059033989266547404
0 0.6229293809938972 0.7757155635062611 0.1926765475152572 0.07468694096601074
0 0.7872711421098518 0.8226744186046512 0.11682650392327812 0.07647584973166369
0 0.7820401046207498 0.3676207513416816 0.21447253705318223 0.05992844364937388
0 0.6081081081081081 0.41703935599284436 0.12292938099389712 0.048747763864042934
0 0.8238884045335658 0.40541144901610016 0.14995640802092414 0.04785330948121646
0 0.7720139494333043 0.6375223613595706 0.2955536181342633 0.07110912343470482
0 0.7567567567567568 0.5131932021466905 0.16390584132519617 0.057692307692307696
0 0.8674803836094158 0.5071556350626119 0.06625980819529206 0.05992844364937388
0 0.8766346992153444 0.45237030411449014 0.12990409764603314 0.057692307692307696
0 0.7877070619006102 0.884391771019678 0.2763731473408893 0.06753130590339892
0 0.8408892763731474 0.29069767441860467 0.15082824760244115 0.06440071556350627
0 0.8901482127288579 0.9304561717352415 0.14298169136878813 0.06305903398926654
0 0.9019180470793374 0.8119409660107334 0.1054925893635571 0.06574239713774598
0 0.7659110723626853 0.7571556350626119 0.1020052310374891 0.0626118067978533
0 0.8692240627724499 0.7511180679785331 0.11159546643417612 0.06663685152057246
0 0.17000871839581516 0.4268783542039356 0.08020924149956409 0.0389087656529517
0 0.15780296425457715 0.5241502683363148 0.08892763731473409 0.04740608228980322
0 0.7541412380122058 0.08698568872987478 0.1028770706190061 0.06037567084078712
0 0.8692240627724499 0.08899821109123435 0.12728857890148212 0.06082289803220036
0 0.8809938971229294 0.03734347048300537 0.1002615518744551 0.05590339892665474
0 0.2816041848299913 0.10084973166368515 0.12728857890148212 0.06216457960644007
0 0.2955536181342633 0.11001788908765653 0.05405405405405406 0.03935599284436494
0 0.2968613775065388 0.03510733452593918 0.17175239755884916 0.05590339892665474
0 0.8809938971229294 0.5597048300536672 0.07759372275501308 0.057692307692307696
0 0.9533565823888405 0.5521019677996423 0.07759372275501308 0.055008944543828264
