0 0.28958333333333336 0.22643253234750463 0.275 0.1977818853974122
0 0.625 0.2010166358595194 0.15416666666666667 0.16173752310536044
0 0.8260416666666667 0.18853974121996303 0.29583333333333334 0.18484288354898337
0 0.45989583333333334 0.39186691312384475 0.36354166666666665 0.21256931608133087
0 0.8223958333333333 0.3322550831792976 0.303125 0.18207024029574861
0 0.18645833333333334 0.6104436229205176 0.18333333333333332 0.21903881700554528
0 0.7463541666666667 0.5244916820702403 0.09270833333333334 0.15619223659889095
0 0.24010416666666667 0.83271719038817 0.228125 0.12754158964879853
0 0.5822916666666667 0.8151571164510166 0.32083333333333336 0.1589648798521257
0 0.5192708333333333 0.5434380776340111 0.3927083333333333 0.20147874306839186
0 0.8979166666666667 0.48475046210720885 0.20208333333333334 0.1598890942698706
