0 0.6864864864864865 0.044173648134044174 0.1254054054054054 0.07616146230007616
0 0.5227027027027027 0.04226961157654227 0.1891891891891892 0.07996953541507996
0 0.32756756756756755 0.04836252856054836 0.1945945945945946 0.07692307692307693
0 0.05027027027027027 0.273038842345773 0.10054054054054054 0.08301599390708302
0 0.1962162162162162 0.26884996191926885 0.19783783783783784 0.0913937547600914
0 0.4145945945945946 0.2654226961157654 0.2172972972972973 0.1012947448591013
0 0.6189189189189189 0.2608530083777609 0.14162162162162162 0.10434120335110435
0 0.5281081081081082 0.6843107387661843 0.2 0.08453922315308454
0 0.6805405405405406 0.4699162223914699 0.1935135135135135 0.07768469154607768
0 0.8897297297297297 0.46191926884996193 0.17945945945945946 0.08606245239908607
0 0.4578378378378378 0.4908606245239909 0.2172972972972973 0.10738766184310738
0 0.2372972972972973 0.37166793602437165 0.16756756756756758 0.1188118811881188
0 0.4545945945945946 0.3796648895658797 0.1372972972972973 0.115003808073115
0 0.8389189189189189 0.25095201827875097 0.20108108108108108 0.0891089108910891
0 0.11891891891891893 0.504950495049505 0.1989189189189189 0.10205635948210205
0 0.09513513513513513 0.8983244478293984 0.14054054054054055 0.07844630616907845
0 0.2681081081081081 0.9086062452399086 0.21621621621621623 0.12338156892612338
0 0.11513513513513514 0.8095963442498096 0.13945945945945945 0.09596344249809596
0 0.09135135135135135 0.7155369383092155 0.14810810810810812 0.10586443259710586
0 0.7724324324324324 0.3629093678598629 0.37945945945945947 0.15003808073115005
0 0.29783783783783785 0.69002284843869 0.267027027027027 0.09444021325209444
0 0.7918918918918919 0.6816450875856817 0.3254054054054054 0.12947448591012947
0 0.14594594594594595 0.5997715156130998 0.20756756756756756 0.09977151561309977
0 0.3675675675675676 0.5929169840060929 0.22486486486486487 0.11043412033511044
0 0.6048648648648649 0.5773038842345773 0.15675675675675677 0.130997715156131
0 0.7367567567567568 0.5643564356435643 0.11783783783783784 0.10814927646610815
0 0.8318918918918919 0.5601675552170602 0.10270270270270271 0.11348057882711349
0 0.327027027027027 0.8092155369383092 0.09621621621621622 0.08453922315308454
0 0.5178378378378379 0.9013709063214014 0.28540540540540543 0.07996953541507996
0 0.8172972972972973 0.8705255140898706 0.16648648648648648 0.130997715156131
0 0.267027027027027 0.15384615384615385 0.21621621621621623 0.12947448591012947
0 0.45297297297297295 0.15118050266565117 0.15135135135135136 0.12414318354912414
0 0.6037837837837838 0.14813404417364814 0.1545945945945946 0.12414318354912414
0 0.82 0.15536938309215537 0.25405405405405407 0.1051028179741051
0 0.8481081081081081 0.06092916984006093 0.1935135135135135 0.08834729626808835
0 0.7297297297297297 0.7962680883472962 0.24432432432432433 0.1210967250571211
0 0.9081081081081082 0.7566641279512567 0.14270270270270272 0.11043412033511044
0 0.4935135135135135 0.8073115003808073 0.04432432432432432 0.0715917745620716
0 0.47621621621621624 0.8038842345773038 0.15675675675675677 0.10434120335110435
0 0.15675675675675677 0.06397562833206398 0.17297297297297298 0.08377760853008377
