0 0.09486040609137056 0.3168771526980482 0.12373096446700507 0.07577497129735936
0 0.06630710659898477 0.39092996555683124 0.06916243654822335 0.07577497129735936
0 0.13546954314720813 0.38547646383467277 0.07550761421319797 0.0774971297359357
0 0.05266497461928934 0.47158438576349027 0.04949238578680203 0.0878300803673938
0 0.09232233502538072 0.5680252583237658 0.1199238578680203 0.06716417910447761
0 0.1411802030456853 0.4692881745120551 0.1351522842639594 0.09357060849598163
0 0.13991116751269037 0.7600459242250287 0.08565989847715735 0.06888633754305395
0 0.2519035532994924 0.7606199770378875 0.13451776649746192 0.06888633754305395
0 0.4010152284263959 0.744833524684271 0.17258883248730963 0.07979334098737084
0 0.08597715736040609 0.8231917336394948 0.11104060913705584 0.05855338691159587
0 0.17544416243654823 0.8252009184845006 0.07550761421319797 0.05912743972445465
0 0.27823604060913704 0.29965556831228474 0.14276649746192893 0.07807118254879448
0 0.38800761421319796 0.297646383467279 0.08058375634517767 0.0774971297359357
0 0.4501903553299492 0.2939150401836969 0.060279187817258884 0.07347876004592423
0 0.05964467005076142 0.7609070034443168 0.07614213197969544 0.06601607347876004
0 0.24048223350253808 0.8142939150401837 0.0583756345177665 0.05568312284730195
0 0.30361675126903553 0.8134328358208955 0.07804568527918782 0.05625717566016074
0 0.41973350253807107 0.7982204362801377 0.1732233502538071 0.07979334098737084
0 0.10596446700507614 0.8699770378874856 0.14974619289340102 0.06027554535017222
0 0.2779187817258883 0.866532721010333 0.2017766497461929 0.05912743972445465
0 0.40196700507614214 0.8559127439724454 0.053934010152284266 0.04936854190585534
0 0.467005076142132 0.8495981630309989 0.08121827411167512 0.0505166475315729
0 0.5583756345177665 0.7809988518943742 0.10025380710659898 0.06831228473019518
0 0.878489847715736 0.7497129735935706 0.17956852791878172 0.09184845005740529
0 0.7541243654822335 0.8246268656716418 0.07931472081218274 0.07175660160734787
0 0.8432741116751269 0.8142939150401837 0.09137055837563451 0.07520091848450057
0 0.600253807106599 0.8998277841561424 0.1814720812182741 0.06831228473019518
0 0.7049492385786802 0.9454649827784156 0.08629441624365482 0.0539609644087256
0 0.8578680203045685 0.9417336394948336 0.0901015228426396 0.06371986222732491
0 0.5355329949238579 0.9546498277841562 0.06725888324873096 0.05510907003444317
0 0.6437182741116751 0.8303673938002296 0.1453045685279188 0.07060849598163031
0 0.5402918781725888 0.8315154994259472 0.07043147208121828 0.06601607347876004
0 0.5171319796954315 0.7218714121699197 0.06091370558375635 0.06601607347876004
0 0.6865482233502538 0.7115384615384616 0.09263959390862944 0.07864523536165327
0 0.881979695431472 0.6834098737083811 0.09263959390862944 0.07520091848450057
0 0.5345812182741116 0.07692307692307693 0.09073604060913705 0.07921928817451206
0 0.5320431472081218 0.276406429391504 0.09961928934010152 0.0878300803673938
0 0.6618020304568528 0.2680826636050517 0.15736040609137056 0.08036739380022963
0 0.7833121827411168 0.3185993111366246 0.07550761421319797 0.08266360505166476
0 0.6399111675126904 0.32921928817451207 0.08692893401015228 0.07060849598163031
0 0.7119289340101523 0.31716417910447764 0.06725888324873096 0.07290470723306544
0 0.6345177664974619 0.39753157290470725 0.0799492385786802 0.07290470723306544
0 0.7119289340101523 0.3894948335246843 0.07868020304568528 0.07405281285878301
0 0.5092005076142132 0.4744546498277842 0.04885786802030457 0.07405281285878301
0 0.4993654822335025 0.406142365097589 0.0583756345177665 0.06946039035591274
0 0.5079314720812182 0.338691159586682 0.04885786802030457 0.05855338691159587
0 0.521256345177665 0.19862227324913892 0.08058375634517767 0.07807118254879448
0 0.6259517766497462 0.19747416762342135 0.13895939086294415 0.07577497129735936
0 0.7722081218274112 0.39150401836969 0.05583756345177665 0.06314580941446613
0 0.8264593908629442 0.38547646383467277 0.06916243654822335 0.07290470723306544
0 0.6123096446700508 0.128300803673938 0.07106598984771574 0.05912743972445465
0 0.9276649746192893 0.6110792192881745 0.11294416243654823 0.07634902411021814
0 0.8838832487309645 0.5487944890929966 0.1281725888324873 0.08381171067738231
0 0.24714467005076143 0.0846727898966705 0.07550761421319797 0.06946039035591274
0 0.1690989847715736 0.08725602755453502 0.07804568527918782 0.06199770378874857
0 0.3343908629441624 0.07893226176808267 0.1065989847715736 0.06716417910447761
0 0.4355964467005076 0.06257175660160735 0.0983502538071066 0.05166475315729047
0 0.3905456852791878 0.1182548794489093 0.06662436548223351 0.05510907003444317
0 0.44923857868020306 0.11366245694603903 0.06218274111675127 0.05970149253731343
0 0.12658629441624367 0.20034443168771526 0.07043147208121828 0.07577497129735936
0 0.21478426395939088 0.18685419058553387 0.11104060913705584 0.07405281285878301
0 0.37531725888324874 0.17709529276693456 0.2100253807106599 0.06486796785304248
0 0.3772208121827411 0.22388059701492538 0.20114213197969544 0.07921928817451206
0 0.24841370558375633 0.37284730195177956 0.10215736040609137 0.07175660160734787
0 0.4425761421319797 0.36366245694603905 0.07677664974619289 0.06716417910447761
0 0.43369289340101524 0.4262342135476464 0.09961928934010152 0.06831228473019518
0 0.10818527918781726 0.6383467278989667 0.17068527918781726 0.08955223880597014
0 0.4447969543147208 0.8935132032146957 0.1218274111675127 0.04190585533869116
0 0.0799492385786802 0.9494833524684271 0.09263959390862944 0.05855338691159587
0 0.16941624365482233 0.9466130884041332 0.09263959390862944 0.0574052812858783
0 0.23953045685279187 0.9414466130884042 0.04758883248730964 0.0539609644087256
0 0.3074238578680203 0.9380022962112514 0.08439086294416244 0.05281285878300804
0 0.3800761421319797 0.9394374282433984 0.06345177664974619 0.04764638346727899
0 0.4606598984771574 0.9279563719862227 0.09771573604060914 0.04420206659012629
0 0.6113578680203046 0.06458094144661308 0.07423857868020305 0.0774971297359357
