0 0.09978425026968717 0.06954436450839328 0.1413160733549083 0.08633093525179857
0 0.28317152103559873 0.07274180655475619 0.21035598705501618 0.09432454036770584
0 0.47680690399137 0.07953637090327738 0.17691477885652643 0.11430855315747403
0 0.6531823085221143 0.08113509192645883 0.1650485436893204 0.10311750599520383
0 0.8344120819848975 0.08633093525179857 0.1499460625674218 0.10071942446043165
0 0.2535059331175836 0.37170263788968827 0.14023732470334413 0.10071942446043165
0 0.459007551240561 0.3581135091926459 0.21898597626752966 0.12629896083133493
0 0.656957928802589 0.35531574740207833 0.18770226537216828 0.1286970423661071
0 0.1343042071197411 0.5619504396482814 0.1866235167206041 0.09752198241406874
0 0.15911542610571736 0.6610711430855316 0.22330097087378642 0.09432454036770584
0 0.11165048543689321 0.4756195043964828 0.15210355987055016 0.10071942446043165
0 0.3419633225458468 0.46642685851318944 0.30852211434735705 0.09512390087929656
0 0.8058252427184466 0.5547561950439648 0.2977346278317152 0.11031175059952038
0 0.40507011866235165 0.5651478816946442 0.2707659115426106 0.10551558752997602
0 0.7858683926645091 0.7697841726618705 0.3484358144552319 0.11830535571542766
0 0.11057173678532901 0.7773780975219824 0.11326860841423948 0.1223021582733813
0 0.33818770226537215 0.7869704236610712 0.24919093851132687 0.1223021582733813
0 0.7071197411003236 0.6622701838529177 0.30528586839266453 0.12390087929656275
0 0.8878101402373247 0.354916067146283 0.14455231930960086 0.08952837729816147
0 0.6984897518878102 0.1926458832933653 0.1413160733549083 0.11031175059952038
0 0.580906148867314 0.4644284572342126 0.1715210355987055 0.09112709832134293
0 0.18069039913700108 0.9600319744204636 0.255663430420712 0.06874500399680256
0 0.680151024811219 0.8800959232613909 0.313915857605178 0.10871302957633892
0 0.296655879180151 0.8880895283772982 0.1704422869471413 0.0991207034372502
0 0.46817691477885653 0.19704236610711431 0.33225458468176916 0.1398880895283773
0 0.40884573894282633 0.6658673061550759 0.29341963322545844 0.12629896083133493
0 0.9255663430420712 0.645083932853717 0.14455231930960086 0.13269384492406075
0 0.8230852211434736 0.19344524380495604 0.12081984897518878 0.10871302957633892
0 0.9277238403451996 0.19984012789768185 0.11650485436893204 0.10711430855315747
0 0.38673139158576053 0.9624300559552358 0.16936353829557713 0.0671462829736211
0 0.6019417475728155 0.9636290967226219 0.284789644012945 0.06314948041566747
0 0.7820927723840345 0.9600319744204636 0.10787486515641856 0.05755395683453238
0 0.10625674217907227 0.37130295763389287 0.14347357065803668 0.10471622701838529
0 0.12135922330097088 0.8848920863309353 0.15210355987055016 0.09432454036770584
