0 0.23034055727554179 0.045319465081723624 0.1386996904024768 0.05596830113917781
0 0.3721362229102167 0.046805349182763745 0.14489164086687306 0.0638930163447251
0 0.09102167182662539 0.17508667657256066 0.11021671826625387 0.05894006934125805
0 0.7993808049535603 0.17409608717186725 0.33436532507739936 0.08469539375928678
0 0.06130030959752322 0.23402674591381872 0.06687306501547988 0.05794947994056464
0 0.05820433436532508 0.29148093115403667 0.07801857585139318 0.06092124814264487
0 0.0978328173374613 0.35438335809806837 0.1696594427244582 0.07776126795443289
0 0.2560371517027864 0.3558692421991085 0.15665634674922602 0.07677067855373948
0 0.46563467492260063 0.3578504210004953 0.2068111455108359 0.07280832095096583
0 0.8541795665634675 0.36131748390292223 0.12321981424148606 0.0638930163447251
0 0.09380804953560372 0.4254581475978207 0.15046439628482972 0.0703318474492323
0 0.7417956656346749 0.4138187221396731 0.1386996904024768 0.05695889053987122
0 0.9297213622291022 0.40985636453689944 0.06501547987616099 0.06488360574541853
0 0.10402476780185758 0.47672114908370483 0.1634674922600619 0.0629024269440317
0 0.8346749226006192 0.4658246656760773 0.13993808049535603 0.06092124814264487
0 0.07492260061919505 0.5443288756810302 0.11393188854489164 0.07429420505200594
0 0.16656346749226006 0.5406141654284299 0.06563467492260062 0.0787518573551263
0 0.29659442724458207 0.5319465081723626 0.20061919504643963 0.08915304606240713
0 0.4996904024767802 0.5289747399702823 0.21176470588235294 0.0950965824665676
0 0.7947368421052632 0.5262506191183755 0.2743034055727554 0.07776126795443289
0 0.7034055727554179 0.29990094105993065 0.23405572755417955 0.06488360574541853
0 0.9037151702786378 0.295938583457157 0.12941176470588237 0.06785537394749876
0 0.8040247678018576 0.24120851906884597 0.22229102167182663 0.05448241703813769
