0 0.2409706546275395 0.20262390670553937 0.2562076749435666 0.12147716229348883
0 0.25 0.3430515063168124 0.26072234762979685 0.12244897959183673
0 0.08521444695259593 0.6219630709426628 0.15011286681715574 0.1477162293488824
0 0.30530474040632055 0.607871720116618 0.2110609480812641 0.14285714285714285
0 0.5744920993227991 0.620019436345967 0.28893905191873587 0.16715257531584063
0 0.05756207674943566 0.49173955296404276 0.0835214446952596 0.09912536443148688
0 0.060948081264108354 0.3576287657920311 0.07674943566591422 0.10495626822157435
0 0.061512415349887134 0.2293488824101069 0.07336343115124154 0.10495626822157435
0 0.22178329571106095 0.08163265306122448 0.36455981941309257 0.12244897959183673
0 0.5434537246049661 0.32847424684159376 0.24266365688487584 0.12244897959183673
0 0.29006772009029347 0.4713313896987366 0.31376975169300225 0.13022351797862003
0 0.6094808126410836 0.4557823129251701 0.2866817155756208 0.13411078717201166
0 0.8182844243792325 0.608357628765792 0.17607223476297967 0.1457725947521866
0 0.5214446952595937 0.07191448007774538 0.23702031602708803 0.12439261418853255
0 0.7731376975169301 0.3294460641399417 0.2144469525959368 0.12244897959183673
0 0.84255079006772 0.45286686103012636 0.18171557562076748 0.12050534499514091
0 0.4909706546275395 0.16715257531584063 0.12415349887133183 0.062196307094266275
0 0.6162528216704289 0.19630709426627793 0.4221218961625282 0.1379980563654033
0 0.9667042889390519 0.45286686103012636 0.06659142212189616 0.12050534499514091
