0 0.2573454913880446 0.20800395256916995 0.27152988855116517 0.1650197628458498
0 0.5683890577507599 0.2381422924901186 0.1661600810536981 0.24703557312252963
0 0.7345491388044579 0.21936758893280633 0.18034447821681865 0.20553359683794467
0 0.17325227963525835 0.48616600790513836 0.1580547112462006 0.18972332015810275
0 0.461499493414387 0.4654150197628458 0.3515704154002026 0.17588932806324112
0 0.30648429584599796 0.716897233201581 0.4204660587639311 0.17885375494071146
0 0.1707193515704154 0.8883399209486166 0.15501519756838905 0.1422924901185771
0 0.39969604863221886 0.8804347826086957 0.13677811550151975 0.1482213438735178
0 0.7193515704154002 0.8730237154150198 0.4336372847011145 0.1432806324110672
0 0.7786220871327254 0.44861660079051385 0.2867274569402229 0.17391304347826086
0 0.7416413373860182 0.6057312252964426 0.24721377912867273 0.15019762845849802
0 0.8870314083080041 0.732707509881423 0.18743667679837892 0.16897233201581027
0 0.6443768996960486 0.7425889328063241 0.28976697061803447 0.17885375494071146
0 0.9341438703140831 0.5770750988142292 0.14184397163120568 0.15217391304347827
0 0.9067882472137792 0.1956521739130435 0.17831813576494426 0.16205533596837945
0 0.9584599797365755 0.40810276679841895 0.08713272543059777 0.17984189723320157
