0 0.09276879162702188 0.44418331374853115 0.0675547098001903 0.12220916568742655
0 0.6917221693625119 0.400117508813161 0.1560418648905804 0.13748531139835488
0 0.11988582302568981 0.7773207990599295 0.1351094196003806 0.17038777908343125
0 0.5080875356803045 0.39424206815511165 0.22074215033301617 0.1844888366627497
0 0.2450047573739296 0.4171562867215041 0.1779257849666984 0.18331374853113983
0 0.3967649857278782 0.8695652173913043 0.14843006660323502 0.12690951821386603
0 0.840627973358706 0.19388954171562867 0.22359657469077068 0.15276145710928318
0 0.38867745004757376 0.0699177438307873 0.15318744053282587 0.10223266745005875
0 0.2017126546146527 0.099882491186839 0.23596574690770694 0.15511163337250294
0 0.5528068506184586 0.06639247943595769 0.1807802093244529 0.12103407755581669
0 0.7136060894386299 0.06286721504112809 0.1351094196003806 0.11163337250293771
0 0.450523311132255 0.5787309048178614 0.3796384395813511 0.19623971797884843
0 0.8068506184586108 0.5464159811985899 0.2949571836346337 0.20681551116333724
0 0.27450047573739295 0.7579318448883666 0.18173168411037108 0.16216216216216217
0 0.43482397716460514 0.736780258519389 0.15413891531874405 0.13866039952996476
0 0.5718363463368221 0.7314923619271445 0.12369172216936251 0.13513513513513514
0 0.807802093244529 0.7320799059929495 0.340627973358706 0.1645123384253819
0 0.5580399619410086 0.8701527614571093 0.15509039010466222 0.13513513513513514
0 0.6764985727878211 0.8666274970622797 0.08753568030447194 0.13278495887191538
0 0.8196955280685062 0.8601645123384254 0.20647002854424357 0.12690951821386603
0 0.11227402473834443 0.6198589894242068 0.12178877259752617 0.16333725029377202
0 0.8805899143672693 0.3936545240893067 0.11893434823977164 0.13866039952996476
0 0.8644148430066603 0.09106933019976499 0.1665080875356803 0.12103407755581669
