0 0.12512664640324214 0.29080118694362017 0.15096251266464034 0.18397626112759644
0 0.39918946301925023 0.2695351137487636 0.17831813576494426 0.20474777448071216
0 0.7249240121580547 0.27101879327398615 0.3596757852077001 0.18991097922848665
0 0.10536980749746708 0.7072205736894164 0.14792299898682879 0.17012858555885263
0 0.3161094224924012 0.6933728981206726 0.15602836879432624 0.17606330365974282
0 0.1585612968591692 0.8818001978239367 0.232016210739615 0.1632047477744807
0 0.22644376899696048 0.1201780415430267 0.3373860182370821 0.17903066271018794
0 0.5278622087132725 0.09990108803165183 0.2573454913880446 0.16221562809099901
0 0.786727456940223 0.10187932739861523 0.270516717325228 0.16023738872403562
0 0.5430597771023303 0.6760633036597429 0.25937183383991896 0.20474777448071216
0 0.8080040526849037 0.6597428288822947 0.25227963525835867 0.18001978239366964
0 0.34093211752786223 0.8719090009891197 0.13069908814589665 0.16122650840751732
0 0.5157041540020263 0.8659742828882295 0.23302938196555217 0.17705242334322452
0 0.7872340425531915 0.8254203758654797 0.3465045592705167 0.17507418397626112
0 0.5526849037487336 0.9554896142433235 0.1408308004052685 0.0712166172106825
0 0.790273556231003 0.9525222551928784 0.3059777102330294 0.08110781404549951
