0 0.17319098457888493 0.12208067940552017 0.132858837485172 0.13800424628450106
0 0.12455516014234876 0.2935244161358811 0.1826809015421115 0.1921443736730361
0 0.07769869513641756 0.46709129511677283 0.09608540925266904 0.11889596602972399
0 0.269276393831554 0.4745222929936306 0.2491103202846975 0.1740976645435244
0 0.5219454329774614 0.4883227176220807 0.2372479240806643 0.18046709129511676
0 0.7040332147093713 0.5037154989384289 0.11981020166073547 0.1326963906581741
0 0.1239620403321471 0.7929936305732485 0.20759193357058126 0.2208067940552017
0 0.49228944246737844 0.8232484076433121 0.4721233689205219 0.16878980891719744
0 0.4027283511269276 0.29989384288747345 0.36180308422301305 0.18789808917197454
0 0.5765124555160143 0.12951167728237792 0.29655990510083036 0.1740976645435244
0 0.5308422301304864 0.6671974522292994 0.1601423487544484 0.17728237791932058
0 0.867141162514828 0.5074309978768577 0.2158956109134045 0.208067940552017
0 0.32977461447212336 0.6533970276008493 0.19217081850533807 0.17940552016985137
0 0.7983392645314353 0.6719745222929936 0.3582443653618031 0.16560509554140126
0 0.6826809015421115 0.31157112526539277 0.21945432977461446 0.173036093418259
0 0.8078291814946619 0.16932059447983014 0.20877817319098457 0.14968152866242038
0 0.8386714116251482 0.8274946921443737 0.2158956109134045 0.14331210191082802
0 0.33451957295373663 0.12951167728237792 0.21352313167259787 0.16348195329087048
0 0.47034400948991695 0.9331210191082803 0.23843416370106763 0.11464968152866242
0 0.6951364175563464 0.9193205944798302 0.1708185053380783 0.1337579617834395
