0 0.11514195583596215 0.46949711459192084 0.17139852786540483 0.09810387469084914
0 0.11041009463722397 0.5787304204451772 0.17455310199789695 0.1302555647155812
0 0.47423764458464773 0.4600164880461665 0.19348054679284962 0.08738664468260511
0 0.4679284963196635 0.590684253915911 0.17665615141955837 0.09480626545754328
0 0.4426919032597266 0.8837592745259687 0.1871713985278654 0.08573784006595218
0 0.7797055730809674 0.798845836768343 0.10199789695057834 0.09398186314921682
0 0.28496319663512093 0.460840890354493 0.17875920084121977 0.1055234954657873
0 0.2870662460567823 0.5882110469909316 0.19137749737118823 0.10140148392415499
0 0.10042060988433228 0.7778235779060181 0.1650893796004206 0.12943116240725475
0 0.2502628811777077 0.7695795548227535 0.14721345951629863 0.1327287716405606
0 0.5005257623554153 0.7720527617477329 0.2565720294426919 0.12448474855729597
0 0.16561514195583596 0.35902720527617477 0.21556256572029442 0.09150865622423743
0 0.8138801261829653 0.22712283594394064 0.2733964248159832 0.13437757625721353
0 0.674553101997897 0.06842539159109645 0.12513144058885384 0.11376751854905194
0 0.8259726603575184 0.058120362737015666 0.1861198738170347 0.09315746084089035
0 0.11882229232386961 0.8849958779884584 0.20189274447949526 0.09480626545754328
0 0.28180862250262884 0.8882934872217643 0.12828601472134596 0.1079967023907667
0 0.6535226077812829 0.46413849958779885 0.167192429022082 0.11871393239901072
0 0.8638275499474237 0.46784830997526794 0.26603575184016826 0.1327287716405606
0 0.7765509989484752 0.34789777411376754 0.30809674027339645 0.1236603462489695
0 0.7181913774973712 0.6541632316570486 0.1829652996845426 0.1079967023907667
0 0.8948475289169295 0.6768342951360263 0.1619348054679285 0.12695795548227534
0 0.6267087276550999 0.894888705688376 0.14511041009463724 0.0898598516075845
0 0.7707676130389064 0.9027205276174773 0.16824395373291273 0.11376751854905194
0 0.9022082018927445 0.9043693322341303 0.138801261829653 0.11046990931574609
0 0.20504731861198738 0.22877164056059357 0.24605678233438485 0.1442704039571311
0 0.5068349106203995 0.2341302555647156 0.3449001051524711 0.15828524319868095
0 0.6729758149316509 0.5725474031327288 0.22923238696109358 0.09480626545754328
0 0.8307045215562566 0.5774938169826875 0.12828601472134596 0.08161582852431987
0 0.943217665615142 0.5861500412201154 0.09674027339642481 0.08573784006595218
