0 0.18327239488117003 0.17035110533159947 0.10329067641681901 0.07282184655396619
0 0.3510054844606947 0.1527958387516255 0.1956124314442413 0.0858257477243173
0 0.5214808043875686 0.1407672301690507 0.14351005484460694 0.06957087126137841
0 0.6745886654478976 0.13166449934980495 0.170018281535649 0.08257477243172952
0 0.8436928702010968 0.13198959687906373 0.19195612431444242 0.07802340702210664
0 0.8313528336380256 0.26007802340702213 0.17641681901279707 0.07282184655396619
0 0.1745886654478976 0.3140442132639792 0.2577696526508227 0.07802340702210664
0 0.09323583180987204 0.25260078023407023 0.11151736745886655 0.06566970091027308
0 0.2362888482632541 0.23959687906371913 0.18190127970749542 0.08257477243172952
0 0.389853747714808 0.22886866059817945 0.09414990859232175 0.07282184655396619
0 0.7792504570383912 0.20611183355006502 0.20749542961608775 0.06631989596879063
0 0.24542961608775138 0.3689856957087126 0.11243144424131626 0.06827048114434331
0 0.43327239488117003 0.3429778933680104 0.1956124314442413 0.08387516254876463
0 0.5941499085923218 0.3384265279583875 0.12248628884826325 0.05786736020806242
0 0.42230347349177333 0.42230169050715216 0.14990859232175502 0.0812743823146944
0 0.27148080438756855 0.4388816644993498 0.17184643510054845 0.09102730819245773
0 0.5914076782449725 0.40734720416124837 0.17184643510054845 0.08257477243172952
0 0.1430530164533821 0.5959037711313394 0.11608775137111517 0.07217165149544863
0 0.27376599634369286 0.5881014304291288 0.15813528336380256 0.08777633289986995
0 0.4360146252285192 0.6443433029908973 0.18647166361974407 0.08452535760728218
0 0.1503656307129799 0.7376462938881665 0.12522851919561243 0.07737321196358908
0 0.21846435100548445 0.8855656697009102 0.26142595978062155 0.0741222366710013
0 0.37842778793418647 0.8806892067620286 0.062157221206581355 0.06957087126137841
0 0.28793418647166363 0.7301690507152145 0.170018281535649 0.09102730819245773
0 0.4419561243144424 0.7200910273081924 0.15447897623400367 0.0812743823146944
0 0.26142595978062155 0.657997399219766 0.10786106032906764 0.05721716514954486
0 0.1663619744058501 0.9639141742522757 0.1590493601462523 0.05916775032509753
0 0.3272394881170018 0.9671651495448634 0.16453382084095064 0.06176853055916775
0 0.45612431444241314 0.8790637191157347 0.10968921389396709 0.07672301690507152
0 0.11791590493601463 0.04876462938881664 0.1425959780621572 0.0611183355006502
0 0.2659963436928702 0.03803641092327698 0.12979890310786105 0.06306892067620286
0 0.38939670932358317 0.03153446033810143 0.12614259597806216 0.055266579973992196
0 0.5347349177330896 0.03023407022106632 0.16087751371115175 0.055266579973992196
0 0.7399451553930531 0.03185955786736021 0.24954296160877515 0.05851755526657997
0 0.08135283363802559 0.1801040312093628 0.10968921389396709 0.08452535760728218
0 0.12294332723948811 0.3842652795838752 0.12340036563071298 0.07932379713914174
0 0.7458866544789763 0.32444733420026006 0.17184643510054845 0.0741222366710013
0 0.893510054844607 0.3166449934980494 0.15813528336380256 0.07932379713914174
0 0.7856489945155393 0.3988946684005202 0.20383912248628885 0.0812743823146944
0 0.9405850091407678 0.3881664499349805 0.10603290676416818 0.0741222366710013
0 0.11791590493601463 0.4522106631989597 0.1480804387568556 0.07737321196358908
0 0.12477148080438757 0.5237321196358907 0.1380255941499086 0.07607282184655396
0 0.24680073126142596 0.5133289986996099 0.06398537477148081 0.06046814044213264
0 0.41316270566727603 0.5019505851755527 0.1846435100548446 0.08322496749024708
0 0.5502742230347349 0.4925227568270481 0.10603290676416818 0.08647594278283485
0 0.6595063985374772 0.4827698309492848 0.10877513711151737 0.07867360208062418
0 0.7687385740402194 0.4756176853055917 0.12614259597806216 0.06957087126137841
0 0.9035648994515539 0.461963589076723 0.1526508226691042 0.07347204161248375
0 0.636654478976234 0.5575422626788037 0.1416819012797075 0.06827048114434331
0 0.8510054844606947 0.5390117035110533 0.17184643510054845 0.07932379713914174
0 0.6106032906764168 0.6245123537061118 0.12979890310786105 0.07087126137841353
0 0.7495429616087751 0.6131339401820546 0.16453382084095064 0.0741222366710013
0 0.9113345521023766 0.5903771131339401 0.16453382084095064 0.09102730819245773
0 0.5863802559414991 0.6996098829648895 0.16179159049360145 0.07672301690507152
0 0.7518281535648994 0.6882314694408322 0.180073126142596 0.07737321196358908
0 0.8884826325411335 0.6762028608582574 0.10968921389396709 0.05851755526657997
0 0.9602376599634369 0.6641742522756827 0.08135283363802559 0.06306892067620286
0 0.15493601462522852 0.8104681404421327 0.13985374771480805 0.0799739921976593
0 0.2810786106032907 0.8120936280884266 0.11974405850091407 0.0741222366710013
0 0.4163619744058501 0.8007152145643693 0.15447897623400367 0.07737321196358908
0 0.5626142595978062 0.7935630689206762 0.1380255941499086 0.0799739921976593
0 0.8569469835466179 0.7561768530559168 0.180073126142596 0.0754226267880364
0 0.6192870201096892 0.86703511053316 0.2202925045703839 0.10078023407022106
0 0.7614259597806216 0.8394018205461639 0.09506398537477148 0.09102730819245773
0 0.4757769652650823 0.9684655396618985 0.13985374771480805 0.053966189856957086
0 0.1480804387568556 0.6667750325097529 0.11151736745886655 0.06697009102730819
0 0.6010054844606947 0.9635890767230169 0.11791590493601463 0.04681404421326398
0 0.7637111517367459 0.9040962288686606 0.07586837294332724 0.056566970091027305
0 0.7097806215722121 0.9567620286085826 0.10877513711151737 0.04746423927178153
