0 0.3514644351464435 0.17685185185185184 0.4100418410041841 0.17222222222222222
0 0.7379707112970711 0.15324074074074073 0.29811715481171547 0.1935185185185185
0 0.4895397489539749 0.8893518518518518 0.19456066945606695 0.14537037037037037
0 0.21914225941422594 0.5166666666666667 0.32322175732217573 0.1925925925925926
0 0.12761506276150628 0.7342592592592593 0.1087866108786611 0.1962962962962963
0 0.5010460251046025 0.5125 0.25313807531380755 0.23981481481481481
0 0.30073221757322177 0.736574074074074 0.2102510460251046 0.1675925925925926
0 0.24790794979079497 0.9115740740740741 0.28451882845188287 0.14537037037037037
0 0.74581589958159 0.7324074074074074 0.3493723849372385 0.17222222222222222
0 0.7133891213389121 0.5416666666666666 0.12343096234309624 0.22037037037037038
0 0.5449790794979079 0.32083333333333336 0.33263598326359833 0.1398148148148148
0 0.8326359832635983 0.324537037037037 0.24476987447698745 0.1712962962962963
0 0.8901673640167364 0.5333333333333333 0.21548117154811716 0.21851851851851853
0 0.7034518828451883 0.8875 0.21234309623430964 0.10648148148148148
0 0.8702928870292888 0.8768518518518519 0.13807531380753138 0.12777777777777777
0 0.6971757322175732 0.9652777777777778 0.14330543933054393 0.06574074074074074
