0 0.23557187827911857 0.20833333333333334 0.17523609653725078 0.1312785388127854
0 0.459601259181532 0.23230593607305935 0.17418677859391396 0.158675799086758
0 0.6747114375655824 0.2328767123287671 0.21406086044071354 0.1643835616438356
0 0.30482686253934943 0.553082191780822 0.24449108079748164 0.1449771689497717
0 0.45435466946484787 0.4069634703196347 0.3273871983210913 0.1632420091324201
0 0.20566631689401887 0.3875570776255708 0.12801678908709338 0.19292237442922375
0 0.22507869884575027 0.6974885844748858 0.1584470094438615 0.16210045662100456
0 0.41133263378803775 0.7071917808219178 0.1888772298006296 0.1267123287671233
0 0.5975865687303253 0.7077625570776256 0.17103882476390347 0.12100456621004566
0 0.7612801678908709 0.7106164383561644 0.16474291710388247 0.11529680365296803
0 0.9171038824763903 0.7049086757990868 0.16998950682056663 0.12442922374429223
0 0.26285414480587616 0.83675799086758 0.16474291710388247 0.11187214611872145
0 0.8746065057712487 0.807648401826484 0.18153200419727178 0.11757990867579908
0 0.9517313746065058 0.5331050228310502 0.09653725078698845 0.1598173515981735
0 0.5524658971668416 0.553082191780822 0.21720881427072403 0.15182648401826485
0 0.7775445960125918 0.5399543378995434 0.2203567681007345 0.1643835616438356
0 0.7282266526757608 0.8407534246575342 0.08394543546694648 0.12442922374429223
0 0.4947534102833158 0.8441780821917808 0.3011542497376705 0.15182648401826485
0 0.7067156348373557 0.4023972602739726 0.18992654774396642 0.1358447488584475
