0 0.329004329004329 0.1964873765093304 0.12554112554112554 0.09659714599341383
0 0.5227272727272727 0.21350164654226125 0.1406926406926407 0.1394072447859495
0 0.7072510822510822 0.21789242590559824 0.21753246753246752 0.1394072447859495
0 0.8961038961038961 0.22777167947310648 0.18831168831168832 0.145993413830955
0 0.8198051948051948 0.07848518111964874 0.09632034632034632 0.13062568605927552
0 0.6417748917748918 0.07958287596048298 0.27056277056277056 0.132821075740944
0 0.8641774891774892 0.3814489571899012 0.14393939393939395 0.150384193194292
0 0.6623376623376623 0.37760702524698136 0.19696969696969696 0.1602634467618002
0 0.14502164502164502 0.32985729967069155 0.14502164502164502 0.132821075740944
0 0.3804112554112554 0.3545554335894621 0.36038961038961037 0.18221734357848518
0 0.22727272727272727 0.45609220636663006 0.30952380952380953 0.15477497255762898
0 0.5297619047619048 0.5027442371020856 0.31926406926406925 0.15148188803512624
0 0.8376623376623377 0.5142700329308453 0.24891774891774893 0.145993413830955
0 0.17261904761904762 0.5718990120746432 0.17857142857142858 0.1207464324917673
0 0.4042207792207792 0.579582875960483 0.29545454545454547 0.13611416026344675
0 0.20616883116883117 0.06476399560922064 0.16125541125541126 0.1207464324917673
0 0.37554112554112556 0.06695938529088913 0.12987012987012986 0.10318331503841932
0 0.6498917748917749 0.6405049396267838 0.24567099567099568 0.17233809001097694
0 0.8262987012987013 0.6476399560922064 0.1461038961038961 0.14489571899012074
0 0.9437229437229437 0.6553238199780461 0.11038961038961038 0.14270032930845225
