0 0.13974799541809851 0.07672502574665294 0.21305841924398625 0.0937178166838311
0 0.3550973654066438 0.04943357363542739 0.18327605956471935 0.07826982492276004
0 0.10194730813287514 0.41864057672502575 0.12829324169530354 0.14727085478887744
0 0.24856815578465064 0.4181256436663234 0.1718213058419244 0.15036045314109167
0 0.19931271477663232 0.7033985581874357 0.281786941580756 0.13182286302780638
0 0.5922107674684994 0.13439752832131824 0.2222222222222222 0.12461380020597322
0 0.47479954180985107 0.6946446961894953 0.27605956471935855 0.13079299691040164
0 0.6368843069873997 0.8537590113285273 0.16265750286368844 0.1709577754891864
0 0.8247422680412371 0.8280123583934088 0.24742268041237114 0.15036045314109167
0 0.4215349369988545 0.4191555097837281 0.17869415807560138 0.15653964984552007
0 0.6586483390607102 0.40061791967044286 0.290950744558992 0.1709577754891864
0 0.13688430698739978 0.17610710607621008 0.23024054982817868 0.15036045314109167
0 0.3734249713631157 0.14933058702368693 0.23596792668957617 0.13388259526261587
0 0.5343642611683849 0.2615859938208033 0.145475372279496 0.1380020597322348
0 0.5292096219931272 0.04737384140061792 0.19014891179839633 0.07415036045314109
0 0.7124856815578465 0.04016477857878476 0.18785796105383734 0.07415036045314109
0 0.12084765177548683 0.5746652935118435 0.15463917525773196 0.13594232749742532
0 0.2920962199312715 0.5695159629248198 0.18785796105383734 0.1462409886714727
0 0.48109965635738833 0.5633367662203913 0.14432989690721648 0.1380020597322348
0 0.6586483390607102 0.5453141091658085 0.1420389461626575 0.13285272914521112
0 0.7640320733104238 0.2548918640576725 0.31844215349369986 0.1349124613800206
0 0.35853379152348225 0.2780638516992791 0.21305841924398625 0.11534500514933059
0 0.7004581901489118 0.6894953656024717 0.19129438717067582 0.141091658084449
0 0.8940435280641467 0.659114315139032 0.2073310423825888 0.1874356333676622
0 0.1706758304696449 0.850669412976313 0.24742268041237114 0.16065911431513905
0 0.422680412371134 0.845005149330587 0.27262313860252 0.16374871266735325
0 0.8997709049255441 0.40319258496395466 0.2073310423825888 0.1513903192584964
0 0.8900343642611683 0.057672502574665295 0.17411225658648338 0.09474768280123584
0 0.8699885452462772 0.5118434603501545 0.19358533791523483 0.1380020597322348
0 0.7754868270332188 0.12615859938208032 0.1420389461626575 0.101956745623069
