0 0.1848341232227488 0.18213228035538007 0.15402843601895735 0.14511352418558737
0 0.4259478672985782 0.16436327739387957 0.21208530805687204 0.18065153010858837
0 0.22156398104265404 0.6164856860809477 0.32701421800947866 0.14116485686080948
0 0.139218009478673 0.47433366238894376 0.1623222748815166 0.15301085883514315
0 0.36255924170616116 0.4713721618953603 0.31516587677725116 0.14313919052319843
0 0.5533175355450237 0.7630799605133267 0.10426540284360189 0.13425468904244817
0 0.7440758293838863 0.7596248766041461 0.2938388625592417 0.13129318854886476
0 0.14454976303317535 0.771964461994077 0.15876777251184834 0.1441263573543929
0 0.35959715639810425 0.7670286278381047 0.27606635071090047 0.13820335636722605
0 0.5077014218009479 0.6140177690029615 0.245260663507109 0.1362290227048371
0 0.6866113744075829 0.5977295162882527 0.11018957345971564 0.13129318854886476
0 0.8127962085308057 0.6046396841066141 0.13507109004739337 0.14116485686080948
0 0.17535545023696683 0.8978282329713722 0.25118483412322273 0.12142152023692004
0 0.4697867298578199 0.8953603158933859 0.283175355450237 0.11846001974333663
0 0.82760663507109 0.16238894373149063 0.14336492890995262 0.14708785784797632
0 0.6386255924170616 0.16238894373149063 0.22985781990521326 0.17077986179664364
0 0.17654028436018956 0.33464955577492594 0.22748815165876776 0.14610069101678183
0 0.375 0.34945705824284307 0.15758293838862558 0.11648568608094768
0 0.943127962085308 0.6080947680157947 0.0971563981042654 0.12043435340572557
0 0.6143364928909952 0.3366238894373149 0.31635071090047395 0.140177690029615
0 0.6167061611374408 0.472852912142152 0.20497630331753555 0.1539980256663376
0 0.7837677725118484 0.46791707798617965 0.18838862559241706 0.1362290227048371
0 0.931872037914692 0.47433366238894376 0.1362559241706161 0.14708785784797632
0 0.7606635071090048 0.8914116485686081 0.2938388625592417 0.12240868706811452
