0 0.1866740088105727 0.12992125984251968 0.28083700440528636 0.14763779527559054
0 0.45099118942731276 0.12450787401574803 0.21916299559471367 0.13681102362204725
0 0.6299559471365639 0.11811023622047244 0.14977973568281938 0.13976377952755906
0 0.2131057268722467 0.4281496062992126 0.29405286343612336 0.19094488188976377
0 0.6062775330396476 0.4340551181102362 0.11123348017621146 0.1830708661417323
0 0.09911894273127753 0.8139763779527559 0.09911894273127753 0.13385826771653545
0 0.2720264317180617 0.7933070866141733 0.16079295154185022 0.14173228346456693
0 0.1305066079295154 0.6437007874015748 0.12004405286343613 0.1732283464566929
0 0.4526431718061674 0.4296259842519685 0.1960352422907489 0.2017716535433071
0 0.5225770925110133 0.9114173228346457 0.2830396475770925 0.11614173228346457
0 0.8001101321585903 0.890748031496063 0.20814977973568283 0.13188976377952755
0 0.6255506607929515 0.6107283464566929 0.16740088105726872 0.16043307086614172
0 0.8331497797356828 0.4315944881889764 0.31167400881057267 0.1919291338582677
0 0.4036343612334802 0.6259842519685039 0.26762114537444937 0.16338582677165353
0 0.4812775330396476 0.781988188976378 0.2599118942731278 0.1486220472440945
0 0.7433920704845814 0.7618110236220472 0.2687224669603524 0.15551181102362205
0 0.2301762114537445 0.6328740157480315 0.10572687224669604 0.16338582677165353
0 0.7813876651982379 0.6058070866141733 0.15088105726872247 0.15649606299212598
0 0.9218061674008811 0.5836614173228346 0.15418502202643172 0.16929133858267717
0 0.9526431718061674 0.7376968503937008 0.09251101321585903 0.17618110236220472
0 0.22191629955947137 0.9040354330708661 0.2852422907488987 0.10137795275590551
0 0.836453744493392 0.12007874015748031 0.2588105726872247 0.13582677165354332
0 0.823237885462555 0.2549212598425197 0.18612334801762115 0.14763779527559054
