0 0.4076388888888889 0.5744949494949495 0.20694444444444443 0.18181818181818182
0 0.6347222222222222 0.5467171717171717 0.18333333333333332 0.17676767676767677
0 0.8777777777777778 0.5347222222222222 0.225 0.16287878787878787
0 0.11805555555555555 0.601010101010101 0.18611111111111112 0.18181818181818182
0 0.8798611111111111 0.3693181818181818 0.19583333333333333 0.13257575757575757
0 0.6347222222222222 0.3806818181818182 0.20277777777777778 0.13762626262626262
0 0.3951388888888889 0.3939393939393939 0.20972222222222223 0.1691919191919192
0 0.11319444444444444 0.4292929292929293 0.1875 0.16161616161616163
0 0.14375 0.2967171717171717 0.2625 0.12878787878787878
0 0.14027777777777778 0.76010101010101 0.22777777777777777 0.1590909090909091
0 0.41180555555555554 0.7335858585858586 0.30416666666666664 0.1691919191919192
0 0.6611111111111111 0.7095959595959596 0.21388888888888888 0.1717171717171717
0 0.49166666666666664 0.13636363636363635 0.2361111111111111 0.14393939393939395
0 0.7979166666666667 0.1268939393939394 0.37083333333333335 0.1351010101010101
0 0.09305555555555556 0.07196969696969698 0.175 0.1111111111111111
0 0.8805555555555555 0.6736111111111112 0.24722222222222223 0.1830808080808081
0 0.7305555555555555 0.25946969696969696 0.32222222222222224 0.11994949494949494
0 0.09027777777777778 0.9027777777777778 0.14166666666666666 0.13131313131313133
0 0.3729166666666667 0.04924242424242424 0.39861111111111114 0.09848484848484848
0 0.6368055555555555 0.03282828282828283 0.14027777777777778 0.05808080808080808
0 0.8645833333333334 0.03345959595959596 0.19583333333333333 0.05176767676767677
0 0.7180555555555556 0.8194444444444444 0.11944444444444445 0.07828282828282829
0 0.8173611111111111 0.8257575757575758 0.3625 0.20202020202020202
