0 0.11386696730552424 0.13933054393305438 0.13077790304396844 0.1096234309623431
0 0.2779030439684329 0.12677824267782425 0.2040586245772266 0.11464435146443515
0 0.09864712514092447 0.24184100418410043 0.1273957158962796 0.11046025104602511
0 0.10541149943630214 0.3476987447698745 0.12965050732807215 0.099581589958159
0 0.11217587373167982 0.45648535564853554 0.15219842164599776 0.12133891213389121
0 0.09075535512965051 0.5661087866108787 0.1544532130777903 0.1196652719665272
0 0.2829763246899662 0.45230125523012554 0.20744081172491544 0.11297071129707113
0 0.24408117249154454 0.5673640167364017 0.16798196166854565 0.11548117154811716
0 0.11555806087936867 0.7895397489539749 0.17700112739571588 0.1096234309623431
0 0.1161217587373168 0.8845188284518829 0.19616685456595265 0.0887029288702929
0 0.3128523111612176 0.3397489539748954 0.25817361894024804 0.11548117154811716
0 0.24859075535512964 0.23138075313807532 0.19503945885005636 0.10627615062761506
0 0.20293122886133033 0.04602510460251046 0.3134160090191657 0.07866108786610879
0 0.5659526493799324 0.34518828451882844 0.10822998872604284 0.09456066945606695
0 0.7711386696730552 0.3401673640167364 0.14430665163472378 0.11297071129707113
0 0.6679819616685456 0.2297071129707113 0.4160090191657272 0.1297071129707113
0 0.6747463359639233 0.5589958158995816 0.3641488162344983 0.1322175732217573
0 0.5248027057497181 0.050627615062761505 0.33483652762119503 0.09121338912133892
0 0.8128523111612176 0.050627615062761505 0.24126268320180383 0.08451882845188284
0 0.09864712514092447 0.6778242677824268 0.1882750845546787 0.12217573221757322
0 0.2965050732807215 0.6807531380753138 0.22998872604284104 0.1280334728033473
0 0.5546786922209695 0.11715481171548117 0.13528748590755355 0.0887029288702929
0 0.7852311161217588 0.1284518828451883 0.2649379932356257 0.08451882845188284
0 0.5462232243517474 0.44602510460251044 0.14092446448703494 0.11046025104602511
0 0.7435174746335964 0.43682008368200836 0.2717023675310034 0.11715481171548117
0 0.3506200676437429 0.8861924686192468 0.2570462232243517 0.10376569037656903
