0 0.24688995215311005 0.22878667724028548 0.22200956937799043 0.13402061855670103
0 0.3736842105263158 0.07454401268834258 0.15598086124401914 0.11260904044409199
0 0.4842105263157895 0.2315622521808089 0.24688995215311005 0.11102299762093576
0 0.19569377990430623 0.08683584456780333 0.21148325358851675 0.14353687549563837
0 0.28038277511961723 0.5162569389373514 0.40574162679425835 0.17763679619349723
0 0.6478468899521531 0.5174464710547185 0.3349282296650718 0.11181601903251388
0 0.8861244019138756 0.5202220459952419 0.1416267942583732 0.11419508326724821
0 0.744976076555024 0.09080095162569389 0.18660287081339713 0.16574147501982553
0 0.9052631578947369 0.08485329103885805 0.1416267942583732 0.13322759714512292
0 0.8177033492822966 0.24544012688342584 0.35311004784688993 0.12926249008723237
0 0.5253588516746411 0.3620142743854084 0.1397129186602871 0.14829500396510706
0 0.8043062200956937 0.3798572561459159 0.3799043062200957 0.17129262490087233
0 0.5392344497607655 0.6415543219666932 0.22105263157894736 0.11895321173671689
0 0.7899521531100478 0.634020618556701 0.28038277511961723 0.12767644726407612
0 0.5311004784688995 0.0816812053925456 0.16650717703349283 0.13639968279143536
0 0.5545454545454546 0.09952418715305313 0.11004784688995216 0.08961141950832673
