0 0.13405797101449277 0.9097616345062429 0.2318840579710145 0.09194097616345062
0 0.5748792270531401 0.7769580022701476 0.30193236714975846 0.15550510783200908
0 0.28381642512077293 0.7922814982973894 0.3188405797101449 0.1543700340522134
0 0.07608695652173914 0.7769580022701476 0.13043478260869565 0.18274687854710556
0 0.8230676328502415 0.7604994324631101 0.17753623188405798 0.1793416572077185
0 0.34903381642512077 0.9228149829738933 0.20531400966183574 0.08853575482406356
0 0.5042270531400966 0.9103291713961408 0.13405797101449277 0.10442678774120318
0 0.6491545893719807 0.9080590238365494 0.15338164251207728 0.1112372304199773
0 0.8285024154589372 0.8921679909194098 0.2222222222222222 0.12031782065834279
0 0.2457729468599034 0.06583427922814983 0.3780193236714976 0.12939841089670828
0 0.5289855072463768 0.05732122587968218 0.1956521739130435 0.10556186152099886
0 0.7059178743961353 0.09194097616345062 0.1606280193236715 0.14982973893303064
0 0.8701690821256038 0.0981838819523269 0.18478260869565216 0.12599318955732122
