0 0.08383233532934131 0.4267241379310345 0.12215568862275449 0.12931034482758622
0 0.118562874251497 0.3103448275862069 0.162874251497006 0.1206896551724138
0 0.10538922155688622 0.6007543103448276 0.19401197604790418 0.11530172413793104
0 0.2508982035928144 0.5959051724137931 0.12095808383233533 0.1271551724137931
0 0.08922155688622754 0.7176724137931034 0.16167664670658682 0.11637931034482758
0 0.24251497005988024 0.7155172413793104 0.1497005988023952 0.1206896551724138
0 0.8634730538922155 0.6126077586206896 0.17724550898203592 0.11961206896551724
0 0.26586826347305387 0.39870689655172414 0.22994011976047904 0.12931034482758622
0 0.18203592814371258 0.11422413793103449 0.18922155688622755 0.11853448275862069
0 0.4245508982035928 0.599676724137931 0.2407185628742515 0.12392241379310345
0 0.6604790419161677 0.6039870689655172 0.22634730538922157 0.11961206896551724
0 0.418562874251497 0.7306034482758621 0.21437125748502994 0.14224137931034483
0 0.6047904191616766 0.7478448275862069 0.15808383233532936 0.16163793103448276
0 0.3149700598802395 0.3011853448275862 0.23952095808383234 0.10668103448275862
0 0.6191616766467066 0.3895474137931034 0.11736526946107785 0.10668103448275862
0 0.16047904191616766 0.8297413793103449 0.237125748502994 0.10560344827586207
0 0.3964071856287425 0.09051724137931035 0.2467065868263473 0.08620689655172414
0 0.6389221556886228 0.10344827586206896 0.24311377245508983 0.11637931034482758
0 0.578443113772455 0.30657327586206895 0.2874251497005988 0.10452586206896551
0 0.8574850299401198 0.30926724137931033 0.27305389221556886 0.10991379310344827
0 0.4844311377245509 0.41325431034482757 0.1664670658682635 0.16918103448275862
0 0.7652694610778443 0.39439655172413796 0.13652694610778443 0.09913793103448276
0 0.8952095808383234 0.39655172413793105 0.12335329341317365 0.10344827586206896
0 0.19520958083832335 0.20689655172413793 0.2970059880239521 0.10560344827586207
0 0.3934131736526946 0.8566810344827587 0.2119760479041916 0.12284482758620689
0 0.7568862275449102 0.7392241379310345 0.1437125748502994 0.1206896551724138
0 0.7952095808383234 0.9288793103448276 0.20119760479041915 0.0625
0 0.6880239520958084 0.49084051724137934 0.24790419161676647 0.10668103448275862
0 0.5760479041916168 0.8739224137931034 0.16526946107784432 0.09267241379310345
0 0.7359281437125749 0.8728448275862069 0.20958083832335328 0.07758620689655173
0 0.181437125748503 0.9014008620689655 0.26467065868263473 0.08297413793103449
0 0.5065868263473053 0.20581896551724138 0.32335329341317365 0.10344827586206896
0 0.7832335329341318 0.20851293103448276 0.25149700598802394 0.11314655172413793
0 0.9389221556886228 0.23006465517241378 0.081437125748503 0.07866379310344827
