0 0.10878243512974052 0.1871820956256358 0.1217564870259481 0.13835198372329605
0 0.16117764471057885 0.8448626653102747 0.17265469061876249 0.18413021363173956
0 0.38822355289421157 0.8474059003051883 0.16766467065868262 0.16480162767039674
0 0.7320359281437125 0.8367243133265514 0.344311377245509 0.18209562563580875
0 0.595309381237525 0.5834181078331638 0.3063872255489022 0.17395727365208546
0 0.8782435129740519 0.5701932858596134 0.20958083832335328 0.19226856561546288
0 0.22704590818363274 0.569175991861648 0.3143712574850299 0.20854526958290945
0 0.3473053892215569 0.3916581892166836 0.249500998003992 0.14649033570701933
0 0.5763473053892215 0.4074262461851475 0.16467065868263472 0.15971515768056968
0 0.7290419161676647 0.4074262461851475 0.13672654690618763 0.1536113936927772
0 0.436127744510978 0.18972533062054933 0.15768463073852296 0.18819938962360122
0 0.7130738522954092 0.19277721261444558 0.3602794411177645 0.19023397761953204
0 0.8887225548902196 0.40030518819938965 0.18263473053892215 0.14954221770091555
0 0.1372255489021956 0.39216683621566634 0.14870259481037923 0.16378433367243134
0 0.2719560878243513 0.19175991861648017 0.1906187624750499 0.18413021363173956
