0 0.1628440366972477 0.40126459143968873 0.26605504587155965 0.10408560311284047
0 0.4506880733944954 0.37937743190661477 0.30504587155963303 0.13618677042801555
0 0.11467889908256881 0.6872568093385214 0.17660550458715596 0.12743190661478598
0 0.12327981651376146 0.2689688715953307 0.1915137614678899 0.11186770428015565
0 0.31479357798165136 0.2582684824902724 0.1915137614678899 0.11381322957198443
0 0.1588302752293578 0.1220817120622568 0.16857798165137614 0.13132295719844359
0 0.47878440366972475 0.2514591439688716 0.13188073394495411 0.12159533073929961
0 0.10779816513761468 0.5646887159533074 0.17889908256880735 0.13715953307392997
0 0.11295871559633028 0.894455252918288 0.17087155963302753 0.11770428015564202
0 0.6823394495412844 0.3769455252918288 0.1628440366972477 0.13132295719844359
0 0.4461009174311927 0.5286964980544747 0.1743119266055046 0.1254863813229572
0 0.6467889908256881 0.5282101167315175 0.1834862385321101 0.1303501945525292
0 0.8480504587155964 0.5175097276264592 0.2098623853211009 0.14980544747081712
0 0.6639908256880734 0.24124513618677043 0.2591743119266055 0.13424124513618677
0 0.8480504587155964 0.245136186770428 0.12729357798165136 0.1264591439688716
0 0.2626146788990826 0.5505836575875487 0.13302752293577982 0.14980544747081712
0 0.31077981651376146 0.14591439688715954 0.1444954128440367 0.0933852140077821
0 0.6680045871559633 0.0909533073929961 0.22362385321100917 0.1293774319066148
0 0.8635321100917431 0.0928988326848249 0.14220183486238533 0.11964980544747082
0 0.06135321100917431 0.7937743190661478 0.07454128440366972 0.07587548638132295
0 0.2907110091743119 0.7908560311284046 0.15481651376146788 0.11089494163424124
0 0.5946100917431193 0.894455252918288 0.18692660550458715 0.12743190661478598
0 0.760894495412844 0.8988326848249028 0.13188073394495411 0.11284046692607004
0 0.4730504587155963 0.12791828793774318 0.15481651376146788 0.13326848249027237
0 0.8979357798165137 0.8900778210116731 0.1536697247706422 0.13229571984435798
0 0.5521788990825688 0.7689688715953308 0.2809633027522936 0.1293774319066148
0 0.3526376146788991 0.8910505836575876 0.25344036697247707 0.10894941634241245
