0 0.20934959349593496 0.15554553651938682 0.22764227642276422 0.1704238052299369
0 0.4715447154471545 0.15058611361587015 0.23170731707317074 0.16050495942290352
0 0.6717479674796748 0.1492335437330929 0.17276422764227642 0.17583408476104598
0 0.8307926829268293 0.1478809738503156 0.14532520325203252 0.17853922452660054
0 0.1758130081300813 0.3313796212804328 0.25 0.14697926059513075
0 0.4375 0.3255184851217313 0.27947154471544716 0.1550946798917944
0 0.6570121951219512 0.3174030658250676 0.15142276422764228 0.1496844003606853
0 0.17123983739837398 0.4828674481514878 0.2916666666666667 0.1776375112714157
0 0.4568089430894309 0.47024346257889993 0.21036585365853658 0.16862037871956717
0 0.6189024390243902 0.47249774571686204 0.11788617886178862 0.16050495942290352
0 0.7870934959349594 0.4621280432822362 0.1209349593495935 0.1776375112714157
0 0.8917682926829268 0.4571686203787196 0.10467479674796748 0.1496844003606853
0 0.1798780487804878 0.6397655545536519 0.2621951219512195 0.13255184851217314
0 0.45985772357723576 0.6280432822362488 0.25101626016260165 0.14337240757439135
0 0.7571138211382114 0.6280432822362488 0.2540650406504065 0.15960324616771868
0 0.13414634146341464 0.7691614066726781 0.16666666666666666 0.1532912533814247
0 0.36534552845528456 0.7547339945897205 0.30386178861788615 0.1442741208295762
0 0.6316056910569106 0.7623985572587917 0.20223577235772358 0.13976555455365194
0 0.8328252032520326 0.7682596934174932 0.16158536585365854 0.1550946798917944
0 0.12804878048780488 0.9265103697024346 0.13211382113821138 0.14337240757439135
0 0.36585365853658536 0.9247069431920649 0.17886178861788618 0.13255184851217314
0 0.546239837398374 0.9156898106402164 0.10873983739837398 0.13615870153291254
0 0.676829268292683 0.9098286744815148 0.13414634146341464 0.12443642921550947
0 0.9552845528455285 0.7673579801623084 0.07926829268292683 0.1532912533814247
0 0.8155487804878049 0.9107303877366997 0.11890243902439024 0.10459873760144274
