0 0.1623006833712984 0.076158940397351 0.1765375854214123 0.15011037527593818
0 0.41970387243735763 0.08995584988962473 0.19248291571753987 0.1490066225165563
0 0.7238041002277904 0.10044150110375276 0.38838268792710706 0.16114790286975716
0 0.14464692482915717 0.24503311258278146 0.1867881548974943 0.16114790286975716
0 0.8872437357630979 0.28311258278145696 0.2164009111617312 0.19536423841059603
0 0.5056947608200456 0.2737306843267108 0.4601366742596811 0.2141280353200883
0 0.19020501138952164 0.7913907284768212 0.2528473804100228 0.17439293598233996
0 0.40148063781321186 0.7770419426048565 0.1560364464692483 0.1456953642384106
0 0.5848519362186788 0.7786975717439294 0.12414578587699317 0.16887417218543047
0 0.4430523917995444 0.9072847682119205 0.5444191343963554 0.17439293598233996
0 0.7750569476082004 0.7362030905077263 0.13097949886104784 0.10816777041942605
0 0.837129840546697 0.7599337748344371 0.27790432801822323 0.1997792494481236
