0 0.1656441717791411 0.13930885529157666 0.26012269938650306 0.1511879049676026
0 0.5049079754601227 0.13228941684665227 0.18036809815950922 0.1717062634989201
0 0.9061349693251534 0.13606911447084233 0.11901840490797547 0.15334773218142547
0 0.6343558282208589 0.49352051835853133 0.21595092024539878 0.1447084233261339
0 0.36503067484662577 0.4978401727861771 0.3226993865030675 0.14038876889848811
0 0.11349693251533742 0.5113390928725702 0.1754601226993865 0.1673866090712743
0 0.1607361963190184 0.7348812095032398 0.21595092024539878 0.1630669546436285
0 0.36809815950920244 0.7478401727861771 0.18404907975460122 0.11987041036717062
0 0.7288343558282209 0.1355291576673866 0.2552147239263804 0.1587473002159827
0 0.838036809815951 0.47516198704103674 0.19631901840490798 0.13822894168466524
0 0.6012269938650306 0.7235421166306696 0.294478527607362 0.12742980561555076
0 0.850920245398773 0.7116630669546437 0.21717791411042944 0.11663066954643629
0 0.5846625766871165 0.3142548596112311 0.3300613496932515 0.18142548596112312
0 0.22515337423312884 0.30885529157667385 0.39631901840490796 0.17062634989200864
0 0.8570552147239264 0.31533477321814257 0.2441717791411043 0.13822894168466524
0 0.8392638036809816 0.5901727861771058 0.2650306748466258 0.132829373650108
0 0.5595092024539877 0.8628509719222462 0.19386503067484662 0.13606911447084233
0 0.7865030674846626 0.83207343412527 0.24049079754601227 0.13498920086393087
