0 0.6370614035087719 0.060821484992101105 0.1206140350877193 0.09636650868878358
0 0.7598684210526315 0.056477093206951025 0.11842105263157894 0.0924170616113744
0 0.08881578947368421 0.28001579778830965 0.08333333333333333 0.08767772511848342
0 0.17050438596491227 0.593996840442338 0.11513157894736842 0.09162717219589257
0 0.07291666666666667 0.5951816745655608 0.0756578947368421 0.07345971563981042
0 0.5449561403508771 0.4786729857819905 0.1337719298245614 0.08688783570300158
0 0.41228070175438597 0.4834123222748815 0.14692982456140352 0.08530805687203792
0 0.3163377192982456 0.584518167456556 0.13267543859649122 0.0947867298578199
0 0.10635964912280702 0.179304897314376 0.12280701754385964 0.08530805687203792
0 0.3020833333333333 0.17614533965244866 0.25109649122807015 0.08372827804107424
0 0.10526315789473684 0.3858609794628752 0.13815789473684212 0.10347551342812006
0 0.24945175438596492 0.38270142180094785 0.13048245614035087 0.0971563981042654
0 0.4029605263157895 0.3787519747235387 0.12828947368421054 0.10031595576619273
0 0.59375 0.3858609794628752 0.18311403508771928 0.09873617693522907
0 0.8086622807017544 0.3732227488151659 0.20065789473684212 0.08451816745655608
0 0.793859649122807 0.46011058451816744 0.2543859649122807 0.10821484992101106
0 0.26151315789473684 0.4881516587677725 0.1611842105263158 0.0995260663507109
0 0.08991228070175439 0.48696682464454977 0.1337719298245614 0.0924170616113744
0 0.47094298245614036 0.5837282780410743 0.11293859649122807 0.0947867298578199
0 0.6710526315789473 0.5706951026856241 0.21052631578947367 0.0924170616113744
0 0.10526315789473684 0.6820695102685624 0.1513157894736842 0.0750394944707741
0 0.3201754385964912 0.6875987361769352 0.2850877192982456 0.10031595576619273
0 0.5707236842105263 0.6789099526066351 0.2225877192982456 0.10031595576619273
0 0.7757675438596491 0.6706161137440758 0.12828947368421054 0.08846761453396525
0 0.1206140350877193 0.7788309636650869 0.1513157894736842 0.06477093206951026
0 0.32510964912280704 0.7701421800947867 0.22697368421052633 0.06951026856240126
0 0.6589912280701754 0.7701421800947867 0.15789473684210525 0.09320695102685624
0 0.8497807017543859 0.7756714060031595 0.10964912280701754 0.0947867298578199
0 0.11567982456140351 0.8566350710900474 0.11732456140350878 0.08609794628751975
0 0.41173245614035087 0.8495260663507109 0.22478070175438597 0.1018957345971564
0 0.6228070175438597 0.8605845181674565 0.17763157894736842 0.08767772511848342
0 0.9506578947368421 0.759478672985782 0.06359649122807018 0.08609794628751975
0 0.36403508771929827 0.27290679304897314 0.36622807017543857 0.11611374407582939
0 0.71875 0.27567140600315954 0.2774122807017544 0.11690363349131122
0 0.9325657894736842 0.27093206951026855 0.09978070175438597 0.10742496050552923
0 0.8185307017543859 0.16587677725118483 0.14144736842105263 0.10900473933649289
0 0.6129385964912281 0.16666666666666666 0.08771929824561403 0.09162717219589257
0 0.3821271929824561 0.061611374407582936 0.24232456140350878 0.09320695102685624
0 0.5427631578947368 0.06635071090047394 0.06140350877192982 0.06003159557661927
0 0.18695175438596492 0.06595576619273302 0.15899122807017543 0.0924170616113744
0 0.06140350877192982 0.06990521327014218 0.07456140350877193 0.10821484992101106
0 0.8585526315789473 0.565955766192733 0.12719298245614036 0.11137440758293839
0 0.23355263157894737 0.8522906793048973 0.13596491228070176 0.09636650868878358
0 0.8404605263157895 0.8617693522906793 0.26644736842105265 0.09004739336492891
0 0.7428728070175439 0.9494470774091627 0.20723684210526316 0.09004739336492891
0 0.8799342105263158 0.058846761453396526 0.13925438596491227 0.1018957345971564
