0 0.1448349307774228 0.24082784571966134 0.16613418530351437 0.12417685794920037
0 0.3572949946751864 0.24694261523988711 0.15654952076677317 0.14016933207902163
0 0.661874334398296 0.24835371589840075 0.3865814696485623 0.18438381937911572
0 0.31735889243876464 0.6331138287864534 0.16613418530351437 0.1599247412982126
0 0.10596379126730564 0.10818438381937912 0.12673056443024494 0.13734713076199437
0 0.3306709265175719 0.10724365004703669 0.25878594249201275 0.14675446848541862
0 0.5591054313099042 0.08513640639698965 0.18956336528221512 0.1533396048918156
0 0.10702875399361023 0.6227657572906867 0.18423855165069222 0.16933207902163688
0 0.12566560170394037 0.7775164628410159 0.21725239616613418 0.1495766698024459
0 0.36421725239616615 0.7784571966133584 0.25559105431309903 0.14393226716839136
0 0.6560170394036209 0.878645343367827 0.3152289669861555 0.11853245531514581
0 0.8194888178913738 0.6020696142991533 0.19488817891373802 0.1561618062088429
0 0.5649627263045793 0.6175917215428034 0.3226837060702875 0.16086547507055504
0 0.5878594249201278 0.7554092191909689 0.1853035143769968 0.14299153339604892
0 0.7433439829605963 0.7417685794920038 0.17252396166134185 0.14016933207902163
0 0.8929712460063898 0.7182502351834431 0.1501597444089457 0.17215428033866415
0 0.8663471778487752 0.8730009407337723 0.12034078807241747 0.12982126058325494
0 0.12673056443024494 0.883349012229539 0.11714589989350373 0.07714016933207903
0 0.27103301384451545 0.9063969896519285 0.46751863684771033 0.12699905926622765
