0 0.12934362934362933 0.20638908829863603 0.1969111969111969 0.09978463747307968
0 0.7905405405405406 0.2031586503948313 0.3088803088803089 0.09619526202440776
0 0.0945945945945946 0.12060301507537688 0.14478764478764478 0.0674802584350323
0 0.13320463320463322 0.31478822684852836 0.24324324324324326 0.11701363962670495
0 0.34555984555984554 0.2961234745154343 0.1969111969111969 0.10983488872936109
0 0.4971042471042471 0.28499641062455133 0.11583011583011583 0.11198851399856424
0 0.12065637065637065 0.04953338119167265 0.1640926640926641 0.07896625987078248
0 0.918918918918919 0.10732232591529074 0.16216216216216217 0.09117013639626705
0 0.10762548262548262 0.8291457286432161 0.166988416988417 0.07609475951184494
0 0.11148648648648649 0.9134960516870064 0.17857142857142858 0.07537688442211055
0 0.3638996138996139 0.9203158650394831 0.1969111969111969 0.08614501076812635
0 0.3721042471042471 0.8298636037329504 0.24613899613899615 0.10193826274228285
0 0.9044401544401545 0.030868628858578606 0.10617760617760617 0.06173725771715721
0 0.3392857142857143 0.11127063890882986 0.3581081081081081 0.09045226130653267
0 0.7818532818532818 0.10983488872936109 0.14092664092664092 0.08758076094759512
0 0.6293436293436293 0.28499641062455133 0.1525096525096525 0.11629576453697056
0 0.7442084942084942 0.27207465900933236 0.0888030888030888 0.08470926058865758
0 0.10328185328185328 0.44795405599425697 0.12548262548262548 0.0890165111270639
0 0.23696911196911197 0.4583632447954056 0.1805019305019305 0.08973438621679827
0 0.7253861003861004 0.797559224694903 0.22104247104247104 0.09332376166547021
0 0.736969111969112 0.8883704235463029 0.22683397683397682 0.0882986360373295
0 0.7731660231660231 0.7074659009332376 0.2915057915057915 0.10552763819095477
0 0.35714285714285715 0.7394113424264178 0.20656370656370657 0.10337401292175162
0 0.7765444015444015 0.6256281407035176 0.18243243243243243 0.09691313711414214
0 0.6003861003861004 0.6407035175879398 0.1640926640926641 0.08973438621679827
0 0.45656370656370654 0.6428571428571429 0.14092664092664092 0.09978463747307968
0 0.8185328185328186 0.5312275664034458 0.24324324324324326 0.09475951184493898
0 0.5458494208494209 0.539124192390524 0.3156370656370656 0.10337401292175162
0 0.2611003861003861 0.5524048815506102 0.12065637065637065 0.07394113424264179
0 0.3581081081081081 0.544508255563532 0.09266409266409266 0.09260588657573582
0 0.3894787644787645 0.036970567121320894 0.07625482625482626 0.05671213208901651
0 0.4691119691119691 0.03589375448671931 0.07915057915057915 0.05886575735821967
0 0.8354247104247104 0.35139985642498206 0.20366795366795368 0.08973438621679827
0 0.5888030888030888 0.09117013639626705 0.10038610038610038 0.0416367552045944
0 0.6153474903474904 0.11342426417803302 0.22297297297297297 0.10337401292175162
0 0.8634169884169884 0.2727925340990668 0.12065637065637065 0.0674802584350323
0 0.959942084942085 0.2770997846374731 0.07625482625482626 0.05886575735821967
0 0.4358108108108108 0.44615936826992103 0.2055984555984556 0.09691313711414214
0 0.5888030888030888 0.44544149318018667 0.14671814671814673 0.09117013639626705
0 0.7813706563706564 0.4418521177315147 0.2577220077220077 0.08399138549892318
0 0.25965250965250963 0.6453697056712132 0.27606177606177607 0.10193826274228285
0 0.11341698841698841 0.9763101220387652 0.18243243243243243 0.043072505384063174
0 0.3803088803088803 0.9723618090452262 0.2335907335907336 0.05527638190954774
0 0.7244208494208494 0.9641062455132807 0.25965250965250963 0.06030150753768844
0 0.4575289575289575 0.5279971284996411 0.08494208494208494 0.05384063173007897
