0 0.23660714285714285 0.2685274302213667 0.16517857142857142 0.24831568816169394
0 0.5920758928571429 0.21944177093359 0.14174107142857142 0.18479307025986524
0 0.8325892857142857 0.18768046198267566 0.32142857142857145 0.1347449470644851
0 0.27176339285714285 0.48267564966313764 0.3203125 0.18960538979788258
0 0.55859375 0.44850818094321465 0.21763392857142858 0.19826756496631376
0 0.8136160714285714 0.41530317613089507 0.30357142857142855 0.15495668912415783
0 0.20982142857142858 0.6655437921077959 0.23214285714285715 0.18768046198267566
0 0.53515625 0.629451395572666 0.40736607142857145 0.14629451395572665
0 0.6741071428571429 0.7521655437921078 0.33035714285714285 0.12223291626564003
0 0.9118303571428571 0.7406159769008662 0.15401785714285715 0.13763233878729547
0 0.81640625 0.9624639076034649 0.29799107142857145 0.0846968238691049
0 0.24665178571428573 0.8811357074109721 0.28125 0.1915303176130895
0 0.6227678571428571 0.8743984600577478 0.22991071428571427 0.13570741097208855
0 0.8699776785714286 0.868623676612127 0.2578125 0.12800769971126083
0 0.5234375 0.9624639076034649 0.25223214285714285 0.05389797882579403
