0 0.1651270207852194 0.1404040404040404 0.10623556581986143 0.13333333333333333
0 0.15935334872979215 0.2868686868686869 0.13163972286374134 0.12525252525252525
0 0.1605080831408776 0.5575757575757576 0.09930715935334873 0.10909090909090909
0 0.8163972286374134 0.11818181818181818 0.20785219399538107 0.1292929292929293
0 0.7950346420323325 0.2474747474747475 0.30138568129330257 0.1191919191919192
0 0.13568129330254042 0.8474747474747475 0.10508083140877598 0.12121212121212122
0 0.7349884526558892 0.8308080808080808 0.39145496535796764 0.1484848484848485
0 0.24364896073903003 0.7 0.2702078521939954 0.16363636363636364
0 0.5600461893764435 0.6818181818181818 0.2840646651270208 0.1414141414141414
0 0.8227482678983834 0.6818181818181818 0.2251732101616628 0.1595959595959596
0 0.2707852193995381 0.41818181818181815 0.2852193995381062 0.13535353535353536
0 0.8325635103926097 0.5358585858585858 0.27251732101616627 0.12828282828282828
0 0.4792147806004619 0.5505050505050505 0.3094688221709007 0.1292929292929293
0 0.7742494226327945 0.403030303030303 0.4006928406466513 0.15151515151515152
