0 0.21598639455782312 0.18421052631578946 0.15759637188208617 0.14187643020594964
0 0.641156462585034 0.17391304347826086 0.14399092970521543 0.2036613272311213
0 0.21825396825396826 0.870137299771167 0.1893424036281179 0.16819221967963388
0 0.4722222222222222 0.8758581235697941 0.15306122448979592 0.16361556064073227
0 0.7817460317460317 0.8518306636155606 0.29365079365079366 0.15675057208237986
0 0.24319727891156462 0.7133867276887872 0.22108843537414966 0.15446224256292906
0 0.8282312925170068 0.13901601830663615 0.23469387755102042 0.19336384439359267
0 0.1865079365079365 0.3890160183066362 0.19160997732426305 0.19908466819221968
0 0.5334467120181405 0.36670480549199086 0.409297052154195 0.18192219679633867
0 0.5663265306122449 0.6967963386727689 0.37528344671201813 0.17391304347826086
0 0.8214285714285714 0.42162471395881007 0.16666666666666666 0.16590389016018306
0 0.8395691609977324 0.6979405034324943 0.1984126984126984 0.16247139588100687
0 0.731859410430839 0.562929061784897 0.29138321995464855 0.12814645308924486
