0 0.2329988851727982 0.3906810035842294 0.11148272017837235 0.15770609318996415
0 0.5585284280936454 0.4199522102747909 0.13823857302118173 0.22102747909199522
0 0.31605351170568563 0.8709677419354839 0.15719063545150502 0.12903225806451613
0 0.2140468227424749 0.09259259259259259 0.2653288740245262 0.13022700119474312
0 0.11426978818283166 0.3805256869772999 0.14604236343366778 0.1827956989247312
0 0.44704570791527315 0.8763440860215054 0.11371237458193979 0.18518518518518517
0 0.13823857302118173 0.8763440860215054 0.19175027870680045 0.13978494623655913
0 0.38294314381270905 0.4014336917562724 0.18171683389074694 0.17921146953405018
0 0.11817168338907469 0.21804062126642773 0.14492753623188406 0.15890083632019117
0 0.3210702341137124 0.22879330943847073 0.2608695652173913 0.16845878136200718
0 0.5741360089186176 0.22819593787335724 0.25195094760312153 0.17921146953405018
0 0.8383500557413601 0.23596176821983272 0.3076923076923077 0.19952210274790919
0 0.8260869565217391 0.3960573476702509 0.27647714604236345 0.15890083632019117
0 0.701783723522854 0.07467144563918758 0.2686733556298774 0.13978494623655913
0 0.7051282051282052 0.8476702508960573 0.40245261984392416 0.20430107526881722
0 0.5607580824972129 0.8225806451612904 0.10925306577480491 0.1015531660692951
