0 0.8379629629629629 0.050556361877116596 0.16737891737891739 0.06434446057087566
0 0.6089743589743589 0.05152394775036284 0.23076923076923078 0.06531204644412192
0 0.3992165242165242 0.04886308659893566 0.19017094017094016 0.06386066763425254
0 0.20726495726495728 0.05611998064828253 0.14102564102564102 0.06289308176100629
0 0.054843304843304845 0.12796323173681665 0.07692307692307693 0.06627963231736816
0 0.13853276353276353 0.12772133526850507 0.1047008547008547 0.06095791001451379
0 0.2386039886039886 0.12264150943396226 0.11538461538461539 0.06821480406386067
0 0.36182336182336183 0.11998064828253507 0.1282051282051282 0.06289308176100629
0 0.5014245014245015 0.11949685534591195 0.17663817663817663 0.061925495887760036
0 0.6356837606837606 0.11731978713110788 0.11182336182336182 0.06627963231736816
0 0.7628205128205128 0.11804547653604257 0.15384615384615385 0.06386066763425254
0 0.9102564102564102 0.12215771649733914 0.14387464387464388 0.07111756168359942
0 0.10256410256410256 0.19980648282535074 0.1623931623931624 0.0706337687469763
0 0.25783475783475784 0.19593613933236576 0.150997150997151 0.0822447992259313
0 0.5142450142450142 0.1910982099661345 0.18945868945868946 0.0745041122399613
0 0.6680911680911681 0.18867924528301888 0.1282051282051282 0.07256894049346879
0 0.7916666666666666 0.18819545234639573 0.11894586894586895 0.07160135462022255
0 0.9166666666666666 0.18722786647314948 0.14102564102564102 0.07353652636671505
0 0.04131054131054131 0.28011611030478956 0.0868945868945869 0.06386066763425254
0 0.14494301994301995 0.27310111272375426 0.13603988603988604 0.07208514755684567
0 0.27564102564102566 0.2711659409772617 0.13532763532763534 0.07595549104983067
0 0.5231481481481481 0.2648766328011611 0.2272079772079772 0.07014997581035316
0 0.6919515669515669 0.25882922109337203 0.11609686609686609 0.06773101112723755
0 0.8888888888888888 0.2590711175616836 0.16381766381766383 0.06724721819061441
0 0.08796296296296297 0.3548621190130624 0.146011396011396 0.08079342041606193
0 0.05413105413105413 0.43299467827769716 0.08404558404558404 0.0764392839864538
0 0.14814814814814814 0.4308176100628931 0.10398860398860399 0.07595549104983067
0 0.25249287749287747 0.4276729559748428 0.1103988603988604 0.0783744557329463
0 0.37286324786324787 0.420899854862119 0.1346153846153846 0.0803096274794388
0 0.5092592592592593 0.41872278664731494 0.14102564102564102 0.07885824866956942
0 0.6274928774928775 0.41340106434446056 0.10541310541310542 0.07595549104983067
0 0.7350427350427351 0.3945331398161587 0.12108262108262108 0.05370101596516691
0 0.07086894586894586 0.5858732462506048 0.099002849002849 0.07740686985970005
0 0.09935897435897435 0.6606192549588776 0.12606837606837606 0.07692307692307693
0 0.22613960113960113 0.6528785679729076 0.12606837606837606 0.07692307692307693
0 0.34793447293447294 0.7203676826318336 0.10754985754985755 0.07934204160619256
0 0.46153846153846156 0.7111756168359942 0.1339031339031339 0.07934204160619256
0 0.9419515669515669 0.6088534107402032 0.07763532763532764 0.06144170295113691
0 0.35149572649572647 0.5621673923560716 0.12321937321937322 0.07160135462022255
0 0.46082621082621084 0.5582970488630866 0.08974358974358974 0.06579583938074504
0 0.5509259259259259 0.555878084179971 0.10042735042735043 0.06579583938074504
0 0.6481481481481481 0.5532172230285438 0.10683760683760683 0.06531204644412192
0 0.7603276353276354 0.5449927431059507 0.12321937321937322 0.06627963231736816
0 0.761039886039886 0.3309143686502177 0.08903133903133903 0.0706337687469763
0 0.8810541310541311 0.330188679245283 0.1581196581196581 0.07498790517658442
0 0.655982905982906 0.3313981615868408 0.1168091168091168 0.0783744557329463
0 0.5153133903133903 0.33720367682631835 0.16595441595441596 0.07160135462022255
0 0.3696581196581197 0.34446057087566523 0.13105413105413105 0.07740686985970005
0 0.23148148148148148 0.34760522496371554 0.13817663817663817 0.06821480406386067
0 0.6068376068376068 0.7022254475084664 0.15669515669515668 0.08079342041606193
0 0.7553418803418803 0.7014997581035317 0.14316239316239315 0.0745041122399613
0 0.5113960113960114 0.6369134010643445 0.1282051282051282 0.06047411707789066
0 0.6321225071225072 0.6347363328495405 0.11324786324786325 0.06289308176100629
0 0.08974358974358974 0.5082244799225931 0.1452991452991453 0.07402031930333818
0 0.1955128205128205 0.5070149975810353 0.06196581196581197 0.06966618287373004
0 0.26673789173789175 0.5031446540880503 0.08190883190883191 0.07256894049346879
0 0.3696581196581197 0.4954039671020803 0.13532763532763534 0.0706337687469763
0 0.5117521367521367 0.4898403483309144 0.14886039886039887 0.07111756168359942
0 0.6702279202279202 0.47508466376390907 0.1737891737891738 0.07160135462022255
0 0.8176638176638177 0.471214320270924 0.09259259259259259 0.07740686985970005
0 0.9277065527065527 0.46057087566521526 0.13319088319088318 0.05418480890179003
0 0.08475783475783476 0.05878084179970972 0.10683760683760683 0.06434446057087566
0 0.15705128205128205 0.5820029027576198 0.099002849002849 0.0764392839864538
0 0.2443019943019943 0.5774068698597 0.09401709401709402 0.07402031930333818
0 0.8301282051282052 0.6161103047895501 0.14886039886039887 0.062409288824383166
0 0.8831908831908832 0.6901306240928883 0.1168091168091168 0.06047411707789066
0 0.9693732193732194 0.6785195936139332 0.05555555555555555 0.05079825834542816
0 0.8703703703703703 0.5423318819545234 0.10683760683760683 0.06095791001451379
0 0.9540598290598291 0.54644412191582 0.07051282051282051 0.049830672472181904
