0 0.1913086913086913 0.14613970588235295 0.13286713286713286 0.16176470588235295
0 0.12937062937062938 0.7150735294117647 0.1068931068931069 0.15257352941176472
0 0.13586413586413587 0.3005514705882353 0.0939060939060939 0.13602941176470587
0 0.49100899100899104 0.2803308823529412 0.22277722277722278 0.13786764705882354
0 0.7747252747252747 0.2679227941176471 0.22877122877122877 0.12224264705882353
0 0.28471528471528473 0.7196691176470589 0.18181818181818182 0.13602941176470587
0 0.550949050949051 0.7012867647058824 0.34265734265734266 0.11029411764705882
0 0.7672327672327672 0.13924632352941177 0.2957042957042957 0.15165441176470587
0 0.6793206793206793 0.5528492647058824 0.2057942057942058 0.18290441176470587
0 0.8891108891108891 0.5399816176470589 0.2017982017982018 0.15716911764705882
0 0.6213786213786214 0.4186580882352941 0.2217782217782218 0.12408088235294118
0 0.8331668331668332 0.4099264705882353 0.2137862137862138 0.13419117647058823
0 0.9245754245754245 0.27297794117647056 0.07892107892107893 0.13970588235294118
0 0.7412587412587412 0.8290441176470589 0.14985014985014986 0.16544117647058823
0 0.11338661338661339 0.43933823529411764 0.16883116883116883 0.15808823529411764
0 0.2802197802197802 0.4384191176470588 0.16083916083916083 0.15992647058823528
0 0.43956043956043955 0.4186580882352941 0.16783216783216784 0.1479779411764706
0 0.28321678321678323 0.2803308823529412 0.17482517482517482 0.14154411764705882
0 0.8846153846153846 0.7987132352941176 0.15084915084915085 0.17095588235294118
0 0.8111888111888111 0.6640625 0.14785214785214784 0.06709558823529412
0 0.8406593406593407 0.6760110294117647 0.25074925074925075 0.12591911764705882
