0 0.19441401971522454 0.11458333333333333 0.28148959474260676 0.1947463768115942
0 0.4244249726177437 0.10190217391304347 0.17853231106243153 0.20199275362318841
0 0.11171960569550932 0.39719202898550726 0.18838992332968238 0.1911231884057971
0 0.07940854326396495 0.7622282608695652 0.12814895947426067 0.15307971014492755
0 0.5016429353778752 0.7237318840579711 0.3088718510405257 0.19927536231884058
0 0.5941949616648412 0.9130434782608695 0.4063526834611172 0.14130434782608695
0 0.34501642935377874 0.384963768115942 0.2913472070098576 0.17028985507246377
0 0.7820372398685652 0.19927536231884058 0.40744797371303393 0.13768115942028986
0 0.6078860898138007 0.3736413043478261 0.2212486308871851 0.1621376811594203
0 0.640197152245345 0.06838768115942029 0.18072289156626506 0.12771739130434784
0 0.8302300109529025 0.7259963768115942 0.29791894852135814 0.1983695652173913
0 0.22727272727272727 0.761322463768116 0.18948521358159912 0.15489130434782608
0 0.23713033953997809 0.9252717391304348 0.3209200438116101 0.12047101449275362
0 0.8526834611171961 0.3763586956521739 0.2946330777656079 0.14583333333333334
0 0.664841182913472 0.5375905797101449 0.38116100766703176 0.16576086956521738
0 0.8466593647316539 0.07971014492753623 0.25191675794085433 0.1322463768115942
0 0.8849945235487404 0.8641304347826086 0.1664841182913472 0.14673913043478262
