0 0.11924939467312348 0.13704396632366697 0.19249394673123488 0.1431244153414406
0 0.30871670702179177 0.31805425631431244 0.14527845036319612 0.12909260991580918
0 0.0986682808716707 0.44340505144995324 0.1682808716707022 0.1627689429373246
0 0.1834140435835351 0.8666978484565014 0.19975786924939468 0.16557530402245088
0 0.3904358353510896 0.8615528531337698 0.211864406779661 0.1646398503274088
0 0.2584745762711864 0.6669784845650141 0.3983050847457627 0.12909260991580918
0 0.7027845036319612 0.8358278765201123 0.3789346246973366 0.17492984097287184
0 0.12651331719128328 0.2890551917680075 0.2360774818401937 0.15154349859681945
0 0.34443099273607747 0.11318989710009354 0.2651331719128329 0.1384471468662301
0 0.3940677966101695 0.4391955098222638 0.437046004842615 0.1412535079513564
0 0.6016949152542372 0.6917680074836295 0.2324455205811138 0.146866230121609
0 0.549636803874092 0.10991580916744621 0.1549636803874092 0.09635173058933583
0 0.4872881355932203 0.32039289055191766 0.24334140435835352 0.11693171188026193
0 0.8595641646489104 0.6711880261927035 0.1937046004842615 0.146866230121609
0 0.49031476997578693 0.20626753975678203 0.1694915254237288 0.11693171188026193
0 0.6289346246973365 0.20907390084190833 0.16101694915254236 0.11880261927034612
