0 0.14501679731243 0.10546875 0.1511758118701008 0.09765625
0 0.2889137737961926 0.8212890625 0.1276595744680851 0.123046875
0 0.7066069428891377 0.814453125 0.13885778275475924 0.140625
0 0.8924972004479284 0.65576171875 0.1187010078387458 0.1123046875
0 0.0856662933930571 0.404296875 0.08846584546472565 0.109375
0 0.5907054871220605 0.255859375 0.14669652855543114 0.119140625
0 0.11310190369540873 0.837890625 0.167973124300112 0.142578125
0 0.4507278835386338 0.82373046875 0.1534154535274356 0.1396484375
0 0.5828667413213886 0.81591796875 0.09518477043673013 0.1279296875
0 0.251959686450168 0.4091796875 0.20604703247480402 0.142578125
0 0.32866741321388576 0.1240234375 0.20492721164613661 0.1640625
0 0.48712206047032475 0.40380859375 0.23292273236282196 0.1298828125
0 0.4876819708846585 0.68798828125 0.2026875699888018 0.1044921875
0 0.4854423292273236 0.5517578125 0.16685330347144456 0.142578125
0 0.8353863381858903 0.53759765625 0.24412094064949608 0.1455078125
0 0.7816349384098544 0.25146484375 0.22396416573348266 0.1181640625
0 0.9283314669652856 0.25 0.08286674132138858 0.119140625
0 0.44680851063829785 0.26513671875 0.16349384098544234 0.1201171875
0 0.20884658454647256 0.2685546875 0.303471444568869 0.126953125
0 0.32418812989921614 0.5537109375 0.16461366181410975 0.142578125
0 0.1444568868980963 0.55419921875 0.19932810750279956 0.1396484375
0 0.5302351623740201 0.12353515625 0.1959686450167973 0.1552734375
0 0.7239641657334827 0.1201171875 0.20716685330347145 0.1484375
0 0.6786114221724524 0.6796875 0.18365061590145576 0.1328125
0 0.30011198208286677 0.69873046875 0.1702127659574468 0.1181640625
0 0.12038073908174692 0.70166015625 0.1937290033594625 0.1396484375
0 0.9036954087346024 0.7900390625 0.13213885778275475 0.1328125
