0 0.21621621621621623 0.22003577817531306 0.09241499564080209 0.06082289803220036
0 0.0963382737576286 0.40406976744186046 0.13513513513513514 0.06305903398926654
0 0.6560592850915432 0.3998211091234347 0.10897994768962511 0.06440071556350627
0 0.25675675675675674 0.5237030411449016 0.14559721011333915 0.06082289803220036
0 0.2262423714036617 0.822227191413238 0.15780296425457715 0.07379248658318426
0 0.11115954664341761 0.6440071556350626 0.14385353095030515 0.06887298747763863
0 0.10985178727114212 0.523479427549195 0.12031386224934612 0.06395348837209303
0 0.2737576285963383 0.46399821109123435 0.1046207497820401 0.05590339892665474
0 0.0998256320836966 0.21847048300536673 0.11944202266782912 0.0684257602862254
0 0.14385353095030515 0.042486583184257604 0.1028770706190061 0.055456171735241505
0 0.6839581517000872 0.02392665474060823 0.11246730601569312 0.040697674418604654
0 0.08151700087183958 0.8217799642218246 0.11595466434176112 0.06932021466905187
0 0.0911072362685266 0.2824239713774597 0.08979947689625109 0.059481216457960645
0 0.1878814298169137 0.2839892665474061 0.08805579773321709 0.06082289803220036
0 0.1059285091543156 0.7497763864042933 0.12816041848299914 0.0755813953488372
0 0.4398430688753269 0.8199910554561717 0.16826503923278116 0.06663685152057246
0 0.44594594594594594 0.7560375670840788 0.15954664341761116 0.06037567084078712
0 0.2040104620749782 0.15541144901610018 0.12554489973844812 0.05143112701252236
0 0.6678291194420227 0.15585867620751342 0.22667829119442023 0.050536672629695883
0 0.47166521360069746 0.45773703041144903 0.25108979947689625 0.050536672629695883
0 0.44856146469049696 0.518783542039356 0.15605928509154315 0.05635062611806798
0 0.24324324324324326 0.6346153846153846 0.12728857890148212 0.0706618962432916
0 0.5863121185701831 0.6902951699463328 0.3077593722755013 0.06395348837209303
0 0.6159546643417612 0.8148479427549195 0.18047079337401917 0.06887298747763863
0 0.7933740191804708 0.8090339892665475 0.18482999128160418 0.07245080500894455
0 0.6277244986922407 0.8714221824686941 0.2092414995640802 0.048747763864042934
0 0.5941586748038361 0.7522361359570662 0.13687881429816914 0.061717352415026835
0 0.4141238012205754 0.2757155635062612 0.13077593722755013 0.06305903398926654
0 0.42284219703574544 0.21153846153846154 0.09067131647776809 0.05992844364937388
0 0.2977332170880558 0.39825581395348836 0.12816041848299914 0.0755813953488372
0 0.5483870967741935 0.21422182468694095 0.11508282476024412 0.05992844364937388
0 0.46469049694856146 0.15362254025044722 0.18134263295553618 0.06037567084078712
0 0.520924149956408 0.5753577817531306 0.3217088055797733 0.06305903398926654
0 0.7637314734088928 0.5664132379248659 0.15693112467306017 0.061270125223613595
0 0.08805579773321709 0.15049194991055456 0.09415867480383609 0.05143112701252236
0 0.1900610287707062 0.46332737030411447 0.07323452484742807 0.055456171735241505
0 0.1015693112467306 0.46310375670840787 0.1054925893635571 0.05590339892665474
0 0.7079337401918047 0.2133273703041145 0.16216216216216217 0.05992844364937388
0 0.4232781168265039 0.6352862254025045 0.07759372275501308 0.053220035778175315
0 0.511333914559721 0.6332737030411449 0.07410636442894507 0.05635062611806798
0 0.08979947689625109 0.3407871198568873 0.1028770706190061 0.0626118067978533
0 0.22231909328683522 0.33430232558139533 0.17785527462946818 0.057692307692307696
0 0.0989537925021796 0.5796064400715564 0.11769834350479512 0.052772808586762074
0 0.25850043591979077 0.5742397137745975 0.2083696599825632 0.0518783542039356
0 0.6072362685265911 0.09794275491949911 0.14734088927637315 0.06976744186046512
0 0.6041848299912816 0.5131932021466905 0.15344376634699217 0.05590339892665474
0 0.7606800348735833 0.511180679785331 0.16477768090671316 0.05635062611806798
0 0.7693984306887532 0.3935599284436494 0.11769834350479512 0.0742397137745975
0 0.4097646033129904 0.3360912343470483 0.2057541412380122 0.061270125223613595
0 0.6373147340889277 0.3354203935599284 0.22667829119442023 0.05635062611806798
0 0.5706190061028771 0.27213774597495527 0.14908456843940715 0.059481216457960645
0 0.7205754141238012 0.27280858676207514 0.14036617262423715 0.05813953488372093
0 0.6569311246730601 0.45728980322003576 0.12467306015693112 0.05232558139534884
0 0.8212728857890148 0.4478980322003578 0.2057541412380122 0.06395348837209303
0 0.9141238012205755 0.5038014311270125 0.13687881429816914 0.050536672629695883
0 0.7066259808195292 0.631484794275492 0.15257192676547515 0.061717352415026835
0 0.8714036617262424 0.6236583184257602 0.15431560592850915 0.07737030411449015
0 0.9298169136878814 0.8094812164579607 0.0967741935483871 0.0706618962432916
0 0.7715780296425457 0.7477638640429338 0.22493461203138623 0.06082289803220036
0 0.43679163034001744 0.8808139534883721 0.18134263295553618 0.06395348837209303
0 0.24019180470793375 0.8828264758497316 0.21883173496076722 0.05813953488372093
0 0.3112467306015693 0.6996869409660107 0.06277244986922406 0.05590339892665474
0 0.2092414995640802 0.6996869409660107 0.07672188317349608 0.05411449016100179
0 0.7955536181342633 0.09324686940966011 0.12990409764603314 0.06305903398926654
0 0.7445510026155188 0.9217352415026834 0.28945074106364427 0.0706618962432916
0 0.27070619006102875 0.027728085867620753 0.11246730601569312 0.057245080500894455
0 0.3988666085440279 0.02169051878354204 0.12118570183086312 0.03801431127012522
0 0.5440278988666085 0.018559928443649374 0.14995640802092414 0.03443649373881932
0 0.8112467306015693 0.028846153846153848 0.11421098517872712 0.050536672629695883
0 0.9010462074978204 0.3893112701252236 0.14908456843940715 0.0648479427549195
0 0.8635571054925893 0.3289355992844365 0.22231909328683522 0.061270125223613595
0 0.12467306015693112 0.09235241502683363 0.11508282476024412 0.042486583184257604
0 0.2506538796861377 0.08877459749552773 0.17175239755884916 0.06574239713774598
0 0.24978204010462074 0.09883720930232558 0.06015693112467306 0.04203935599284436
0 0.8269398430688754 0.15317531305903398 0.1020052310374891 0.053220035778175315
0 0.9254577157802965 0.1545169946332737 0.10897994768962511 0.050536672629695883
0 0.9193548387096774 0.04181574239713775 0.10897994768962511 0.04964221824686941
0 0.07715780296425458 0.8837209302325582 0.12292938099389712 0.052772808586762074
0 0.8404533565823888 0.8696332737030411 0.22667829119442023 0.05590339892665474
0 0.9319965126416739 0.748211091234347 0.0976460331299041 0.05635062611806798
0 0.7986050566695728 0.6894007155635062 0.11159546643417612 0.05411449016100179
0 0.9145597210113339 0.6762075134168157 0.12031386224934612 0.06082289803220036
0 0.4163034001743679 0.39803220035778175 0.12641673931996514 0.057245080500894455
0 0.53487358326068 0.39557245080500897 0.13164777680906714 0.06037567084078712
0 0.0980819529206626 0.6943202146690519 0.14385353095030515 0.05143112701252236
