0 0.08883455582722087 0.04882898806893504 0.10594947025264874 0.06142288996906761
0 0.08272208638956806 0.10914714980114892 0.09698451507742462 0.05567830313742819
0 0.2616136919315403 0.04639858594785683 0.20863895680521596 0.059213433495360145
0 0.12306438467807661 0.1926646045072912 0.15484922575387122 0.05567830313742819
0 0.11083944580277098 0.3026955368979231 0.12061939690301549 0.059213433495360145
0 0.24123879380603097 0.2976137870083959 0.1336593317033415 0.062306672558550595
0 0.44335778321108393 0.2956252761820592 0.25590872045639773 0.05656208572691118
0 0.2371638141809291 0.3574900574458683 0.13854930725346373 0.05567830313742819
0 0.2404237978810106 0.46796288113124174 0.13528932355338225 0.057445868316394165
0 0.10554197229013855 0.5201060539107379 0.1100244498777506 0.05302695536897923
0 0.09168704156479218 0.6259390190013256 0.08557457212713937 0.04904993371630579
0 0.09698451507742462 0.5735749005744587 0.10594947025264874 0.059213433495360145
0 0.20334148329258353 0.62129916040654 0.12306438467807661 0.05656208572691118
0 0.21964140179299105 0.567167476800707 0.1361043194784026 0.05081749889527176
0 0.19641401792991034 0.773972602739726 0.1336593317033415 0.04904993371630579
0 0.30317848410757947 0.7812638091029607 0.08312958435207823 0.06805125939019001
0 0.21678891605541972 0.24480777728678746 0.08149959250203749 0.05125939019001326
0 0.32966585167074164 0.18780380026513477 0.24531377343113284 0.05567830313742819
0 0.5660146699266504 0.18448961555457358 0.22249388753056235 0.062306672558550595
0 0.8622656886715566 0.18537339814405657 0.18255908720456399 0.052585064074237735
0 0.45843520782396086 0.5132567388422448 0.2844335778321108 0.052585064074237735
0 0.4111654441727791 0.5640742377375165 0.2436837815810921 0.04728236853733982
0 0.3797881010594947 0.6166593018117543 0.22493887530562348 0.0481661511268228
0 0.08679706601466992 0.668360583296509 0.09698451507742462 0.04197967300044189
0 0.07986960065199673 0.8387096774193549 0.09942950285248574 0.06009721608484313
0 0.17318663406682966 0.8424657534246576 0.09535452322738386 0.06584180291648255
0 0.2791361043194784 0.8404772425983208 0.1165444172779136 0.06628369421122404
0 0.44295028524857377 0.8395934600088378 0.2208638956805216 0.06981882456915599
0 0.6344743276283619 0.8345117101193107 0.15403422982885084 0.06142288996906761
0 0.09942950285248574 0.9500662836942112 0.14995925020374898 0.058329650905877155
0 0.24898125509372454 0.949403446752099 0.1426242868785656 0.053468846663720725
0 0.20293398533007334 0.6705700397702166 0.13528932355338225 0.04993371630578878
0 0.3406682966585167 0.6654882898806893 0.1466992665036675 0.04684047724259832
0 0.08394458027709861 0.7167476800707026 0.11246943765281174 0.05567830313742819
0 0.4119804400977995 0.46354396818382676 0.1980440097799511 0.059213433495360145
0 0.6242868785656072 0.45603181617322136 0.17440912795436023 0.059213433495360145
0 0.8581907090464548 0.44984533804684046 0.15810920945395274 0.058329650905877155
0 0.37897310513447435 0.40676093680954484 0.16136919315403422 0.05965532479010163
0 0.5122249388753056 0.4032258064516129 0.10839445802770986 0.06053910737958462
0 0.23268133659331702 0.4091913389306231 0.13773431132844335 0.06098099867432612
0 0.4331703341483293 0.7779496243923995 0.19641401792991034 0.06407423773751657
0 0.6226568867155664 0.7752982766239505 0.1532192339038305 0.06495802032699956
0 0.7559087204563977 0.7744144940344675 0.10676446617766912 0.07909854175872735
0 0.8785656071719642 0.7708793636765355 0.14832925835370822 0.07379584622182943
0 0.08068459657701711 0.8948298718515245 0.12876935615321924 0.06981882456915599
0 0.2269763651181744 0.8996906760936809 0.18989405052974734 0.05391073795846222
0 0.473920130399348 0.9489615554573575 0.1198044009779951 0.052585064074237735
0 0.5590872045639772 0.6144498453380468 0.13691931540342298 0.05170128148475475
0 0.5965770171149144 0.5638532920901458 0.13854930725346373 0.0547945205479452
0 0.21026894865525672 0.7154220061864781 0.13202933985330073 0.06098099867432612
0 0.21271393643031786 0.1042863455589925 0.16788916055419723 0.0547945205479452
0 0.34881825590872045 0.1042863455589925 0.11246943765281174 0.0547945205479452
0 0.4290953545232274 0.04639858594785683 0.12143439282803586 0.0627485638532921
0 0.47881010594947027 0.09920459566946531 0.14751426242868787 0.06495802032699956
0 0.6654441727791361 0.09832081307998232 0.2371638141809291 0.06053910737958462
0 0.8219233903830481 0.09787892178524082 0.07579462102689487 0.06407423773751657
0 0.9095354523227384 0.0967741935483871 0.08801955990220049 0.06805125939019001
0 0.10961695191524043 0.2479010163499779 0.13447432762836187 0.05302695536897923
0 0.3211083944580277 0.24281926646045074 0.11246943765281174 0.05081749889527176
0 0.46943765281173594 0.24105170128148476 0.18418907905460472 0.05081749889527176
0 0.6055419722901385 0.2403888643393725 0.08801955990220049 0.05567830313742819
0 0.7098614506927465 0.23906319045514804 0.13039934800325997 0.05656208572691118
0 0.8227383863080685 0.2375165709235528 0.09535452322738386 0.053468846663720725
0 0.9046454767726161 0.2379584622182943 0.07497962510187449 0.05700397702165267
0 0.6458842705786471 0.29341581970835173 0.14751426242868787 0.05214317277949625
0 0.8928280358598207 0.28590366769774633 0.1361043194784026 0.05302695536897923
0 0.3859005704971475 0.3517454706142289 0.16381418092909536 0.048608042421564294
0 0.5248573757131214 0.347326557666814 0.12550937245313773 0.047724259832081305
0 0.6731866340668297 0.344675209898365 0.17114914425427874 0.0547945205479452
0 0.823960880195599 0.34290764471939905 0.14506927465362673 0.0547945205479452
0 0.9470252648736757 0.34114007954043307 0.10920945395273024 0.0618647812638091
0 0.6214343928280358 0.40013256738842246 0.10513447432762836 0.05170128148475475
0 0.8594132029339854 0.39770216526734425 0.1621841890790546 0.0547945205479452
0 0.6601466992665037 0.5083959346000884 0.1271393643031785 0.05877154220061865
0 0.8687856560717196 0.5064074237737517 0.16136919315403422 0.06098099867432612
0 0.7318663406682967 0.5563411400795404 0.14180929095354522 0.05656208572691118
0 0.6923390383048085 0.6120194432169687 0.1328443357783211 0.0547945205479452
0 0.4841075794621027 0.6646045072912063 0.1401792991035045 0.04595669465311533
0 0.3940505297473513 0.9001325673884224 0.14425427872860636 0.05567830313742819
0 0.5293398533007335 0.8974812196199735 0.12306438467807661 0.05302695536897923
0 0.6821515892420538 0.8908528501988511 0.18255908720456399 0.06981882456915599
0 0.8349633251833741 0.6067167476800707 0.1491442542787286 0.05391073795846222
0 0.6670741646291769 0.7149801148917366 0.10513447432762836 0.059213433495360145
0 0.36837815810920943 0.9507291206363234 0.10268948655256724 0.04728236853733982
0 0.5814995925020375 0.0415377817057004 0.18989405052974734 0.057445868316394165
0 0.8561532192339039 0.037781705700397704 0.1752241238793806 0.05965532479010163
0 0.4392828035859821 0.7160848431285903 0.3422982885085575 0.06053910737958462
0 0.6519967400162999 0.6626159964648697 0.15810920945395274 0.0481661511268228
0 0.8459657701711492 0.6551038444542643 0.21189894050529748 0.0552364118426867
0 0.7591687041564792 0.709456473707468 0.08068459657701711 0.04728236853733982
0 0.8728606356968215 0.7079098541758727 0.15484922575387122 0.05567830313742819
0 0.9637326813365933 0.7054794520547946 0.04319478402607987 0.062306672558550595
0 0.9400977995110025 0.551480335837384 0.08883455582722087 0.058329650905877155
0 0.2404237978810106 0.5114891736632788 0.14506927465362673 0.0552364118426867
0 0.07905460472697637 0.7733097657976138 0.11246943765281174 0.0627485638532921
