0 0.1069221260815822 0.9215304798962386 0.13473423980222496 0.10765239948119326
0 0.11866501854140915 0.07068741893644617 0.16563658838071693 0.125810635538262
0 0.1260815822002472 0.24189364461738003 0.18788627935723115 0.20881971465629054
0 0.26761433868974044 0.7645914396887159 0.16440049443757726 0.16731517509727625
0 0.3726823238566131 0.4150453955901427 0.15203955500618047 0.16861219195849547
0 0.5562422744128553 0.40012970168612194 0.2027194066749073 0.1569390402075227
0 0.44499381953028433 0.7626459143968871 0.17058096415327564 0.19455252918287938
0 0.226823238566131 0.9202334630350194 0.08529048207663782 0.12062256809338522
0 0.3726823238566131 0.9228274967574579 0.17676143386897405 0.13359273670557717
0 0.32509270704573545 0.23411154345006485 0.19777503090234858 0.19584954604409857
0 0.06860321384425216 0.4066147859922179 0.10506798516687268 0.1517509727626459
0 0.20642768850432633 0.42088197146562906 0.18046971569839307 0.13618677042801555
0 0.5828182941903585 0.21530479896238652 0.3399258343634116 0.19974059662775617
0 0.7367119901112484 0.38715953307393 0.16563658838071693 0.14137483787289234
0 0.4758961681087763 0.5603112840466926 0.1557478368355995 0.20233463035019456
0 0.6953028430160693 0.5518806744487679 0.2484548825710754 0.16472114137483787
0 0.8992583436341162 0.5155642023346303 0.20148331273176762 0.17769130998702984
0 0.6928306551297899 0.7373540856031129 0.33498145859085293 0.185473411154345
0 0.911619283065513 0.7068741893644618 0.13226205191594562 0.16342412451361868
0 0.20457354758961682 0.5667963683527886 0.3992583436341162 0.19974059662775617
0 0.57663782447466 0.9059662775616083 0.15698393077873918 0.1621271076523995
0 0.35970333745364647 0.06939040207522698 0.3189122373300371 0.13618677042801555
