0 0.12985685071574643 0.06113256113256113 0.09815950920245399 0.0489060489060489
0 0.2448875255623722 0.05888030888030888 0.12167689161554192 0.06241956241956242
0 0.6048057259713702 0.11743886743886744 0.0869120654396728 0.059845559845559844
0 0.16206543967280163 0.1241956241956242 0.12372188139059305 0.055341055341055344
0 0.06697341513292433 0.19401544401544402 0.06646216768916155 0.06628056628056628
0 0.17075664621676892 0.1891891891891892 0.12883435582822086 0.06306306306306306
0 0.057770961145194276 0.3960746460746461 0.08077709611451943 0.059845559845559844
0 0.1687116564417178 0.38996138996138996 0.12269938650306748 0.06563706563706563
0 0.06339468302658487 0.5395752895752896 0.08588957055214724 0.06885456885456885
0 0.1661554192229039 0.5402187902187903 0.10940695296523517 0.064993564993565
0 0.19887525562372188 0.7619047619047619 0.11554192229038855 0.059202059202059204
0 0.08077709611451943 0.7583655083655083 0.09815950920245399 0.07786357786357787
0 0.0679959100204499 0.46332046332046334 0.0950920245398773 0.07078507078507079
0 0.628323108384458 0.3857786357786358 0.12372188139059305 0.06885456885456885
0 0.08282208588957055 0.657979407979408 0.09202453987730061 0.07915057915057915
0 0.22341513292433537 0.6560489060489061 0.20552147239263804 0.09073359073359073
0 0.4130879345603272 0.6521879021879022 0.19427402862985685 0.08815958815958816
0 0.556237218813906 0.6486486486486487 0.10020449897750511 0.0888030888030888
0 0.10020449897750511 0.8384813384813384 0.1083844580777096 0.059202059202059204
0 0.22699386503067484 0.8452380952380952 0.14519427402862986 0.07271557271557272
0 0.22750511247443764 0.9105534105534105 0.18098159509202455 0.07207207207207207
0 0.4120654396728016 0.9128056628056628 0.20245398773006135 0.07528957528957529
0 0.8798568507157464 0.6341698841698842 0.10736196319018405 0.07014157014157014
0 0.3450920245398773 0.05727155727155727 0.08895705521472393 0.05405405405405406
0 0.2658486707566462 0.11840411840411841 0.09815950920245399 0.0682110682110682
0 0.07822085889570553 0.12548262548262548 0.07464212678936605 0.05405405405405406
0 0.49897750511247446 0.12290862290862291 0.130879345603272 0.0682110682110682
0 0.3670756646216769 0.1212998712998713 0.12883435582822086 0.07142857142857142
0 0.46881390593047034 0.058236808236808234 0.16666666666666666 0.06628056628056628
0 0.5961145194274029 0.054375804375804374 0.07975460122699386 0.052123552123552123
0 0.29192229038854806 0.18404118404118405 0.09918200408997956 0.05791505791505792
0 0.42484662576687116 0.1907979407979408 0.09304703476482618 0.0637065637065637
0 0.058793456032719835 0.3342985842985843 0.08895705521472393 0.064993564993565
0 0.2116564417177914 0.3281853281853282 0.2229038854805726 0.07335907335907337
0 0.4330265848670757 0.31724581724581724 0.22188139059304704 0.07593307593307594
0 0.6554192229038854 0.31113256113256116 0.23721881390593047 0.074002574002574
0 0.8312883435582822 0.3079150579150579 0.10224948875255624 0.074002574002574
0 0.9330265848670757 0.30244530244530243 0.10122699386503067 0.07593307593307594
0 0.25971370143149286 0.5402187902187903 0.081799591002045 0.0637065637065637
0 0.35787321063394684 0.537001287001287 0.10224948875255624 0.07657657657657657
0 0.49284253578732107 0.5312097812097812 0.17586912065439672 0.06241956241956242
0 0.696319018404908 0.5225225225225225 0.18609406952965235 0.07078507078507079
0 0.8445807770961146 0.5215572715572716 0.11451942740286299 0.06241956241956242
0 0.9452965235173824 0.5212355212355212 0.09100204498977506 0.07335907335907337
0 0.3215746421267894 0.759009009009009 0.13394683026584867 0.07915057915057915
0 0.45194274028629855 0.7532175032175032 0.12678936605316973 0.07528957528957529
0 0.558282208588957 0.749034749034749 0.08588957055214724 0.06435006435006435
0 0.3778118609406953 0.8481338481338482 0.14621676891615543 0.05148005148005148
0 0.48057259713701433 0.8445945945945946 0.05930470347648262 0.05855855855855856
0 0.5828220858895705 0.8471685971685972 0.1390593047034765 0.06241956241956242
0 0.6538854805725971 0.7927927927927928 0.0705521472392638 0.04633204633204633
0 0.7479550102249489 0.7921492921492922 0.12167689161554192 0.047619047619047616
0 0.647239263803681 0.7445302445302445 0.053169734151329244 0.05019305019305019
0 0.7290388548057259 0.7406692406692407 0.11042944785276074 0.05276705276705277
0 0.820040899795501 0.7364864864864865 0.07975460122699386 0.055984555984555984
0 0.8588957055214724 0.4517374517374517 0.08588957055214724 0.07979407979407979
0 0.7816973415132924 0.4523809523809524 0.07259713701431493 0.07207207207207207
0 0.6876278118609407 0.453989703989704 0.09713701431492842 0.07786357786357787
0 0.5368098159509203 0.4597812097812098 0.16768916155419222 0.07786357786357787
0 0.34151329243353784 0.4601029601029601 0.1656441717791411 0.08751608751608751
0 0.18762781186094069 0.462998712998713 0.14621676891615543 0.07657657657657657
0 0.8057259713701431 0.37998712998712997 0.22699386503067484 0.07528957528957529
0 0.5255623721881391 0.38770913770913773 0.07975460122699386 0.064993564993565
0 0.40797546012269936 0.38835263835263834 0.1574642126789366 0.055984555984555984
0 0.26738241308793453 0.3912483912483912 0.08895705521472393 0.06177606177606178
0 0.10378323108384459 0.9054054054054054 0.06646216768916155 0.06306306306306306
0 0.5516359918200409 0.915057915057915 0.0869120654396728 0.07335907335907337
0 0.6339468302658486 0.9108751608751608 0.07975460122699386 0.07915057915057915
0 0.7152351738241309 0.8970398970398971 0.0950920245398773 0.05148005148005148
0 0.8057259713701431 0.8864221364221364 0.12065439672801637 0.055984555984555984
0 0.9033742331288344 0.8754826254826255 0.0950920245398773 0.06628056628056628
0 0.8323108384458078 0.9218146718146718 0.15337423312883436 0.05727155727155727
0 0.9238241308793456 0.7306949806949807 0.13190184049079753 0.05855855855855856
0 0.880879345603272 0.787001287001287 0.12167689161554192 0.05405405405405406
0 0.6559304703476483 0.6444658944658944 0.0950920245398773 0.07528957528957529
0 0.7459100204498977 0.6444658944658944 0.09918200408997956 0.08043758043758044
0 0.8123721881390593 0.6364221364221364 0.050102249488752554 0.05019305019305019
0 0.754601226993865 0.5678893178893178 0.08997955010224949 0.05341055341055341
0 0.8865030674846626 0.5678893178893178 0.1554192229038855 0.055984555984555984
0 0.09253578732106339 0.2619047619047619 0.15848670756646216 0.07464607464607464
0 0.21370143149284254 0.2548262548262548 0.1083844580777096 0.07207207207207207
0 0.3445807770961145 0.2528957528957529 0.14519427402862986 0.06563706563706563
0 0.4775051124744376 0.24903474903474904 0.12474437627811862 0.0682110682110682
0 0.6201431492842536 0.24678249678249678 0.17075664621676892 0.0637065637065637
0 0.7632924335378323 0.2438867438867439 0.07259713701431493 0.06692406692406692
0 0.5695296523517382 0.18758043758043758 0.19222903885480572 0.059845559845559844
0 0.8139059304703476 0.18758043758043758 0.1901840490797546 0.059845559845559844
0 0.7029652351738241 0.12902187902187903 0.11554192229038855 0.07142857142857142
0 0.3670756646216769 0.9726512226512226 0.147239263803681 0.046975546975546977
0 0.22699386503067484 0.963963963963964 0.13701431492842536 0.0489060489060489
0 0.5189161554192229 0.9774774774774775 0.1523517382413088 0.0489060489060489
0 0.6329243353783232 0.9752252252252253 0.07975460122699386 0.04182754182754183
0 0.7183026584867076 0.9713642213642214 0.06646216768916155 0.0341055341055341
0 0.18456032719836402 0.021879021879021878 0.1441717791411043 0.03346203346203346
0 0.331799591002045 0.014157014157014158 0.1687116564417178 0.02702702702702703
0 0.50920245398773 0.012226512226512226 0.13496932515337423 0.02574002574002574
0 0.11196319018404909 0.9494851994851995 0.0869120654396728 0.0444015444015444
0 0.7924335378323109 0.9665379665379665 0.07157464212678936 0.03088803088803089
0 0.871676891615542 0.9626769626769627 0.0950920245398773 0.036036036036036036
