0 0.1251788268955651 0.34582743988684583 0.17882689556509299 0.21357850070721357
0 0.28969957081545067 0.32673267326732675 0.13876967095851217 0.17256011315417255
0 0.5164520743919886 0.32390381895332393 0.1888412017167382 0.26874115983026875
0 0.13733905579399142 0.8804809052333805 0.25178826895565093 0.2079207920792079
0 0.3597997138769671 0.8981612446958982 0.19313304721030042 0.15275813295615276
0 0.542203147353362 0.8769448373408769 0.17167381974248927 0.1782178217821782
0 0.11945636623748211 0.17043847241867044 0.16738197424892703 0.15134370579915135
0 0.28969957081545067 0.1661951909476662 0.17024320457796852 0.16548797736916548
0 0.7689556509298998 0.3408769448373409 0.2989985693848355 0.18953323903818953
0 0.8297567954220315 0.18033946251768035 0.13161659513590845 0.16548797736916548
0 0.5658082975679543 0.16053748231966053 0.37339055793991416 0.173974540311174
0 0.728898426323319 0.7998585572842999 0.13590844062947066 0.12305516265912306
0 0.8118741058655222 0.8210749646393211 0.37339055793991416 0.22206506364922207
