0 0.3082400813835198 0.23490813648293962 0.2624618514750763 0.13560804899387577
0 0.15564598168870802 0.3674540682414698 0.15869786368260427 0.1084864391951006
0 0.5025432349949135 0.5643044619422573 0.2136317395727365 0.13298337707786526
0 0.7726347914547305 0.41907261592300965 0.20447609359104782 0.1189851268591426
0 0.5157680569684638 0.22484689413823272 0.15666327568667346 0.12248468941382328
0 0.7029501525940997 0.2222222222222222 0.20956256358087488 0.09973753280839895
0 0.560528992878942 0.4374453193350831 0.2299084435401831 0.11723534558180228
0 0.4684638860630722 0.6924759405074365 0.2105798575788403 0.16535433070866143
0 0.2278738555442523 0.7073490813648294 0.2787385554425229 0.13560804899387577
0 0.6607324516785351 0.6797900262467191 0.15768056968463887 0.13648293963254593
0 0.23906408952187183 0.5765529308836396 0.3051881993896236 0.12248468941382328
0 0.13275686673448628 0.8617672790901137 0.10071210579857579 0.1452318460192476
0 0.2950152594099695 0.8521434820647419 0.1607324516785351 0.15398075240594924
0 0.5040691759918616 0.8363954505686789 0.21464903357070192 0.14348206474190725
0 0.7502543234994914 0.8219597550306211 0.21668362156663276 0.11986001749781278
0 0.8301119023397762 0.6548556430446194 0.17293997965412003 0.1373578302712161
0 0.714649033570702 0.5380577427821522 0.1943031536113937 0.1189851268591426
0 0.9023397761953205 0.5271216097987752 0.18514750762970497 0.1111111111111111
0 0.9262461851475077 0.40638670166229224 0.0762970498474059 0.13385826771653545
0 0.31536113936927773 0.3560804899387577 0.1363173957273652 0.1242344706911636
0 0.47202441505595116 0.33770778652668415 0.13835198372329605 0.11023622047244094
0 0.6515768056968464 0.3193350831146107 0.18413021363173956 0.10148731408573929
0 0.24771108850457782 0.4584426946631671 0.3631739572736521 0.09973753280839895
0 0.7293997965412004 0.10498687664041995 0.14242115971515767 0.13123359580052493
0 0.5859613428280773 0.09798775153105861 0.15666327568667346 0.1452318460192476
0 0.11597151576805696 0.2615923009623797 0.13021363173957273 0.11723534558180228
