0 0.3503850385038504 0.7961053837342497 0.15291529152915292 0.16265750286368844
0 0.21232123212321233 0.7983963344788088 0.08800880088008801 0.15349369988545247
0 0.09020902090209021 0.7995418098510882 0.1254125412541254 0.16953035509736541
0 0.5407040704070407 0.7789232531500573 0.16611661166116612 0.15120274914089346
0 0.7667766776677668 0.7806414662084765 0.22442244224422442 0.13172966781214204
0 0.3355335533553355 0.053837342497136315 0.24202420242024203 0.10538373424971363
0 0.0814081408140814 0.20504009163802978 0.11661166116611661 0.17411225658648338
0 0.20077007700770078 0.18900343642611683 0.09790979097909791 0.15120274914089346
0 0.3844884488448845 0.17124856815578465 0.25412541254125415 0.143184421534937
0 0.11771177117711772 0.06815578465063 0.21122112211221122 0.12027491408934708
0 0.10066006600660066 0.934135166093929 0.1859185918591859 0.13172966781214204
0 0.28492849284928495 0.9415807560137457 0.15401540154015403 0.11912943871706758
0 0.42464246424642466 0.9261168384879725 0.1254125412541254 0.11798396334478808
0 0.5814081408140814 0.1609392898052692 0.13751375137513752 0.15693012600229095
0 0.6116611661166117 0.05154639175257732 0.2816281628162816 0.08934707903780069
0 0.8514851485148515 0.05670103092783505 0.2002200220022002 0.07903780068728522
0 0.8107810781078107 0.16781214203894615 0.32123212321232125 0.15005727376861397
0 0.3921892189218922 0.31214203894616266 0.26952695269526955 0.1958762886597938
0 0.7557755775577558 0.31099656357388317 0.46424642464246424 0.1660939289805269
0 0.55995599559956 0.8894616265750286 0.1078107810781078 0.07445589919816724
0 0.7024202420242024 0.9026345933562429 0.43234323432343236 0.17869415807560138
