0 0.12825278810408922 0.09237421383647798 0.17100371747211895 0.12028301886792453
0 0.30018587360594795 0.10259433962264151 0.14684014869888476 0.10455974842767296
0 0.43215613382899626 0.09630503144654089 0.11338289962825279 0.10927672955974843
0 0.10455390334572491 0.35102201257861637 0.08085501858736059 0.12185534591194969
0 0.2778810408921933 0.4827044025157233 0.08550185873605948 0.14779874213836477
0 0.4028810408921933 0.4591194968553459 0.09200743494423792 0.12578616352201258
0 0.24442379182156135 0.3419811320754717 0.15427509293680297 0.12264150943396226
0 0.46886617100371747 0.3313679245283019 0.2778810408921933 0.11871069182389937
0 0.5715613382899628 0.4516509433962264 0.19330855018587362 0.125
0 0.8536245353159851 0.4331761006289308 0.18680297397769516 0.12106918238993711
0 0.8898698884758365 0.5436320754716981 0.16263940520446096 0.125
0 0.6816914498141264 0.5664308176100629 0.23884758364312267 0.11242138364779874
0 0.11013011152416356 0.4791666666666667 0.06970260223048327 0.1029874213836478
0 0.11849442379182157 0.6002358490566038 0.06412639405204461 0.1029874213836478
0 0.3420074349442379 0.6863207547169812 0.2137546468401487 0.11477987421383648
0 0.5320631970260223 0.6823899371069182 0.15148698884758363 0.11477987421383648
0 0.8276022304832714 0.7786949685534591 0.18308550185873607 0.11871069182389937
0 0.6087360594795539 0.7857704402515723 0.2379182156133829 0.10770440251572327
0 0.14451672862453532 0.8026729559748428 0.1533457249070632 0.12578616352201258
0 0.27973977695167285 0.8089622641509434 0.12825278810408922 0.11635220125786164
0 0.508364312267658 0.9080188679245284 0.16728624535315986 0.12106918238993711
0 0.1570631970260223 0.9158805031446541 0.15427509293680297 0.10534591194968554
0 0.33178438661710036 0.9166666666666666 0.17843866171003717 0.10849056603773585
0 0.7221189591078067 0.9025157232704403 0.27695167286245354 0.1289308176100629
0 0.6923791821561338 0.10377358490566038 0.12453531598513011 0.11163522012578617
0 0.6849442379182156 0.21933962264150944 0.14684014869888476 0.11163522012578617
0 0.6984200743494424 0.3321540880503145 0.18494423791821563 0.13128930817610063
0 0.395910780669145 0.5695754716981132 0.3382899628252788 0.11242138364779874
0 0.4191449814126394 0.7987421383647799 0.14869888475836432 0.12264150943396226
0 0.8629182156133829 0.10731132075471699 0.22211895910780668 0.10141509433962265
0 0.45771375464684017 0.21737421383647798 0.3076208178438662 0.11556603773584906
0 0.9261152416356877 0.8683176100628931 0.1366171003717472 0.1139937106918239
0 0.7704460966542751 0.6694182389937107 0.2732342007434944 0.1360062893081761
0 0.949814126394052 0.6375786163522013 0.08921933085501858 0.12106918238993711
0 0.5566914498141264 0.09709119496855347 0.14312267657992564 0.11556603773584906
0 0.1737918215613383 0.2236635220125786 0.23234200743494424 0.1139937106918239
0 0.8684944237918215 0.2028301886792453 0.17936802973977695 0.10377358490566038
