0 0.1463531669865643 0.49015748031496065 0.14299424184261036 0.15354330708661418
0 0.15499040307101727 0.24881889763779527 0.16026871401151632 0.12283464566929134
0 0.8819577735124761 0.22440944881889763 0.1017274472168906 0.10551181102362205
0 0.31525911708253357 0.728740157480315 0.14491362763915547 0.15196850393700786
0 0.15786948176583493 0.12716535433070866 0.16218809980806143 0.1204724409448819
0 0.31429942418426104 0.12637795275590552 0.11420345489443379 0.1251968503937008
0 0.4995201535508637 0.11338582677165354 0.23512476007677544 0.12755905511811025
0 0.30998080614203455 0.47716535433070867 0.1746641074856046 0.11968503937007874
0 0.7197696737044146 0.1110236220472441 0.18234165067178504 0.11023622047244094
0 0.5753358925143954 0.23031496062992127 0.21593090211132437 0.1125984251968504
0 0.20441458733205375 0.36338582677165354 0.2763915547024952 0.1031496062992126
0 0.1809021113243762 0.8610236220472441 0.21785028790786948 0.1204724409448819
0 0.42946257197696736 0.6078740157480315 0.22744721689059502 0.10551181102362205
0 0.6641074856046065 0.59251968503937 0.2092130518234165 0.1015748031496063
0 0.8550863723608445 0.8307086614173228 0.1746641074856046 0.11496062992125984
0 0.41122840690978885 0.36850393700787404 0.14491362763915547 0.12283464566929134
0 0.5547024952015355 0.36023622047244097 0.15163147792706333 0.1251968503937008
0 0.6626679462571977 0.36220472440944884 0.07581573896353166 0.14488188976377953
0 0.3440499040307102 0.24606299212598426 0.24856046065259116 0.13937007874015747
0 0.755278310940499 0.2232283464566929 0.15547024952015356 0.14724409448818898
0 0.12907869481765835 0.752755905511811 0.10652591170825336 0.13858267716535433
0 0.7495201535508638 0.3488188976377953 0.12667946257197696 0.10551181102362205
0 0.18618042226487524 0.6125984251968504 0.2648752399232246 0.12598425196850394
0 0.4049904030710173 0.8503937007874016 0.22648752399232247 0.14015748031496064
0 0.6405950095969289 0.8358267716535434 0.2562380038387716 0.1204724409448819
0 0.5700575815738963 0.947244094488189 0.15355086372360843 0.09448818897637795
0 0.8661228406909789 0.10078740157480315 0.11612284069097889 0.10866141732283464
0 0.5153550863723608 0.7196850393700788 0.18234165067178504 0.12598425196850394
0 0.8637236084452975 0.581496062992126 0.1785028790786948 0.115748031496063
0 0.46257197696737046 0.484251968503937 0.12859884836852206 0.11023622047244094
0 0.6463531669865643 0.47716535433070867 0.23512476007677544 0.12755905511811025
0 0.8421305182341651 0.46614173228346456 0.14683301343570057 0.11181102362204724
0 0.8766794625719769 0.331496062992126 0.14875239923224567 0.11181102362204724
0 0.7792706333973128 0.6937007874015748 0.32821497120921306 0.12283464566929134
0 0.7514395393474088 0.9401574803149606 0.18042226487523993 0.09448818897637795
