0 0.37985611510791367 0.3477366255144033 0.1553956834532374 0.16872427983539096
0 0.09352517985611511 0.36488340192043894 0.16115107913669063 0.2030178326474623
0 0.12805755395683452 0.6172839506172839 0.23884892086330936 0.2085048010973937
0 0.4266187050359712 0.6262002743484225 0.34388489208633094 0.25651577503429357
0 0.2316546762589928 0.355281207133059 0.14388489208633093 0.15912208504801098
0 0.6244604316546762 0.8449931412894376 0.21294964028776978 0.2030178326474623
0 0.8043165467625899 0.8353909465020576 0.17841726618705037 0.2112482853223594
0 0.5935251798561151 0.3628257887517147 0.25755395683453236 0.16872427983539096
0 0.7733812949640287 0.6111111111111112 0.3381294964028777 0.22085048010973937
0 0.43237410071942445 0.8497942386831275 0.1884892086330935 0.1934156378600823
0 0.8323741007194244 0.3895747599451303 0.22014388489208633 0.205761316872428
0 0.6820143884892086 0.1831275720164609 0.46906474820143884 0.18518518518518517
0 0.12661870503597122 0.0747599451303155 0.20719424460431654 0.11934156378600823
0 0.38848920863309355 0.059670781893004114 0.376978417266187 0.1111111111111111
0 0.7467625899280576 0.061042524005486966 0.34820143884892085 0.11934156378600823
