0 0.3004172461752434 0.25653370013755156 0.12239221140472879 0.16368638239339753
0 0.4471488178025035 0.25378266850068776 0.12934631432545202 0.18844566712517194
0 0.1383866481223922 0.2544704264099037 0.1571627260083449 0.1623108665749656
0 0.6168289290681502 0.2544704264099037 0.1627260083449235 0.18707015130674004
0 0.8567454798331016 0.2558459422283356 0.2614742698191933 0.1623108665749656
0 0.15368567454798332 0.0969738651994498 0.17385257301808066 0.1499312242090784
0 0.7885952712100139 0.0921595598349381 0.12239221140472879 0.17056396148555708
0 0.3720445062586926 0.08046767537826685 0.17385257301808066 0.14718019257221457
0 0.11404728789986092 0.8294360385144429 0.20305980528511822 0.16781292984869325
0 0.3560500695410292 0.843878954607978 0.2865090403337969 0.2407152682255846
0 0.7573018080667594 0.7909215955983494 0.1404728789986092 0.15130674002751032
0 0.5924895688456189 0.8033012379642366 0.19471488178025034 0.20907840440165062
0 0.6759388038942976 0.9484181568088033 0.12795549374130738 0.0811554332874828
0 0.8052851182197497 0.9319119669876204 0.11961057023643949 0.06464924346629987
