0 0.3598654708520179 0.08883025505716799 0.1681614349775785 0.09498680738786279
0 0.3183856502242152 0.2990325417766051 0.15246636771300448 0.10729991204925242
0 0.1804932735426009 0.0919085312225154 0.1591928251121076 0.09762532981530343
0 0.1547085201793722 0.30782761653474056 0.1412556053811659 0.08795074758135445
0 0.48934977578475336 0.415127528583993 0.1491031390134529 0.08091468777484609
0 0.16031390134529147 0.8434476693051891 0.2085201793721973 0.10729991204925242
0 0.6821748878923767 0.08883025505716799 0.15358744394618834 0.08970976253298153
0 0.10594170403587444 0.5255057167985928 0.15358744394618834 0.11873350923482849
0 0.3654708520179372 0.5241864555848724 0.2982062780269058 0.1090589270008795
0 0.21356502242152467 0.41908531222515394 0.08856502242152467 0.10817941952506596
0 0.3301569506726457 0.41380826737027265 0.14013452914798205 0.1011433597185576
0 0.5269058295964125 0.08663148636763413 0.15246636771300448 0.09762532981530343
0 0.8598654708520179 0.08663148636763413 0.2062780269058296 0.10817941952506596
0 0.4826233183856502 0.19920844327176782 0.1827354260089686 0.12752858399296393
0 0.656390134529148 0.19525065963060687 0.16928251121076232 0.11609498680738786
0 0.8413677130044843 0.1961301671064204 0.18721973094170405 0.10729991204925242
0 0.09809417040358745 0.4133685136323659 0.13789237668161436 0.10378188214599825
0 0.13565022421524664 0.6358839050131926 0.21748878923766815 0.11433597185576078
0 0.3576233183856502 0.8504837291116975 0.1860986547085202 0.11257695690413369
0 0.5409192825112108 0.8487247141600703 0.18946188340807174 0.1090589270008795
0 0.6743273542600897 0.8469656992084432 0.08632286995515695 0.11257695690413369
0 0.8105381165919282 0.8390501319261213 0.21748878923766815 0.11433597185576078
0 0.7707399103139013 0.9357959542656112 0.3015695067264574 0.10729991204925242
0 0.1788116591928251 0.9322779243623571 0.2858744394618834 0.09674582233948989
0 0.6860986547085202 0.7339489885664028 0.11434977578475336 0.11345646437994723
0 0.8290358744394619 0.7321899736147758 0.19394618834080718 0.11345646437994723
0 0.3189461883408072 0.6270888302550571 0.16704035874439463 0.0932277924362357
0 0.47701793721973096 0.6297273526824978 0.16704035874439463 0.09850483729111698
0 0.6821748878923767 0.6204925241864556 0.25448430493273544 0.1169744942832014
0 0.9052690582959642 0.6064204045734388 0.17825112107623317 0.12049252418645559
0 0.5016816143497758 0.737467018469657 0.22757847533632286 0.10993843447669305
0 0.6676008968609866 0.40897097625329815 0.1961883408071749 0.09850483729111698
0 0.8139013452914798 0.40633245382585753 0.09641255605381166 0.10026385224274406
0 0.6496636771300448 0.30474934036939316 0.18721973094170405 0.09586631486367635
0 0.8486547085201793 0.30035180299032543 0.23318385650224216 0.11873350923482849
0 0.4758968609865471 0.3201407211961302 0.16928251121076232 0.11433597185576078
0 0.8368834080717489 0.5030782761653474 0.265695067264574 0.11433597185576078
0 0.9271300448430493 0.3944591029023747 0.13452914798206278 0.10642040457343888
0 0.9607623318385651 0.7216358839050132 0.08295964125560538 0.12049252418645559
