0 0.1027479091995221 0.10600490196078431 0.16248506571087215 0.1556372549019608
0 0.24611708482676226 0.11642156862745098 0.14575866188769415 0.18627450980392157
0 0.45161290322580644 0.10477941176470588 0.2867383512544803 0.1556372549019608
0 0.45221027479091996 0.2610294117647059 0.11827956989247312 0.13970588235294118
0 0.2945041816009558 0.2696078431372549 0.14456391875746716 0.1642156862745098
0 0.10513739545997611 0.25796568627450983 0.16248506571087215 0.15073529411764705
0 0.6356033452807647 0.27144607843137253 0.17921146953405018 0.18259803921568626
0 0.8608124253285544 0.2689950980392157 0.24492234169653523 0.16053921568627452
0 0.5633213859020311 0.8106617647058824 0.17801672640382318 0.16789215686274508
0 0.6642771804062126 0.1017156862745098 0.15531660692951016 0.18382352941176472
0 0.13799283154121864 0.8321078431372549 0.20908004778972522 0.21323529411764705
0 0.35603345280764637 0.8155637254901961 0.24372759856630824 0.24632352941176472
0 0.8207885304659498 0.7941176470588235 0.35603345280764637 0.19607843137254902
