0 0.13795180722891567 0.18402366863905326 0.10963855421686747 0.17633136094674556
0 0.31144578313253013 0.19349112426035503 0.172289156626506 0.1952662721893491
0 0.655421686746988 0.5893491124260355 0.13734939759036144 0.17988165680473372
0 0.11325301204819277 0.7775147928994083 0.2 0.17751479289940827
0 0.14036144578313253 0.4136094674556213 0.17710843373493976 0.19289940828402366
0 0.32710843373493975 0.4017751479289941 0.17951807228915662 0.20473372781065088
0 0.594578313253012 0.7710059171597633 0.3457831325301205 0.15266272189349112
0 0.46204819277108433 0.5899408284023668 0.2493975903614458 0.19053254437869824
0 0.3216867469879518 0.7727810650887574 0.22650602409638554 0.20591715976331362
0 0.4608433734939759 0.9372781065088758 0.2397590361445783 0.1136094674556213
0 0.7216867469879518 0.9242603550295858 0.2891566265060241 0.1467455621301775
0 0.5144578313253012 0.39289940828402364 0.21204819277108433 0.2153846153846154
0 0.6662650602409639 0.4035502958579882 0.09156626506024096 0.18461538461538463
0 0.8566265060240964 0.5899408284023668 0.27228915662650605 0.1881656804733728
0 0.5072289156626506 0.18994082840236687 0.20240963855421687 0.20236686390532543
0 0.8036144578313253 0.38284023668639056 0.17349397590361446 0.15739644970414202
0 0.7632530120481927 0.19349112426035503 0.3072289156626506 0.20236686390532543
0 0.939156626506024 0.37100591715976333 0.12891566265060242 0.1739644970414201
0 0.8572289156626506 0.7644970414201183 0.1891566265060241 0.17041420118343195
