0 0.7004581901489118 0.9139110604332953 0.35624284077892326 0.12884834663625996
0 0.3963344788087056 0.9213226909920182 0.15807560137457044 0.12542759407069556
0 0.1815578465063001 0.9133409350057012 0.16838487972508592 0.14823261117445838
0 0.3190148911798396 0.7508551881413911 0.42955326460481097 0.15849486887115166
0 0.6987399770904925 0.7383124287343216 0.31844215349369986 0.14937286202964653
0 0.18327605956471935 0.5684150513112884 0.23367697594501718 0.2063854047890536
0 0.46563573883161513 0.5655644241733181 0.3333333333333333 0.19840364880273662
0 0.6437571592210768 0.3124287343215507 0.19931271477663232 0.18015963511972635
0 0.8711340206185567 0.314709236031927 0.25773195876288657 0.16875712656784492
0 0.43470790378006874 0.3072976054732041 0.23711340206185566 0.18814139110604333
0 0.20217640320733105 0.31014823261117447 0.2027491408934708 0.19840364880273662
0 0.722794959908362 0.5672748004561003 0.1764032073310424 0.1949828962371722
0 0.8917525773195877 0.5558722919042189 0.15693012600229095 0.20866590649942987
