0 0.1141732283464567 0.3085808580858086 0.14960629921259844 0.1705170517051705
0 0.09617547806524185 0.4922992299229923 0.14285714285714285 0.1617161716171617
0 0.266029246344207 0.3063806380638064 0.10011248593925759 0.14411441144114412
0 0.3025871766029246 0.4757975797579758 0.10348706411698538 0.14631463146314633
0 0.296400449943757 0.6468646864686468 0.09561304836895389 0.15401540154015403
0 0.1046119235095613 0.6677667766776678 0.1372328458942632 0.15401540154015403
0 0.11473565804274466 0.8245324532453245 0.1372328458942632 0.1573157315731573
0 0.3008998875140607 0.801980198019802 0.11136107986501688 0.14301430143014301
0 0.16816647919010125 0.11001100110011001 0.19460067491563554 0.1694169416941694
0 0.41957255343082117 0.09130913091309131 0.2609673790776153 0.16061606160616063
0 0.6332958380202475 0.10176017601760176 0.15523059617547807 0.19471947194719472
0 0.8228346456692913 0.10726072607260725 0.2170978627671541 0.18151815181518152
0 0.7424071991001124 0.6111111111111112 0.22947131608548932 0.1397139713971397
0 0.40382452193475815 0.2893289328932893 0.13048368953880765 0.14521452145214522
0 0.8886389201349831 0.7623762376237624 0.09898762654668167 0.1628162816281628
0 0.5224971878515186 0.7959295929592959 0.23284589426321708 0.21672167216721672
0 0.7435320584926884 0.7656765676567657 0.19572553430821146 0.15401540154015403
0 0.5663667041619798 0.46314631463146316 0.2958380202474691 0.1716171617161716
0 0.5646794150731158 0.27282728272827284 0.18672665916760406 0.13641364136413642
0 0.7525309336332958 0.2733773377337734 0.17097862767154107 0.1485148514851485
0 0.9105736782902137 0.2717271727172717 0.15185601799775028 0.15181518151815182
0 0.8352080989876266 0.46424642464246424 0.2373453318335208 0.16721672167216722
