0 0.15529841656516444 0.1435137895812053 0.17417783191230207 0.11542390194075587
0 0.20584652862362973 0.533197139938713 0.38246041412911086 0.1470888661899898
0 0.5243605359317906 0.533197139938713 0.2545676004872107 0.15321756894790603
0 0.7302070645554202 0.5321756894790602 0.16443361753958588 0.15934627170582227
0 0.6711327649208283 0.3947906026557712 0.33617539585870887 0.13789581205311544
0 0.20401948842874543 0.39325842696629215 0.35931790499390986 0.13278855975485188
0 0.11266747868453106 0.8432073544433095 0.19366626065773446 0.17058222676200205
0 0.2174177831912302 0.278855975485189 0.31303288672350793 0.11440245148110317
0 0.3690621193666261 0.10316649642492338 0.2630937880633374 0.11235955056179775
0 0.5876979293544458 0.09908069458631256 0.17904993909866018 0.11440245148110317
0 0.7838002436053593 0.08784473953013279 0.22289890377588306 0.11235955056179775
0 0.4007308160779537 0.19867211440245147 0.14859926918392205 0.08478038815117467
0 0.5596833130328868 0.20020429009193055 0.13032886723507917 0.08375893769152196
0 0.876979293544458 0.5051072522982636 0.146163215590743 0.13585291113381
0 0.34348355663824603 0.8513789581205311 0.292326431181486 0.17262512768130744
0 0.5517661388550548 0.8314606741573034 0.17783191230207065 0.12870275791624106
0 0.694884287454324 0.8227783452502554 0.11084043848964677 0.13993871297242083
0 0.8099878197320342 0.8192032686414709 0.12667478684531058 0.13687436159346272
0 0.6869671132764921 0.2814096016343207 0.4482338611449452 0.09908069458631256
0 0.741169305724726 0.19254341164453523 0.2618757612667479 0.09703779366700716
