0 0.15905511811023623 0.10058309037900874 0.2141732283464567 0.18950437317784258
0 0.421259842519685 0.1129737609329446 0.25354330708661416 0.22011661807580174
0 0.6763779527559055 0.11370262390670553 0.2346456692913386 0.21574344023323616
0 0.8984251968503937 0.10204081632653061 0.15905511811023623 0.18075801749271136
0 0.12283464566929134 0.5400874635568513 0.1826771653543307 0.20845481049562684
0 0.3110236220472441 0.5094752186588921 0.2062992125984252 0.16472303206997085
0 0.805511811023622 0.3104956268221574 0.247244094488189 0.15743440233236153
0 0.4968503937007874 0.3294460641399417 0.35748031496062993 0.20408163265306123
0 0.17244094488188977 0.31486880466472306 0.27874015748031494 0.16909620991253643
0 0.5039370078740157 0.5123906705539358 0.1984251968503937 0.15597667638483964
0 0.7535433070866142 0.4897959183673469 0.26614173228346455 0.17784256559766765
0 0.15275590551181104 0.7529154518950437 0.2677165354330709 0.19970845481049562
0 0.4590551181102362 0.7332361516034985 0.3858267716535433 0.16909620991253643
0 0.7952755905511811 0.7397959183673469 0.2992125984251969 0.19970845481049562
