0 0.09859154929577464 0.08195926285160039 0.17768147345612134 0.14451988360814744
0 0.2676056338028169 0.08195926285160039 0.16034669555796316 0.13482056256062075
0 0.46316359696641385 0.06838021338506305 0.21560130010834236 0.1270611057225994
0 0.6695557963163596 0.07371483996120272 0.21018418201516792 0.1338506304558681
0 0.8537378114842904 0.07710960232783705 0.16251354279523295 0.13482056256062075
0 0.15547128927410617 0.6576139670223085 0.21776814734561215 0.1396702230843841
0 0.32231852654387866 0.21532492725509214 0.25460455037919827 0.13773035887487875
0 0.3678223185265439 0.6561590688651794 0.2134344528710726 0.14451988360814744
0 0.28927410617551463 0.8152279340446169 0.13434452871072589 0.1483996120271581
0 0.4696641386782232 0.8094083414161009 0.2134344528710726 0.14645974781765275
0 0.43174431202600216 0.938894277400582 0.14626218851570963 0.1066925315227934
0 0.5861321776814734 0.934529582929195 0.1581798483206934 0.11542192046556742
0 0.8071505958829902 0.9224054316197866 0.29469122426868904 0.1396702230843841
0 0.680931744312026 0.1915615906886518 0.38894907908992415 0.16391852570320078
0 0.10075839653304441 0.22938894277400582 0.18418201516793067 0.14645974781765275
0 0.5980498374864572 0.6522793404461688 0.26218851570964247 0.1600387972841901
0 0.6495124593716143 0.7958292919495635 0.1744312026002167 0.16197866149369544
0 0.8380281690140845 0.7730358874878759 0.2221018418201517 0.15518913676042678
0 0.2248104008667389 0.9340446168768186 0.27843986998916576 0.11833171677982542
