0 0.4524043179587831 0.8317336532693461 0.1256133464180569 0.0653869226154769
0 0.43032384690873404 0.5869826034793041 0.1521099116781158 0.07018596280743851
0 0.0858684985279686 0.5245950809838033 0.08930323846908735 0.0593881223755249
0 0.3645731108930324 0.7735452909418117 0.06182531894013739 0.05698860227954409
0 0.2139352306182532 0.7675464907018597 0.09224730127576054 0.05578884223155369
0 0.08439646712463199 0.7633473305338933 0.07850834151128558 0.05338932213557288
0 0.5578999018645731 0.16376724655068986 0.09911678115799803 0.059988002399520096
0 0.09273797841020609 0.23245350929814038 0.08930323846908735 0.05578884223155369
0 0.08930323846908735 0.1718656268746251 0.1099116781157998 0.06898620275944811
0 0.19087340529931304 0.16916616676664667 0.11874386653581943 0.07558488302339532
0 0.338567222767419 0.16676664667066587 0.17664376840039253 0.07078584283143372
0 0.4656526005888126 0.16646670665866828 0.08537782139352307 0.06898620275944811
0 0.2266928361138371 0.2336532693461308 0.1099116781157998 0.05458908218356329
0 0.37929342492639845 0.23005398920215958 0.0971540726202159 0.05578884223155369
0 0.7561334641805691 0.24205158968206358 0.22473012757605496 0.06778644271145771
0 0.4450441609421001 0.5272945410917816 0.2011776251226693 0.0647870425914817
0 0.592737978410206 0.5335932813437313 0.0745829244357213 0.04979004199160168
0 0.21736997055937193 0.5215956808638272 0.09911678115799803 0.0593881223755249
0 0.2198233562315996 0.46760647870425914 0.10009813542688911 0.05098980203959208
0 0.27674190382728164 0.584883023395321 0.15112855740922473 0.07438512297540492
0 0.1678115799803729 0.587882423515297 0.08047105004906771 0.07318536292741452
0 0.08488714425907752 0.5869826034793041 0.09911678115799803 0.07138572285542892
0 0.07114818449460256 0.7066586682663467 0.08341511285574092 0.0647870425914817
0 0.15996074582924436 0.7048590281943611 0.09421000981354269 0.0683863227354529
0 0.2826300294406281 0.7084583083383323 0.155053974484789 0.07078584283143372
0 0.40628066732090284 0.713257348530294 0.09224730127576054 0.06598680263947211
0 0.6133464180569186 0.7090581883623275 0.10794896957801767 0.07438512297540492
0 0.718351324828263 0.7108578284343131 0.1099116781157998 0.07078584283143372
0 0.8125613346418057 0.7114577084583084 0.07850834151128558 0.07438512297540492
0 0.9126594700686947 0.7000599880023995 0.1295387634936212 0.08038392321535692
0 0.7399411187438666 0.770245950809838 0.2041216879293425 0.057588482303539294
0 0.6751717369970559 0.831133773245351 0.11776251226692837 0.07138572285542892
0 0.8429833169774289 0.8245350929814037 0.1393523061825319 0.07738452309538092
0 0.2855740922473013 0.8329334133173365 0.13346418056918546 0.0653869226154769
0 0.16584887144259078 0.8287342531493701 0.09813542688910697 0.06898620275944811
0 0.07311089303238469 0.8224355128974206 0.0873405299313052 0.07078584283143372
0 0.08096172718351324 0.8809238152369526 0.1069676153091266 0.05578884223155369
0 0.29244357212953875 0.9424115176964607 0.14720314033366044 0.0647870425914817
0 0.16683022571148184 0.9442111577684463 0.11187438665358194 0.0635872825434913
0 0.5058881256133464 0.9496100779844031 0.09911678115799803 0.057588482303539294
0 0.6584887144259077 0.946010797840432 0.09224730127576054 0.057588482303539294
0 0.8272816486751717 0.943011397720456 0.0647693817468106 0.05158968206358728
0 0.11187438665358194 0.046790641871625675 0.1393523061825319 0.06598680263947211
0 0.22325809617271836 0.03539292141571686 0.0971540726202159 0.05158968206358728
0 0.3469087340529931 0.03149370125974805 0.17958783120706576 0.060587882423515295
0 0.48086359175662413 0.03389322135572886 0.1099116781157998 0.05458908218356329
0 0.6045142296368989 0.027594481103779243 0.14131501472031405 0.04919016196760648
0 0.7419038272816487 0.03749250149970006 0.13346418056918546 0.06898620275944811
0 0.8935230618253189 0.055188962207558485 0.1481844946025515 0.08158368326334733
0 0.10451422963689892 0.10797840431913618 0.09911678115799803 0.0623875224955009
0 0.23503434739941118 0.09508098380323936 0.12070657507360157 0.06898620275944811
0 0.6913640824337586 0.16736652669466107 0.15014720314033367 0.07318536292741452
0 0.8110893032384691 0.17846430713857228 0.10893032384690873 0.08098380323935213
0 0.07998037291462218 0.2975404919016197 0.08930323846908735 0.055188962207558485
0 0.17026496565260058 0.2918416316736653 0.0971540726202159 0.0629874025194961
0 0.06918547595682041 0.46610677864427114 0.06771344455348381 0.057588482303539294
0 0.07212953876349362 0.40941811637672465 0.06378802747791953 0.05458908218356329
0 0.1422963689892051 0.41151769646070785 0.09617271835132483 0.05638872225554889
0 0.07850834151128558 0.35392921415716855 0.09421000981354269 0.0623875224955009
0 0.18351324828263002 0.35452909418116374 0.1295387634936212 0.0623875224955009
0 0.34445534838076547 0.3515296940611878 0.20019627085377822 0.057588482303539294
0 0.5947006869479883 0.35902819436112776 0.19823356231599606 0.07018596280743851
0 0.7767419038272817 0.35962807438512295 0.16977428851815504 0.05458908218356329
0 0.2860647693817468 0.28854229154169164 0.14425907752698724 0.0683863227354529
0 0.5878312070657508 0.2969406118776245 0.11383709519136408 0.0623875224955009
0 0.7669283611383709 0.30143971205758846 0.13444553483807656 0.060587882423515295
0 0.914622178606477 0.3032393521295741 0.1197252208047105 0.0617876424715057
0 0.3675171736997056 0.46790641871625677 0.09911678115799803 0.05638872225554889
0 0.6491658488714426 0.47480503899220156 0.23454367026496564 0.0593881223755249
0 0.8817468105986261 0.47360527894421117 0.1324828263002944 0.0617876424715057
0 0.8670264965652601 0.5326934613077384 0.13444553483807656 0.0623875224955009
0 0.7168792934249264 0.5884823035392921 0.1324828263002944 0.0623875224955009
0 0.8778213935230619 0.5851829634073186 0.1481844946025515 0.06778644271145771
0 0.5883218842001963 0.5905818836232753 0.11481844946025516 0.05818836232753449
0 0.07801766437684005 0.6442711457708459 0.06378802747791953 0.05878824235152969
0 0.19479882237487733 0.6424715056988602 0.09519136408243375 0.059988002399520096
0 0.37438665358194306 0.6511697660467907 0.20902845927379785 0.0629874025194961
0 0.6643768400392541 0.6460707858428314 0.1844946025515211 0.055188962207558485
0 0.838567222767419 0.6409718056388722 0.1481844946025515 0.05698860227954409
0 0.5063788027477919 0.7108578284343131 0.10794896957801767 0.06718656268746251
0 0.24141315014720313 0.8899220155968807 0.13542688910696762 0.0617876424715057
0 0.3729146221786065 0.8947210557888422 0.16290480863591755 0.06898620275944811
0 0.5642787046123651 0.8920215956808638 0.13542688910696762 0.06598680263947211
0 0.8120706575073602 0.888122375524895 0.20902845927379785 0.06778644271145771
0 0.8851815505397449 0.18086382723455308 0.04906771344455348 0.0617876424715057
0 0.930323846908734 0.18626274745050989 0.04906771344455348 0.07018596280743851
0 0.07556427870461237 0.9340131973605279 0.09617271835132483 0.0635872825434913
0 0.06869479882237488 0.9757048590281944 0.09028459273797841 0.03539292141571686
0 0.155053974484789 0.980503899220156 0.09421000981354269 0.02579484103179364
0 0.2281648675171737 0.9856028794241152 0.05986261040235525 0.028794241151769647
0 0.7139352306182531 0.9829034193161368 0.09126594700686948 0.03659268146370726
0 0.9210009813542689 0.968506298740252 0.10107948969578018 0.04259148170365927
0 0.22767419038272815 0.41241751649670066 0.09617271835132483 0.05698860227954409
0 0.31305201177625125 0.4091181763647271 0.08832188420019627 0.06718656268746251
0 0.39057899901864573 0.41061787642471503 0.07654563297350343 0.060587882423515295
0 0.4896957801766438 0.41271745650869823 0.1393523061825319 0.0611877624475105
0 0.5937193326790972 0.41571685662867425 0.09421000981354269 0.057588482303539294
0 0.6820412168792934 0.41721655668866225 0.08243375858684986 0.05818836232753449
0 0.760549558390579 0.41871625674865026 0.10794896957801767 0.0611877624475105
0 0.8532875368007851 0.4190161967606479 0.08145240431795878 0.060587882423515295
0 0.9239450441609421 0.4154169166166767 0.06575073601570167 0.05458908218356329
0 0.43572129538763493 0.09868026394721056 0.2649656526005888 0.0653869226154769
0 0.7487733071638861 0.10827834433113377 0.2944062806673209 0.07618476304739052
