0 0.10857142857142857 0.21677471636953 0.1295238095238095 0.14505672609400325
0 0.07380952380952381 0.7451377633711507 0.08095238095238096 0.12236628849270664
0 0.11047619047619048 0.8987034035656402 0.14095238095238094 0.12641815235008103
0 0.319047619047619 0.8841166936790924 0.13333333333333333 0.08914100486223663
0 0.1219047619047619 0.5753646677471637 0.12761904761904763 0.06158833063209076
0 0.6157142857142858 0.5911669367909238 0.3019047619047619 0.1239870340356564
0 0.8457142857142858 0.6094003241491086 0.1580952380952381 0.13614262560777957
0 0.679047619047619 0.8926256077795786 0.12380952380952381 0.13047001620745544
0 0.540952380952381 0.8910048622366289 0.15619047619047619 0.13047001620745544
0 0.44857142857142857 0.7617504051863857 0.259047619047619 0.1280388978930308
0 0.7690476190476191 0.363452188006483 0.13428571428571429 0.11102106969205834
0 0.4876190476190476 0.21150729335494328 0.25142857142857145 0.14100486223662884
0 0.5728571428571428 0.3658833063209076 0.23904761904761904 0.12236628849270664
0 0.3504761904761905 0.3618314424635332 0.1961904761904762 0.1272285251215559
0 0.6471428571428571 0.4805510534846029 0.29619047619047617 0.11345218800648298
0 0.30095238095238097 0.5858995137763371 0.20761904761904762 0.1312803889789303
0 0.20095238095238097 0.060777957860615885 0.2895238095238095 0.08752025931928688
0 0.7304761904761905 0.7536466774716369 0.32761904761904764 0.13290113452188007
0 0.8338095238095238 0.8804700162074555 0.19904761904761906 0.14505672609400325
0 0.18666666666666668 0.3658833063209076 0.09142857142857143 0.146677471636953
0 0.10047619047619048 0.3521069692058347 0.08476190476190476 0.07698541329011345
0 0.4276190476190476 0.8885737439222042 0.08761904761904762 0.11588330632090761
0 0.9557142857142857 0.7512155591572123 0.11333333333333333 0.1280388978930308
