0 0.5532043530834341 0.38657648283038504 0.1487303506650544 0.16337148803329865
0 0.2980652962515115 0.38657648283038504 0.18984280532043532 0.13007284079084286
0 0.08706166868198308 0.3917793964620187 0.14026602176541716 0.1425598335067638
0 0.8730350665054414 0.8298647242455776 0.10157194679564692 0.1425598335067638
0 0.1414752116082225 0.5437044745057232 0.2418379685610641 0.14672216441207075
0 0.4534461910519952 0.5447450572320499 0.32889963724304716 0.1550468262226847
0 0.08524788391777509 0.2445369406867846 0.14631197097944376 0.15192507804370448
0 0.3349455864570738 0.6831425598335068 0.26844014510278114 0.13007284079084286
0 0.08887545344619105 0.6847034339229969 0.12454655380894801 0.12278876170655567
0 0.5665054413542926 0.6888657648283039 0.1656590084643289 0.13111342351716962
0 0.3391777509068924 0.22736732570239335 0.3615477629987908 0.1550468262226847
0 0.7037484885126964 0.23309053069719043 0.3675937122128174 0.18106139438085328
0 0.12877871825876663 0.11342351716961499 0.19951632406287786 0.1040582726326743
0 0.75453446191052 0.10301768990634755 0.38210399032648124 0.13735691987513007
0 0.7654171704957679 0.3803329864724246 0.21039903264812576 0.12382934443288242
0 0.7460701330108828 0.6815816857440167 0.14026602176541716 0.15400624349635797
0 0.7696493349455864 0.5296566077003122 0.21160822249093109 0.15400624349635797
0 0.9286577992744861 0.4037460978147763 0.11608222490931076 0.14568158168574402
0 0.9383313180169287 0.25494276795005205 0.11608222490931076 0.17898022892819979
