0 0.14261168384879724 0.38214599824098505 0.2027491408934708 0.1345646437994723
0 0.3865979381443299 0.38478452066842567 0.24570446735395188 0.12928759894459102
0 0.390893470790378 0.1011433597185576 0.281786941580756 0.11433597185576078
0 0.7646048109965635 0.11917326297273527 0.2646048109965636 0.13280562884784522
0 0.8582474226804123 0.3891820580474934 0.24570446735395188 0.14511873350923482
0 0.5223367697594502 0.534740545294635 0.2508591065292096 0.16710642040457344
0 0.729381443298969 0.5299032541776605 0.15979381443298968 0.14335971855760773
0 0.8934707903780069 0.5334212840809147 0.1718213058419244 0.14335971855760773
0 0.28393470790378006 0.5246262093227793 0.24312714776632302 0.1468777484608619
0 0.0820446735395189 0.5131926121372031 0.1211340206185567 0.14160070360598065
0 0.11211340206185567 0.11301671064204045 0.07474226804123711 0.12049252418645559
0 0.179553264604811 0.22823218997361477 0.27319587628865977 0.11521547933157432
0 0.42998281786941583 0.22515391380826738 0.12285223367697594 0.08619173262972735
0 0.593213058419244 0.2418645558487247 0.48711340206185566 0.1565523306948109
0 0.6073883161512027 0.6745822339489885 0.16151202749140894 0.14599824098504838
