0 0.1816588785046729 0.12281553398058252 0.10397196261682243 0.13883495145631067
0 0.07710280373831775 0.3796116504854369 0.09345794392523364 0.11844660194174757
0 0.12324766355140188 0.6927184466019417 0.16004672897196262 0.13495145631067962
0 0.17990654205607476 0.8368932038834952 0.22429906542056074 0.1087378640776699
0 0.3901869158878505 0.08737864077669903 0.3130841121495327 0.15145631067961166
0 0.673481308411215 0.08398058252427185 0.2488317757009346 0.12135922330097088
0 0.3382009345794392 0.6902912621359223 0.2675233644859813 0.13980582524271845
0 0.7669392523364486 0.6762135922330097 0.25350467289719625 0.11553398058252427
0 0.44042056074766356 0.5339805825242718 0.1588785046728972 0.16893203883495145
0 0.6489485981308412 0.22718446601941747 0.125 0.1553398058252427
0 0.2757009345794392 0.3825242718446602 0.26635514018691586 0.13009708737864079
0 0.5549065420560748 0.6669902912621359 0.07710280373831775 0.1029126213592233
0 0.39369158878504673 0.824757281553398 0.2266355140186916 0.11941747572815534
0 0.584696261682243 0.8160194174757281 0.169392523364486 0.13106796116504854
0 0.4088785046728972 0.2262135922330097 0.37149532710280375 0.1766990291262136
0 0.3125 0.5349514563106796 0.10864485981308411 0.170873786407767
0 0.4830607476635514 0.38155339805825245 0.17873831775700935 0.1436893203883495
0 0.1185747663551402 0.5325242718446602 0.1927570093457944 0.17572815533980582
0 0.6985981308411215 0.38398058252427186 0.22897196261682243 0.14466019417475728
0 0.6483644859813084 0.5247572815533981 0.22429906542056074 0.16407766990291262
0 0.8440420560747663 0.5237864077669903 0.19976635514018692 0.16213592233009708
0 0.7517523364485982 0.8072815533980583 0.17172897196261683 0.14271844660194175
0 0.883177570093458 0.7830097087378641 0.14485981308411214 0.129126213592233
0 0.6121495327102804 0.933009708737864 0.20093457943925233 0.07766990291262135
0 0.7792056074766355 0.9228155339805825 0.16121495327102803 0.11553398058252427
0 0.9018691588785047 0.38543689320388347 0.19158878504672897 0.12427184466019417
