0 0.13895486935866982 0.11738648947951273 0.09263657957244656 0.13953488372093023
0 0.1377672209026128 0.9158361018826136 0.16152019002375298 0.150609080841639
0 0.38836104513064135 0.9136212624584718 0.17814726840855108 0.15503875968992248
0 0.6716152019002375 0.9136212624584718 0.34085510688836107 0.1638981173864895
0 0.15736342042755344 0.5741971207087486 0.167458432304038 0.2159468438538206
0 0.4144893111638955 0.5520487264673312 0.33966745843230406 0.2026578073089701
0 0.4008313539192399 0.3444075304540421 0.12945368171021376 0.16611295681063123
0 0.5766033254156769 0.12679955703211518 0.23871733966745842 0.1583610188261351
0 0.7036817102137767 0.5542635658914729 0.22684085510688837 0.1893687707641196
0 0.16092636579572447 0.7729789590254706 0.24821852731591448 0.18161683277962348
0 0.20902612826603326 0.3709856035437431 0.22565320665083136 0.19490586932447398
0 0.6858669833729216 0.7646733111849391 0.09619952494061758 0.13842746400885936
0 0.7802850356294537 0.7458471760797342 0.0855106888361045 0.1273532668881506
0 0.5730403800475059 0.3133997785160576 0.22921615201900236 0.15503875968992248
0 0.7203087885985748 0.3062015503875969 0.05819477434679335 0.11406423034330011
0 0.5403800475059383 0.7508305647840532 0.1995249406175772 0.16168327796234774
0 0.3652019002375297 0.7674418604651163 0.14608076009501186 0.15946843853820597
0 0.9026128266033254 0.5188261351052049 0.18052256532066507 0.15171650055370986
0 0.7701900237529691 0.13565891472868216 0.13895486935866982 0.14728682170542637
0 0.33016627078384797 0.13842746400885936 0.171021377672209 0.150609080841639
0 0.8426365795724465 0.313953488372093 0.19833729216152018 0.14285714285714285
0 0.8853919239904988 0.7126245847176079 0.12945368171021376 0.1184939091915836
