0 0.17482100238663484 0.09930139720558882 0.19928400954653938 0.1686626746506986
0 0.4146778042959427 0.09580838323353294 0.2064439140811456 0.1656686626746507
0 0.7100238663484487 0.1092814371257485 0.32935560859188545 0.156686626746507
0 0.15930787589498807 0.28493013972055886 0.29236276849642007 0.19461077844311378
0 0.5310262529832935 0.23552894211576847 0.33651551312649164 0.11776447105788423
0 0.14021479713603818 0.5409181636726547 0.21837708830548927 0.1277445109780439
0 0.11634844868735084 0.7030938123752495 0.2064439140811456 0.12075848303393213
0 0.3490453460620525 0.7100798403193613 0.25894988066825775 0.14471057884231536
0 0.5733890214797136 0.7235528942115769 0.18496420047732698 0.15568862275449102
0 0.5859188544152745 0.5608782435129741 0.27684964200477324 0.16766467065868262
0 0.8335322195704057 0.5399201596806387 0.1324582338902148 0.15768463073852296
0 0.9403341288782816 0.5518962075848304 0.1026252983293556 0.1497005988023952
0 0.18198090692124105 0.8807385229540918 0.32100238663484487 0.11676646706586827
0 0.4880668257756563 0.908183632734531 0.29832935560859186 0.1317365269461078
0 0.7094272076372315 0.9141716566866267 0.1610978520286396 0.11976047904191617
0 0.8663484486873508 0.9171656686626747 0.16467780429594273 0.12574850299401197
0 0.7577565632458234 0.7105788423153693 0.18377088305489261 0.1437125748502994
0 0.7034606205250596 0.3907185628742515 0.19451073985680192 0.15469061876247506
0 0.886038186157518 0.3967065868263473 0.13484486873508353 0.13672654690618763
0 0.7738663484486874 0.25499001996007986 0.1610978520286396 0.14471057884231536
0 0.9128878281622912 0.27644710578842313 0.14558472553699284 0.12574850299401197
0 0.9140811455847255 0.6926147704590818 0.15274463007159905 0.11976047904191617
0 0.7983293556085919 0.8098802395209581 0.11455847255369929 0.09281437125748503
0 0.915871121718377 0.7784431137724551 0.13961813842482101 0.0998003992015968
