0 0.2359375 0.45677233429394815 0.134375 0.17579250720461095
0 0.4046875 0.45677233429394815 0.196875 0.2017291066282421
0 0.321875 0.08861671469740634 0.2 0.15706051873198848
0 0.67890625 0.08429394812680115 0.5265625 0.1484149855907781
0 0.11875 0.26440922190201727 0.178125 0.20893371757925072
0 0.1640625 0.659942363112392 0.284375 0.1844380403458213
0 0.4078125 0.6548991354466859 0.209375 0.18587896253602307
0 0.5703125 0.6325648414985591 0.128125 0.2017291066282421
0 0.55 0.8314121037463977 0.609375 0.18155619596541786
0 0.609375 0.44668587896253603 0.19375 0.1729106628242075
0 0.85078125 0.43587896253602304 0.2734375 0.15129682997118155
0 0.10078125 0.4553314121037464 0.1609375 0.19020172910662825
0 0.8421875 0.2557636887608069 0.128125 0.17723342939481268
0 0.38359375 0.26440922190201727 0.2734375 0.20893371757925072
0 0.121875 0.0893371757925072 0.209375 0.1585014409221902
0 0.74140625 0.595821325648415 0.1671875 0.11671469740634005
