0 0.16116116116116116 0.10045248868778281 0.16616616616616617 0.14660633484162897
0 0.35985985985985985 0.10361990950226245 0.17917917917917917 0.15656108597285068
0 0.6146146146146146 0.13936651583710408 0.3183183183183183 0.1411764705882353
0 0.5965965965965966 0.6520361990950226 0.12612612612612611 0.19095022624434388
0 0.7217217217217218 0.634841628959276 0.15015015015015015 0.10226244343891402
0 0.8658658658658659 0.6230769230769231 0.16416416416416416 0.12941176470588237
0 0.8333333333333334 0.7357466063348417 0.23323323323323322 0.09954751131221719
0 0.16016016016016016 0.8307692307692308 0.23223223223223224 0.11402714932126697
0 0.36536536536536535 0.8339366515837104 0.16616616616616617 0.12760180995475112
0 0.5635635635635635 0.8461538461538461 0.2502502502502503 0.13031674208144797
0 0.13113113113113112 0.9466063348416289 0.16816816816816818 0.1085972850678733
0 0.42242242242242245 0.9493212669683257 0.4064064064064064 0.10316742081447963
0 0.8963963963963963 0.890950226244344 0.17117117117117117 0.15475113122171946
0 0.7407407407407407 0.883710407239819 0.14214214214214213 0.16561085972850678
0 0.48098098098098097 0.6402714932126696 0.1011011011011011 0.13665158371040723
0 0.3183183183183183 0.6701357466063348 0.16816816816816818 0.2
0 0.2132132132132132 0.09230769230769231 0.07807807807807808 0.13755656108597286
0 0.40540540540540543 0.12307692307692308 0.07207207207207207 0.16470588235294117
0 0.3213213213213213 0.13936651583710408 0.06006006006006006 0.03619909502262444
0 0.3303303303303303 0.10226244343891402 0.05805805805805806 0.0416289592760181
0 0.34384384384384387 0.061990950226244346 0.07507507507507508 0.05339366515837104
0 0.7152152152152152 0.14479638009049775 0.0970970970970971 0.12850678733031673
0 0.5875875875875876 0.1244343891402715 0.05805805805805806 0.1076923076923077
0 0.5670670670670671 0.11990950226244344 0.17717717717717718 0.03891402714932127
0 0.5235235235235235 0.10135746606334842 0.06806806806806807 0.06877828054298643
0 0.519019019019019 0.14841628959276018 0.06506506506506507 0.06877828054298643
0 0.34434434434434436 0.6891402714932127 0.16016016016016016 0.03891402714932127
0 0.3333333333333333 0.6669683257918552 0.13213213213213212 0.02895927601809955
0 0.2997997997997998 0.653393665158371 0.06706706706706707 0.012669683257918552
0 0.3028028028028028 0.6384615384615384 0.06306306306306306 0.011764705882352941
0 0.34234234234234234 0.6190045248868778 0.13613613613613615 0.027149321266968326
0 0.34734734734734735 0.6746606334841629 0.05005005005005005 0.19095022624434388
0 0.4724724724724725 0.63710407239819 0.04004004004004004 0.12669683257918551
0 0.507007007007007 0.6520361990950226 0.03303303303303303 0.09864253393665158
0 0.5075075075075075 0.5891402714932127 0.026026026026026026 0.03619909502262444
0 0.6226226226226226 0.6701357466063348 0.05405405405405406 0.18009049773755656
0 0.586086086086086 0.5932126696832579 0.06306306306306306 0.044343891402714934
0 0.5820820820820821 0.63710407239819 0.09109109109109109 0.05429864253393665
0 0.6696696696696697 0.6484162895927602 0.05205205205205205 0.06425339366515836
0 0.7137137137137137 0.6452488687782806 0.056056056056056056 0.07239819004524888
0 0.7577577577577578 0.6357466063348416 0.06006006006006006 0.08959276018099548
0 0.9124124124124124 0.6497737556561086 0.06506506506506507 0.1665158371040724
0 0.8453453453453453 0.5959276018099547 0.08308308308308308 0.037104072398190045
0 0.8468468468468469 0.6316742081447964 0.07807807807807808 0.03257918552036199
0 0.8468468468468469 0.6669683257918552 0.0940940940940941 0.025339366515837104
0 0.7657657657657657 0.7502262443438914 0.022022022022022022 0.04524886877828054
0 0.7382382382382382 0.7552036199095022 0.035035035035035036 0.06425339366515836
0 0.8138138138138138 0.7470588235294118 0.16616616616616617 0.051583710407239816
0 0.8318318318318318 0.7235294117647059 0.1841841841841842 0.06787330316742081
0 0.15515515515515516 0.8113122171945701 0.16016016016016016 0.044343891402714934
0 0.25325325325325326 0.8067873303167421 0.06006006006006006 0.058823529411764705
0 0.22422422422422422 0.8570135746606334 0.062062062062062065 0.07058823529411765
0 0.15765765765765766 0.8574660633484162 0.04904904904904905 0.06063348416289593
0 0.12012012012012012 0.8561085972850678 0.044044044044044044 0.06334841628959276
0 0.13363363363363365 0.7891402714932126 0.05905905905905906 0.039819004524886875
0 0.16266266266266266 0.7963800904977375 0.06306306306306306 0.04524886877828054
0 0.35285285285285284 0.8669683257918552 0.10510510510510511 0.0416289592760181
0 0.37037037037037035 0.8429864253393665 0.05205205205205205 0.08597285067873303
0 0.42342342342342343 0.8393665158371041 0.05405405405405406 0.11312217194570136
0 0.34884884884884887 0.7986425339366516 0.08708708708708708 0.03167420814479638
0 0.6656656656656657 0.8104072398190045 0.08208208208208208 0.07149321266968325
0 0.6326326326326326 0.8778280542986425 0.06606606606606606 0.06515837104072399
0 0.5385385385385385 0.8742081447963801 0.03203203203203203 0.039819004524886875
0 0.5 0.8687782805429864 0.03903903903903904 0.039819004524886875
0 0.5515515515515516 0.816289592760181 0.05205205205205205 0.04343891402714932
0 0.5175175175175175 0.823076923076923 0.04804804804804805 0.044343891402714934
0 0.5525525525525525 0.8357466063348417 0.2062062062062062 0.04072398190045249
0 0.7557557557557557 0.8289592760180996 0.05805805805805806 0.027149321266968326
0 0.7547547547547547 0.8484162895927602 0.03803803803803804 0.051583710407239816
0 0.7537537537537538 0.8425339366515837 0.044044044044044044 0.047058823529411764
0 0.7187187187187187 0.8552036199095022 0.06006006006006006 0.08144796380090498
0 0.7147147147147147 0.8656108597285068 0.05205205205205205 0.05520361990950226
0 0.7912912912912913 0.8728506787330317 0.07707707707707707 0.08959276018099548
0 0.7357357357357357 0.9434389140271493 0.07607607607607608 0.04072398190045249
0 0.8783783783783784 0.8638009049773756 0.025025025025025027 0.07330316742081448
0 0.8963963963963963 0.857918552036199 0.021021021021021023 0.056108597285067875
0 0.9154154154154154 0.8592760180995475 0.021021021021021023 0.058823529411764705
0 0.943943943943944 0.8800904977375565 0.03403403403403404 0.10045248868778281
0 0.8778778778778779 0.8633484162895928 0.1041041041041041 0.03076923076923077
0 0.8413413413413413 0.9027149321266968 0.04904904904904905 0.026244343891402715
0 0.9014014014014013 0.9339366515837104 0.13113113113113112 0.04343891402714932
0 0.13163163163163163 0.9171945701357466 0.07507507507507508 0.03167420814479638
0 0.11961961961961962 0.9452488687782805 0.07707707707707707 0.02986425339366516
0 0.1036036036036036 0.9705882352941176 0.07307307307307308 0.0334841628959276
0 0.1946946946946947 0.9466063348416289 0.04904904904904905 0.09049773755656108
0 0.24224224224224225 0.9556561085972851 0.06806806806806807 0.07420814479638009
0 0.3058058058058058 0.9506787330316742 0.07307307307307308 0.08778280542986425
0 0.34534534534534533 0.9529411764705882 0.1041041041041041 0.039819004524886875
0 0.4169169169169169 0.9366515837104072 0.04504504504504504 0.04524886877828054
0 0.45495495495495497 0.9678733031674208 0.12112112112112113 0.026244343891402715
0 0.45545545545545546 0.9361990950226244 0.04004004004004004 0.05520361990950226
0 0.4139139139139139 0.9846153846153847 0.10710710710710711 0.025339366515837104
0 0.5940940940940941 0.9547511312217195 0.07507507507507508 0.056108597285067875
