0 0.44047619047619047 0.33906071019473083 0.2794486215538847 0.13516609392898052
0 0.17167919799498746 0.8459335624284078 0.2731829573934837 0.145475372279496
0 0.08771929824561403 0.627147766323024 0.17794486215538846 0.16838487972508592
0 0.044486215538847115 0.4736540664375716 0.11403508771929824 0.12714776632302405
0 0.30701754385964913 0.6122565864833907 0.2781954887218045 0.16380297823596793
0 0.19172932330827067 0.4702176403207331 0.19298245614035087 0.12485681557846506
0 0.37280701754385964 0.4690721649484536 0.18421052631578946 0.10882016036655212
0 0.5375939849624061 0.0715922107674685 0.3383458646616541 0.1134020618556701
0 0.8245614035087719 0.07388316151202749 0.23308270676691728 0.12714776632302405
0 0.7775689223057645 0.1981672394043528 0.2719298245614035 0.13058419243986255
0 0.10588972431077694 0.08304696449026346 0.16666666666666666 0.12714776632302405
0 0.4692982456140351 0.1958762886597938 0.34461152882205515 0.15349369988545247
0 0.14849624060150377 0.34192439862542956 0.31704260651629074 0.140893470790378
0 0.5520050125313283 0.588774341351661 0.20927318295739347 0.13516609392898052
0 0.706140350877193 0.584192439862543 0.10651629072681704 0.12142038946162657
0 0.8157894736842105 0.5950744558991982 0.09523809523809523 0.13631156930126
0 0.9392230576441103 0.5870561282932417 0.08646616541353383 0.13631156930126
0 0.38471177944862156 0.8402061855670103 0.16040100250626566 0.1706758304696449
0 0.6885964912280702 0.8287514318442154 0.07894736842105263 0.11798396334478808
0 0.2731829573934837 0.07445589919816724 0.19548872180451127 0.12829324169530354
0 0.6409774436090225 0.33505154639175255 0.12155388471177944 0.13631156930126
0 0.7531328320802005 0.3344788087056128 0.07268170426065163 0.12600229095074456
0 0.8583959899749374 0.30126002290950743 0.14536340852130325 0.10767468499427263
0 0.5870927318295739 0.46334478808705615 0.24436090225563908 0.12714776632302405
0 0.8007518796992481 0.45647193585337914 0.22807017543859648 0.13860252004581902
0 0.6854636591478697 0.6901489117983963 0.15288220551378445 0.13631156930126
0 0.8690476190476191 0.7038946162657503 0.20426065162907267 0.1156930126002291
0 0.4974937343358396 0.9301260022909508 0.16541353383458646 0.12371134020618557
0 0.75 0.9175257731958762 0.29448621553884713 0.12142038946162657
0 0.5538847117794486 0.8167239404352806 0.18546365914786966 0.10767468499427263
0 0.8540100250626567 0.8150057273768614 0.2568922305764411 0.14776632302405499
