0 0.17239263803680982 0.8195538057742782 0.25153374233128833 0.17454068241469817
0 0.38773006134969323 0.8064304461942258 0.13987730061349693 0.16141732283464566
0 0.5521472392638037 0.7992125984251969 0.14969325153374233 0.1968503937007874
0 0.0950920245398773 0.20275590551181102 0.14846625766871166 0.16666666666666666
0 0.25030674846625767 0.21325459317585302 0.13006134969325153 0.15091863517060367
0 0.5865030674846625 0.20406824146981628 0.147239263803681 0.15354330708661418
0 0.11226993865030675 0.06692913385826772 0.12883435582822086 0.11023622047244094
0 0.24049079754601227 0.0688976377952756 0.12024539877300613 0.1325459317585302
0 0.41779141104294476 0.06692913385826772 0.24662576687116564 0.13123359580052493
0 0.601840490797546 0.06167979002624672 0.1312883435582822 0.12073490813648294
0 0.745398773006135 0.08070866141732283 0.15337423312883436 0.15879265091863518
0 0.8975460122699387 0.11482939632545931 0.16809815950920245 0.17191601049868765
0 0.7846625766871166 0.9416010498687664 0.3202453987730061 0.0984251968503937
0 0.4196319018404908 0.9416010498687664 0.40736196319018403 0.09055118110236221
0 0.3987730061349693 0.229002624671916 0.0638036809815951 0.1062992125984252
0 0.40429447852760736 0.21653543307086615 0.18282208588957055 0.16535433070866143
0 0.8079754601226994 0.20800524934383202 0.29570552147239265 0.13517060367454067
0 0.7239263803680982 0.7388451443569554 0.13987730061349693 0.13123359580052493
0 0.8116564417177914 0.7703412073490814 0.3693251533742331 0.23622047244094488
