0 0.09085365853658536 0.07631318136769079 0.08902439024390243 0.07928642220019821
0 0.2274390243902439 0.06541129831516353 0.1475609756097561 0.1110009910802775
0 0.4329268292682927 0.05153617443012884 0.20243902439024392 0.10703666997026759
0 0.2823170731707317 0.630822596630327 0.12804878048780488 0.1159563924677899
0 0.400609756097561 0.5218037661050545 0.13048780487804879 0.10604558969276512
0 0.6115853658536585 0.05599603567888999 0.174390243902439 0.11199207135777998
0 0.8439024390243902 0.06491575817641229 0.25609756097560976 0.1199207135777998
0 0.625609756097561 0.6035678889990089 0.21951219512195122 0.10901883052527254
0 0.10060975609756098 0.6323092170465807 0.1524390243902439 0.1110009910802775
0 0.08353658536585366 0.5213082259663032 0.1353658536585366 0.10901883052527254
0 0.08536585365853659 0.4093161546085233 0.14878048780487804 0.11892963330029732
0 0.08231707317073171 0.7606541129831517 0.1329268292682927 0.14370664023785926
0 0.2914634146341463 0.7348860257680873 0.3024390243902439 0.12586719524281467
0 0.5207317073170732 0.7279484638255699 0.16585365853658537 0.12983151635282458
0 0.14634146341463414 0.8909811694747275 0.25609756097560976 0.10703666997026759
0 0.3384146341463415 0.900396432111001 0.12317073170731707 0.08820614469772052
0 0.47073170731707314 0.9013875123885035 0.1073170731707317 0.08225966303270565
0 0.6664634146341464 0.8904856293359762 0.23536585365853657 0.10009910802775025
0 0.8518292682926829 0.8731417244796829 0.10121951219512196 0.10505450941526263
0 0.6902439024390243 0.7958374628344896 0.2121951219512195 0.0931615460852329
0 0.8878048780487805 0.7864222001982161 0.2121951219512195 0.11199207135777998
0 0.2146341463414634 0.5322101090188305 0.08048780487804878 0.09514370664023786
0 0.6926829268292682 0.7046580773042617 0.1902439024390244 0.09712586719524281
0 0.8689024390243902 0.6892963330029732 0.174390243902439 0.11000991080277503
0 0.40487804878048783 0.40386521308225964 0.14146341463414633 0.12983151635282458
0 0.5640243902439024 0.3959365708622398 0.12560975609756098 0.1337958374628345
0 0.5701219512195121 0.5104063429137761 0.16707317073170733 0.09117938553022795
