0 0.1079447322970639 0.23562537048014226 0.07426597582037997 0.07883817427385892
0 0.32081174438687393 0.2160640189685833 0.3601036269430052 0.08595139300533491
0 0.6122625215889465 0.21458209839952577 0.24352331606217617 0.0948429164196799
0 0.5677892918825561 0.2943094250148192 0.08031088082901554 0.05749851807943094
0 0.4637305699481865 0.5328986366330765 0.2849740932642487 0.05216360403082395
0 0.6588946459412781 0.5385299347954949 0.11053540587219343 0.06461173681090694
0 0.16666666666666666 0.5945465323058684 0.11226252158894647 0.05097806757557795
0 0.3018134715025907 0.5948429164196799 0.17012089810017272 0.056312981624184945
0 0.4464594127806563 0.5957320687611144 0.11917098445595854 0.07350326022525193
0 0.5751295336787565 0.5978067575577949 0.14680483592400692 0.07172495554238292
0 0.7137305699481865 0.6049199762892709 0.1303972366148532 0.06579727326615294
0 0.3855785837651123 0.7113218731475993 0.13385146804835923 0.06283343212803794
0 0.2219343696027634 0.7048014226437463 0.19689119170984457 0.06994665085951393
0 0.22797927461139897 0.531416716064019 0.18998272884283246 0.07172495554238292
0 0.09930915371329879 0.529045643153527 0.0846286701208981 0.07172495554238292
0 0.792314335060449 0.532602252519265 0.15975820379965458 0.07409602845287493
0 0.5112262521588946 0.3509187907528156 0.11917098445595854 0.07824540604623592
0 0.846286701208981 0.33491404860699464 0.2141623488773748 0.07824540604623592
0 0.7068221070811744 0.2880853586247777 0.17012089810017272 0.06401896858328393
0 0.8808290155440415 0.27415530527563725 0.15716753022452504 0.05986959098992294
0 0.36226252158894645 0.2925311203319502 0.18393782383419688 0.06105512744516894
0 0.8048359240069085 0.2098399525785418 0.1692573402417962 0.08654416123295791
0 0.19689119170984457 0.4176052163604031 0.1381692573402418 0.07291049199762893
0 0.37780656303972365 0.4146413752222881 0.15112262521588946 0.06698280972139893
0 0.8229706390328152 0.5853586247777119 0.09671848013816926 0.05394190871369295
0 0.6610535405872193 0.4087136929460581 0.41364421416234887 0.07883817427385892
0 0.18911917098445596 0.47036158861885 0.13989637305699482 0.04564315352697095
0 0.45164075993091535 0.47954949614700654 0.15889464594127806 0.058091286307053944
0 0.6023316062176166 0.7113218731475993 0.18911917098445596 0.06164789567279194
0 0.8182210708117443 0.7030231179608772 0.21675302245250433 0.06520450503852994
0 0.35146804835924006 0.7602252519264967 0.14507772020725387 0.04445761707172496
0 0.24006908462867013 0.7646710136336692 0.07426597582037997 0.03912270302311796
0 0.6904145077720207 0.7614107883817427 0.14421416234887738 0.04564315352697095
0 0.8471502590673575 0.7525192649673977 0.14507772020725387 0.05749851807943094
0 0.9494818652849741 0.7400711321873148 0.06303972366148532 0.05749851807943094
0 0.9244386873920553 0.2018375815056313 0.10621761658031088 0.08832246591582692
