0 0.21066810344827586 0.2044979079497908 0.18642241379310345 0.17259414225941422
0 0.5237068965517241 0.19665271966527198 0.2607758620689655 0.17364016736401675
0 0.17079741379310345 0.38127615062761505 0.2941810344827586 0.1705020920502092
0 0.11691810344827586 0.5444560669456067 0.19719827586206898 0.1788702928870293
0 0.19827586206896552 0.7348326359832636 0.3103448275862069 0.17468619246861924
0 0.2182112068965517 0.8927824267782427 0.20797413793103448 0.14539748953974896
0 0.45689655172413796 0.8493723849372385 0.2025862068965517 0.13807531380753138
0 0.75 0.8927824267782427 0.3232758620689655 0.1202928870292887
0 0.49461206896551724 0.7044979079497908 0.23275862068965517 0.14539748953974896
0 0.6400862068965517 0.3833682008368201 0.21982758620689655 0.14958158995815898
0 0.42564655172413796 0.37813807531380755 0.22629310344827586 0.14958158995815898
0 0.8254310344827587 0.4314853556485356 0.1724137931034483 0.22280334728033474
0 0.7494612068965517 0.20815899581589958 0.19719827586206898 0.22384937238493724
0 0.8987068965517241 0.21443514644351463 0.1314655172413793 0.20502092050209206
0 0.3572198275862069 0.5632845188284519 0.30926724137931033 0.15585774058577406
0 0.7537715517241379 0.5753138075313807 0.46875 0.2280334728033473
0 0.6099137931034483 0.5036610878661087 0.17025862068965517 0.09518828451882845
0 0.8011853448275862 0.7369246861924686 0.3588362068965517 0.20188284518828453
0 0.15625 0.20502092050209206 0.05603448275862069 0.1589958158995816
0 0.21120689655172414 0.20920502092050208 0.05818965517241379 0.1506276150627615
0 0.27586206896551724 0.20397489539748953 0.0668103448275862 0.14853556485355648
0 0.6201508620689655 0.21652719665271966 0.06357758620689655 0.16108786610878661
0 0.5651939655172413 0.15951882845188284 0.0334051724137931 0.05543933054393305
0 0.540948275862069 0.1589958158995816 0.03017241379310345 0.056485355648535567
0 0.5010775862068966 0.20240585774058578 0.05603448275862069 0.1579497907949791
0 0.5662715517241379 0.19142259414225943 0.1627155172413793 0.043933054393305436
0 0.4547413793103448 0.16631799163179917 0.06465517241379311 0.13807531380753138
0 0.49676724137931033 0.2405857740585774 0.19181034482758622 0.07740585774058577
0 0.7085129310344828 0.22646443514644352 0.11745689655172414 0.13493723849372385
0 0.7225215517241379 0.2055439330543933 0.029094827586206896 0.0198744769874477
0 0.7306034482758621 0.1903765690376569 0.028017241379310345 0.01882845188284519
0 0.7338362068965517 0.17677824267782427 0.03017241379310345 0.02092050209205021
0 0.7429956896551724 0.1579497907949791 0.022629310344827586 0.02092050209205021
0 0.7397629310344828 0.14382845188284518 0.08512931034482758 0.08891213389121339
0 0.7623922413793104 0.22594142259414227 0.04418103448275862 0.06485355648535565
0 0.7860991379310345 0.12186192468619247 0.08297413793103449 0.051255230125523014
0 0.8259698275862069 0.274581589958159 0.04849137931034483 0.07426778242677824
0 0.8663793103448276 0.13023012552301255 0.07543103448275862 0.038702928870292884
0 0.9100215517241379 0.1940376569037657 0.13038793103448276 0.06171548117154812
0 0.9164870689655172 0.14748953974895398 0.04418103448275862 0.06694560669456066
0 0.9251077586206896 0.22280334728033474 0.06573275862068965 0.11297071129707113
0 0.1206896551724138 0.3608786610878661 0.16810344827586207 0.0794979079497908
0 0.11745689655172414 0.37081589958158995 0.06896551724137931 0.1202928870292887
0 0.2338362068965517 0.37343096234309625 0.040948275862068964 0.04184100418410042
0 0.22359913793103448 0.40010460251046026 0.061422413793103446 0.05543933054393305
0 0.27101293103448276 0.3389121338912134 0.06357758620689655 0.08158995815899582
0 0.28771551724137934 0.41736401673640167 0.07327586206896551 0.09623430962343096
0 0.3701508620689655 0.4157949790794979 0.10452586206896551 0.049163179916317995
0 0.3776939655172414 0.35930962343096234 0.11314655172413793 0.07217573221757322
0 0.4800646551724138 0.3875523012552301 0.13685344827586207 0.10564853556485355
0 0.49137931034482757 0.33472803347280333 0.1336206896551724 0.07531380753138076
0 0.6724137931034483 0.37447698744769875 0.1206896551724138 0.02510460251046025
0 0.6368534482758621 0.36715481171548114 0.03017241379310345 0.08786610878661087
0 0.6099137931034483 0.36140167364016734 0.03017241379310345 0.07635983263598327
0 0.5711206896551724 0.35826359832635984 0.06465517241379311 0.09518828451882845
0 0.6314655172413793 0.42102510460251047 0.1939655172413793 0.04497907949790795
0 0.7122844827586207 0.39435146443514646 0.04956896551724138 0.12761506276150628
0 0.9525862068965517 0.35930962343096234 0.05387931034482758 0.0596234309623431
0 0.9542025862068966 0.42207112970711297 0.04849137931034483 0.04707112970711297
0 0.7769396551724138 0.3880753138075314 0.0603448275862069 0.09623430962343096
0 0.8345905172413793 0.38127615062761505 0.05064655172413793 0.08472803347280335
0 0.8787715517241379 0.38023012552301255 0.04418103448275862 0.08682008368200837
0 0.8189655172413793 0.4707112970711297 0.05603448275862069 0.09832635983263599
0 0.865301724137931 0.4837866108786611 0.05818965517241379 0.11192468619246862
0 0.1255387931034483 0.5831589958158996 0.03987068965517242 0.015690376569037656
0 0.12284482758620689 0.5690376569037657 0.04741379310344827 0.01882845188284519
0 0.11637931034482758 0.5381799163179917 0.05172413793103448 0.02405857740585774
0 0.1206896551724138 0.5125523012552301 0.04956896551724138 0.02301255230125523
0 0.10775862068965517 0.49686192468619245 0.05818965517241379 0.060669456066945605
0 0.16379310344827586 0.5 0.04741379310344827 0.08577405857740586
0 0.078125 0.5564853556485355 0.09375 0.14853556485355648
0 0.17780172413793102 0.5653765690376569 0.08620689655172414 0.08054393305439331
0 0.30872844827586204 0.5910041841004184 0.21875 0.058577405857740586
0 0.27262931034482757 0.5465481171548117 0.04525862068965517 0.08054393305439331
0 0.3146551724137931 0.5549163179916318 0.036637931034482756 0.07845188284518828
0 0.36799568965517243 0.5465481171548117 0.09590517241379311 0.04707112970711297
0 0.4660560344827586 0.5517782426778243 0.06788793103448276 0.09100418410041841
0 0.4859913793103448 0.5842050209205021 0.05387931034482758 0.08682008368200837
0 0.6411637931034483 0.5031380753138075 0.10775862068965517 0.07322175732217573
0 0.6212284482758621 0.5052301255230126 0.16918103448275862 0.06276150627615062
0 0.6228448275862069 0.4790794979079498 0.05172413793103448 0.043933054393305436
0 0.5980603448275862 0.5679916317991632 0.17025862068965517 0.056485355648535567
0 0.7020474137931034 0.5936192468619247 0.04633620689655173 0.09309623430962342
0 0.7737068965517241 0.6082635983263598 0.05172413793103448 0.09518828451882845
0 0.7419181034482759 0.5475941422594143 0.05064655172413793 0.01778242677824268
0 0.740301724137931 0.5271966527196653 0.05387931034482758 0.01882845188284519
0 0.740301724137931 0.5057531380753139 0.04741379310344827 0.01778242677824268
0 0.7424568965517241 0.48169456066945604 0.05172413793103448 0.030334728033472803
0 0.7171336206896551 0.5062761506276151 0.04633620689655173 0.08368200836820083
0 0.78125 0.5115062761506276 0.04525862068965517 0.09832635983263599
0 0.9617456896551724 0.604602510460251 0.04633620689655173 0.15271966527196654
0 0.8292025862068966 0.5810669456066946 0.04202586206896552 0.0700836820083682
0 0.8599137931034483 0.5873430962343096 0.023706896551724137 0.06380753138075314
0 0.8879310344827587 0.5983263598326359 0.11637931034482758 0.04602510460251046
0 0.8733836206896551 0.5627615062761506 0.0980603448275862 0.02510460251046025
0 0.8814655172413793 0.6370292887029289 0.14224137931034483 0.07531380753138076
0 0.1713362068965517 0.7808577405857741 0.23922413793103448 0.07635983263598327
0 0.11961206896551724 0.7081589958158996 0.07327586206896551 0.11506276150627615
0 0.1788793103448276 0.725418410041841 0.05172413793103448 0.11192468619246862
0 0.23760775862068967 0.7149581589958159 0.11745689655172414 0.04707112970711297
0 0.3297413793103448 0.7327405857740585 0.07112068965517242 0.12238493723849372
0 0.5484913793103449 0.6919456066945606 0.11637931034482758 0.04497907949790795
0 0.5404094827586207 0.7332635983263598 0.07435344827586207 0.04602510460251046
0 0.4644396551724138 0.7034518828451883 0.05818965517241379 0.04079497907949791
0 0.4326508620689655 0.7322175732217573 0.11530172413793104 0.05230125523012552
0 0.5452586206896551 0.7196652719665272 0.1336206896551724 0.02510460251046025
0 0.4827586206896552 0.6757322175732218 0.0625 0.06276150627615062
0 0.7155172413793104 0.8164225941422594 0.05603448275862069 0.06171548117154812
0 0.6670258620689655 0.752092050209205 0.07327586206896551 0.10251046025104603
0 0.8173491379310345 0.7928870292887029 0.1713362068965517 0.03138075313807531
0 0.6616379310344828 0.6882845188284519 0.0668103448275862 0.100418410041841
0 0.7327586206896551 0.7149581589958159 0.08836206896551724 0.10564853556485355
0 0.7365301724137931 0.7384937238493724 0.02478448275862069 0.058577405857740586
0 0.7688577586206896 0.7468619246861925 0.020474137931034482 0.056485355648535567
0 0.7936422413793104 0.74581589958159 0.022629310344827586 0.043933054393305436
0 0.8243534482758621 0.7510460251046025 0.02586206896551724 0.043933054393305436
0 0.8054956896551724 0.7248953974895398 0.16702586206896552 0.03765690376569038
0 0.9181034482758621 0.7656903765690377 0.0625 0.12343096234309624
0 0.2122844827586207 0.8797071129707112 0.07758620689655173 0.029288702928870293
0 0.19935344827586207 0.8394351464435147 0.0603448275862069 0.0198744769874477
0 0.2052801724137931 0.8242677824267782 0.07219827586206896 0.027196652719665274
0 0.19827586206896552 0.9288702928870293 0.16379310344827586 0.056485355648535567
0 0.29040948275862066 0.8880753138075314 0.07650862068965517 0.12552301255230125
0 0.5431034482758621 0.8744769874476988 0.11637931034482758 0.02301255230125523
0 0.5290948275862069 0.8383891213389121 0.05172413793103448 0.10564853556485355
0 0.4401939655172414 0.8671548117154811 0.16702586206896552 0.06485355648535565
0 0.4574353448275862 0.8478033472803347 0.059267241379310345 0.02615062761506276
0 0.4644396551724138 0.8310669456066946 0.07758620689655173 0.032426778242677826
0 0.41594827586206895 0.8179916317991632 0.1271551724137931 0.04811715481171548
0 0.7085129310344828 0.8943514644351465 0.07435344827586207 0.11297071129707113
0 0.6637931034482759 0.8765690376569037 0.13577586206896552 0.056485355648535567
0 0.7742456896551724 0.8802301255230126 0.0980603448275862 0.032426778242677826
0 0.7629310344827587 0.8880753138075314 0.06465517241379311 0.10669456066945607
0 0.869073275862069 0.895397489539749 0.06357758620689655 0.09414225941422594
