0 0.7166427546628408 0.10585885486018642 0.2109038737446198 0.1584553928095872
0 0.7166427546628408 0.42876165113182424 0.21951219512195122 0.17842876165113183
0 0.32568149210903874 0.0758988015978695 0.24390243902439024 0.14913448735019974
0 0.9067431850789096 0.09121171770972038 0.17216642754662842 0.1584553928095872
0 0.08680057388809183 0.8302263648468708 0.1793400286944046 0.19573901464713714
0 0.3766140602582496 0.7796271637816246 0.39741750358680056 0.19840213049267644
0 0.38952654232424677 0.440745672436751 0.24533715925394547 0.21304926764314247
0 0.14131994261119082 0.47203728362183756 0.23959827833572453 0.1584553928095872
0 0.5272596843615495 0.09254327563249001 0.19655667144906744 0.1584553928095872
0 0.6700143472022956 0.7716378162450066 0.18938307030129126 0.1584553928095872
0 0.9045911047345767 0.5712383488681758 0.11908177905308465 0.1411451398135819
0 0.26901004304160686 0.2396804260985353 0.1563845050215208 0.170439414114514
0 0.2984218077474892 0.6211717709720372 0.17790530846484937 0.13981358189081225
0 0.505738880918221 0.6045272969374168 0.25107604017216645 0.15978695073235685
0 0.7395982783357246 0.5778961384820239 0.23672883787661406 0.17842876165113183
0 0.10760401721664276 0.2576564580559254 0.1750358680057389 0.17976031957390146
0 0.667144906743185 0.2623169107856192 0.12625538020086083 0.15978695073235685
0 0.10688665710186514 0.640479360852197 0.20803443328550933 0.16511318242343542
0 0.8443328550932568 0.7669773635153129 0.18794835007173602 0.1970705725699068
0 0.4784791965566714 0.24234354194407456 0.2568149210903874 0.15446071904127828
0 0.11621233859397417 0.08255659121171771 0.1836441893830703 0.16245006657789615
0 0.8242467718794835 0.2603195739014647 0.18220946915351507 0.16644474034620507
