0 0.28205128205128205 0.14470954356846474 0.41025641025641024 0.20020746887966806
0 0.5758547008547008 0.1545643153526971 0.14957264957264957 0.1887966804979253
0 0.7873931623931624 0.15300829875518673 0.24145299145299146 0.18360995850622408
0 0.14423076923076922 0.48651452282157676 0.202991452991453 0.2012448132780083
0 0.7863247863247863 0.5020746887966805 0.14316239316239315 0.1950207468879668
0 0.6030982905982906 0.5046680497925311 0.22542735042735043 0.17323651452282157
0 0.37713675213675213 0.5160788381742739 0.1987179487179487 0.1607883817427386
0 0.1346153846153846 0.6986514522821576 0.20512820512820512 0.17323651452282157
0 0.36164529914529914 0.7105809128630706 0.25747863247863245 0.1950207468879668
0 0.49786324786324787 0.3355809128630705 0.19230769230769232 0.1628630705394191
0 0.7617521367521367 0.3215767634854772 0.24358974358974358 0.15145228215767634
0 0.1485042735042735 0.31068464730290457 0.2222222222222222 0.1566390041493776
0 0.5972222222222222 0.6867219917012448 0.22435897435897437 0.1950207468879668
0 0.9097222222222222 0.4782157676348548 0.11431623931623931 0.18464730290456433
0 0.7702991452991453 0.6804979253112033 0.14102564102564102 0.16182572614107885
0 0.9166666666666666 0.6556016597510373 0.15598290598290598 0.15352697095435686
