0 0.1868583162217659 0.1701077199281867 0.18275154004106775 0.19299820466786355
0 0.4353182751540041 0.1615798922800718 0.28952772073921973 0.15978456014362658
0 0.5888090349075975 0.33303411131059246 0.14271047227926079 0.15978456014362658
0 0.7474332648870636 0.1561938958707361 0.09856262833675565 0.1651705565529623
0 0.17145790554414783 0.7136445242369839 0.21560574948665298 0.11669658886894076
0 0.16119096509240247 0.6023339317773788 0.1868583162217659 0.12926391382405744
0 0.6344969199178645 0.16337522441651706 0.12114989733059549 0.1490125673249551
0 0.3839835728952772 0.8186714542190305 0.23408624229979466 0.1310592459605027
0 0.1868583162217659 0.466786355475763 0.2464065708418891 0.1490125673249551
0 0.4286447638603696 0.47127468581687615 0.1570841889117043 0.16337522441651706
0 0.7854209445585215 0.4376122082585278 0.2751540041067762 0.14093357271095153
0 0.4296714579055442 0.6943447037701975 0.3131416837782341 0.09964093357271095
0 0.6504106776180698 0.6880610412926391 0.175564681724846 0.11220825852782765
0 0.8167351129363449 0.6840215439856373 0.17761806981519507 0.12387791741472172
0 0.4019507186858316 0.5969479353680431 0.3213552361396304 0.1059245960502693
0 0.7392197125256673 0.5754039497307002 0.13552361396303902 0.11310592459605028
0 0.9096509240246407 0.5493716337522442 0.17659137577002054 0.13824057450628366
0 0.5636550308008214 0.7868043087971275 0.10472279260780287 0.07450628366247755
0 0.6930184804928131 0.8141831238779175 0.4024640657084189 0.1561938958707361
0 0.8829568788501027 0.16606822262118492 0.17864476386036962 0.12567324955116696
0 0.7320328542094456 0.3011669658886894 0.1540041067761807 0.14093357271095153
0 0.8531827515400411 0.30296229802513464 0.13963039014373715 0.144524236983842
0 0.9502053388090349 0.30430879712746856 0.060574948665297744 0.1310592459605027
0 0.9491786447638604 0.6736983842010772 0.10574948665297741 0.12836624775583483
0 0.9373716632443532 0.7984739676840216 0.10677618069815195 0.11938958707360861
