0 0.6666666666666666 0.08408903544929926 0.14511041009463724 0.09233305853256389
0 0.13038906414300735 0.3211046990931575 0.14511041009463724 0.1079967023907667
0 0.31125131440588855 0.3107996702390767 0.231335436382755 0.15004122011541632
0 0.2928496319663512 0.09109645507007419 0.2323869610935857 0.13107996702390767
0 0.49947423764458465 0.09192085737840065 0.19348054679284962 0.1327287716405606
0 0.4116719242902208 0.708161582852432 0.17560462670872765 0.13849958779884583
0 0.7471083070452156 0.7176422093981863 0.2576235541535226 0.12943116240725475
0 0.25499474237644587 0.701154163231657 0.16298633017875921 0.14097279472382523
0 0.39169295478443744 0.5610057708161583 0.17981072555205047 0.1393239901071723
0 0.5630914826498423 0.5725474031327288 0.2113564668769716 0.1327287716405606
0 0.2202944269190326 0.5581203627370157 0.12723449001051526 0.1236603462489695
0 0.7523659305993691 0.6038746908491344 0.20294426919032596 0.13602638087386645
0 0.1440588853838065 0.4245671887881286 0.24815983175604628 0.14014839241549876
0 0.5588853838065194 0.8429513602638088 0.167192429022082 0.09315746084089035
0 0.8543638275499474 0.0952184666117065 0.21766561514195584 0.12283594394064304
0 0.14300736067297581 0.09315746084089035 0.1892744479495268 0.12860676009892827
0 0.5615141955835962 0.21640560593569663 0.138801261829653 0.09480626545754328
0 0.692429022082019 0.2147568013190437 0.12513144058885384 0.12448474855729597
0 0.823869610935857 0.2213520197856554 0.1861198738170347 0.13107996702390767
0 0.34963196635120924 0.41096455070074195 0.1398527865404837 0.0585325638911789
0 0.47003154574132494 0.4439406430338005 0.41009463722397477 0.13437757625721353
0 0.7392218717139852 0.4356966199505359 0.1640378548895899 0.09480626545754328
0 0.8927444794952681 0.466199505358615 0.1829652996845426 0.11129431162407255
0 0.9263932702418507 0.6059356966199505 0.138801261829653 0.10387469084913438
0 0.7623554153522608 0.8544929925803793 0.25236593059936907 0.11953833470733718
0 0.6950578338590957 0.9497114591920858 0.20189274447949526 0.07749381698268755
0 0.38958990536277605 0.8202802967848309 0.19242902208201892 0.09233305853256389
0 0.24605678233438485 0.813272877164056 0.12828601472134596 0.0717230008244023
0 0.11303890641430074 0.6937345424567188 0.14826498422712933 0.12943116240725475
0 0.09095688748685594 0.5568837592745259 0.1608832807570978 0.12283594394064304
0 0.7034700315457413 0.32069249793899424 0.15141955835962145 0.13520197856553998
0 0.861198738170347 0.32481450948062657 0.17665615141955837 0.09563066776586975
0 0.46109358569926395 0.32646331409727947 0.07255520504731862 0.09563066776586975
0 0.5557308096740273 0.3285243198680956 0.1398527865404837 0.11624072547403133
