0 0.19083969465648856 0.44324796274738065 0.26908396946564883 0.10069848661233993
0 0.4098282442748092 0.43538998835855647 0.16125954198473283 0.08265424912689173
0 0.15171755725190839 0.5419091967403958 0.1946564885496183 0.09429569266589057
0 0.16889312977099236 0.640279394644936 0.2099236641221374 0.0919674039580908
0 0.46087786259541985 0.6257275902211874 0.39122137404580154 0.1280558789289872
0 0.7318702290076335 0.6094295692665891 0.15458015267175573 0.09080325960419092
0 0.31774809160305345 0.050349243306169966 0.33969465648854963 0.06693830034924331
0 0.2275763358778626 0.13387660069848661 0.13072519083969467 0.08498253783469151
0 0.4689885496183206 0.12892898719441212 0.2719465648854962 0.09022118742724097
0 0.7256679389312977 0.5212456344586729 0.10209923664122138 0.08090803259604191
0 0.07967557251908397 0.06984866123399301 0.10209923664122138 0.051222351571594875
0 0.07538167938931298 0.13853317811408614 0.08206106870229007 0.05471478463329453
0 0.7662213740458015 0.12223515715948778 0.20801526717557253 0.08032596041909197
0 0.21135496183206107 0.7296274738067521 0.14790076335877864 0.110011641443539
0 0.32967557251908397 0.5308498253783469 0.11736641221374046 0.09080325960419092
0 0.38549618320610685 0.7319557625145519 0.18702290076335878 0.10069848661233993
0 0.5562977099236641 0.7255529685681025 0.15839694656488548 0.10419091967403958
0 0.7041984732824428 0.6984866123399301 0.12595419847328243 0.08614668218859138
0 0.8229961832061069 0.6990686845168801 0.12309160305343511 0.09429569266589057
0 0.9341603053435115 0.7069266589057043 0.12213740458015267 0.10768335273573923
0 0.6426526717557252 0.4327706635622817 0.31202290076335876 0.0960419091967404
0 0.8563931297709924 0.4330616996507567 0.12309160305343511 0.08963911525029103
0 0.8788167938931297 0.6038998835855646 0.1450381679389313 0.09837019790454016
