0 0.1573187414500684 0.36235595390524966 0.3009575923392613 0.14084507042253522
0 0.5554035567715458 0.676056338028169 0.19699042407660738 0.15364916773367476
0 0.8146374829001368 0.6811779769526248 0.3378932968536252 0.16389244558258642
0 0.23529411764705882 0.6920614596670934 0.08481532147742818 0.15492957746478872
0 0.08618331053351573 0.6991037131882202 0.13953488372093023 0.1792573623559539
0 0.1326949384404925 0.8482714468629962 0.2216142270861833 0.13700384122919335
0 0.3748290013679891 0.8482714468629962 0.27359781121751026 0.1677336747759283
0 0.35841313269493846 0.06145966709346991 0.4076607387140903 0.10755441741357234
0 0.6573187414500684 0.0678617157490397 0.18741450068399454 0.11011523687580026
0 0.39808481532147744 0.19782330345710628 0.25170998632010944 0.17285531370038412
0 0.7564979480164159 0.1997439180537772 0.4076607387140903 0.14852752880921896
0 0.19288645690834474 0.5243277848911652 0.16415868673050615 0.15749039692701663
0 0.7352941176470589 0.5083226632522407 0.31600547195622436 0.16901408450704225
0 0.42954856361149113 0.5128040973111395 0.3064295485636115 0.16517285531370038
0 0.08549931600547196 0.06658130601792574 0.1436388508891929 0.10243277848911651
0 0.8378932968536251 0.07426376440460948 0.18741450068399454 0.0973111395646607
0 0.780437756497948 0.3501920614596671 0.32694938440492477 0.147247119078105
0 0.948016415868673 0.5070422535211268 0.08207934336525308 0.1613316261203585
0 0.5923392612859097 0.8405889884763125 0.16142270861833105 0.1446862996158771
0 0.832421340629275 0.8348271446862996 0.32694938440492477 0.1613316261203585
0 0.05677154582763338 0.5236875800256082 0.10533515731874145 0.17157490396927016
0 0.5896032831737346 0.9622279129321383 0.18878248974008208 0.08066581306017925
0 0.7441860465116279 0.9596670934699104 0.11491108071135431 0.08578745198463508
0 0.8700410396716827 0.9609475032010243 0.12311901504787962 0.08066581306017925
0 0.3905608755129959 0.9667093469910372 0.21477428180574556 0.06914212548015365
0 0.16210670314637482 0.9654289372599232 0.23666210670314639 0.06402048655569782
