0 0.20998632010943913 0.4993887530562347 0.32694938440492477 0.13080684596577016
0 0.1238030095759234 0.7817848410757946 0.18741450068399454 0.12102689486552567
0 0.09712722298221614 0.2041564792176039 0.106703146374829 0.1100244498777506
0 0.2763337893296854 0.21638141809290953 0.25718194254445964 0.15892420537897312
0 0.4794801641586867 0.19926650366748166 0.18741450068399454 0.13447432762836187
0 0.12517099863201095 0.6650366748166259 0.146374829001368 0.13447432762836187
0 0.6922024623803009 0.19682151589242053 0.24350205198358413 0.1393643031784841
0 0.5512995896032832 0.5177261613691931 0.3283173734610123 0.17726161369193155
0 0.8214774281805746 0.5226161369193154 0.20930232558139536 0.16992665036674817
0 0.9616963064295485 0.523838630806846 0.07113543091655267 0.1625916870415648
0 0.8864569083447332 0.21332518337408313 0.18331053351573187 0.13080684596577016
0 0.6053351573187414 0.34535452322738386 0.2968536251709986 0.17726161369193155
0 0.8543091655266758 0.35207823960880197 0.2667578659370725 0.17114914425427874
0 0.8693570451436389 0.0843520782396088 0.17920656634746923 0.1295843520782396
0 0.6997264021887825 0.08557457212713937 0.18194254445964433 0.10757946210268948
0 0.3755129958960328 0.6705378973105135 0.2777017783857729 0.12591687041564792
0 0.542407660738714 0.06845965770171149 0.17099863201094392 0.09290953545232274
0 0.32079343365253077 0.06845965770171149 0.2913816689466484 0.09290953545232274
0 0.12448700410396717 0.07334963325183375 0.14500683994528044 0.08557457212713937
0 0.30506155950752395 0.7921760391198044 0.18331053351573187 0.1100244498777506
0 0.6997264021887825 0.7915647921760391 0.09712722298221614 0.1430317848410758
0 0.826265389876881 0.7469437652811736 0.11764705882352941 0.07090464547677261
0 0.07113543091655267 0.9431540342298288 0.12038303693570451 0.09168704156479218
0 0.2359781121751026 0.9559902200488998 0.18741450068399454 0.06845965770171149
0 0.8488372093023255 0.7744498777506112 0.19015047879616964 0.16014669926650366
0 0.9596443228454172 0.7634474327628362 0.06155950752393981 0.11858190709046455
