0 0.4023702031602709 0.1808300395256917 0.19074492099322798 0.1482213438735178
0 0.14841986455981943 0.18972332015810275 0.08465011286681716 0.11857707509881422
0 0.7849887133182845 0.33695652173913043 0.24717832957110608 0.13636363636363635
0 0.154627539503386 0.8013833992094862 0.18510158013544017 0.15810276679841898
0 0.3442437923250564 0.799407114624506 0.20090293453724606 0.17984189723320157
0 0.5564334085778782 0.7875494071146245 0.20090293453724606 0.19367588932806323
0 0.8126410835214447 0.7816205533596838 0.30699774266365687 0.18774703557312253
0 0.8459367945823928 0.17292490118577075 0.20428893905191872 0.17391304347826086
0 0.6123024830699775 0.17094861660079053 0.19074492099322798 0.17786561264822134
0 0.7054176072234764 0.4683794466403162 0.18284424379232506 0.1383399209486166
0 0.5293453724604966 0.4733201581027668 0.16930022573363432 0.11067193675889328
0 0.5259593679458239 0.3364624505928854 0.27313769751693 0.15711462450592886
0 0.24774266365688488 0.3364624505928854 0.3036117381489842 0.17094861660079053
0 0.8961625282167043 0.45207509881422925 0.19187358916478556 0.13537549407114624
0 0.7928893905191874 0.6072134387351779 0.172686230248307 0.16304347826086957
0 0.13318284424379231 0.4980237154150198 0.16930022573363432 0.17588932806324112
0 0.32336343115124155 0.4733201581027668 0.2381489841986456 0.11067193675889328
0 0.5129796839729119 0.6205533596837944 0.23589164785553046 0.16205533596837945
0 0.21670428893905191 0.6363636363636364 0.36794582392776526 0.191699604743083
