0 0.6650485436893204 0.22916666666666666 0.20819848975188782 0.1268939393939394
0 0.8678532901833873 0.2178030303030303 0.20604099244875945 0.13636363636363635
0 0.35490830636461707 0.22253787878787878 0.2891046386192017 0.1534090909090909
0 0.14401294498381878 0.22443181818181818 0.13268608414239483 0.1534090909090909
0 0.15911542610571736 0.05587121212121212 0.15210355987055016 0.08522727272727272
0 0.32470334412081986 0.052556818181818184 0.1574973031283711 0.10511363636363637
0 0.5048543689320388 0.057291666666666664 0.18985976267529667 0.08617424242424243
0 0.668824163969795 0.057291666666666664 0.1488673139158576 0.08428030303030302
0 0.8327939590075513 0.06581439393939394 0.18770226537216828 0.11268939393939394
0 0.2087378640776699 0.37547348484848486 0.2707659115426106 0.12026515151515152
0 0.4482200647249191 0.3650568181818182 0.2319309600862999 0.1278409090909091
0 0.6429341963322546 0.36174242424242425 0.18122977346278318 0.13825757575757575
0 0.8160733549083063 0.35984848484848486 0.1650485436893204 0.14772727272727273
0 0.9444444444444444 0.32386363636363635 0.08090614886731391 0.11742424242424243
0 0.1423948220064725 0.4640151515151515 0.11003236245954692 0.07386363636363637
0 0.25080906148867316 0.5037878787878788 0.43042071197411 0.1571969696969697
0 0.5717367853290184 0.5075757575757576 0.23948220064724918 0.13636363636363635
0 0.33495145631067963 0.6510416666666666 0.20819848975188782 0.1278409090909091
0 0.5102481121898598 0.6415719696969697 0.17475728155339806 0.12215909090909091
0 0.7540453074433657 0.6306818181818182 0.30852211434735705 0.13446969696969696
0 0.9552319309600863 0.6193181818181818 0.09385113268608414 0.11174242424242424
0 0.19363538295577132 0.7713068181818182 0.2535059331175836 0.12973484848484848
0 0.4255663430420712 0.7713068181818182 0.2297734627831715 0.10890151515151515
0 0.6612729234088457 0.7618371212121212 0.19848975188781015 0.1278409090909091
0 0.8522114347357066 0.7339015151515151 0.19848975188781015 0.11363636363636363
0 0.8403451995685005 0.5018939393939394 0.3193096008629989 0.13257575757575757
0 0.1407766990291262 0.6515151515151515 0.19093851132686085 0.11742424242424243
