0 0.6156798245614035 0.10268562401263823 0.12171052631578948 0.10584518167456557
0 0.774671052631579 0.11018957345971564 0.18311403508771928 0.1018957345971564
0 0.9194078947368421 0.1018957345971564 0.10855263157894737 0.09320695102685624
0 0.43256578947368424 0.5193522906793049 0.13486842105263158 0.10347551342812006
0 0.5482456140350878 0.5173775671406003 0.08771929824561403 0.0679304897314376
0 0.49451754385964913 0.6101895734597157 0.08991228070175439 0.09083728278041074
0 0.2987938596491228 0.5229067930489731 0.13706140350877194 0.08056872037914692
0 0.06853070175438597 0.8641390205371248 0.11293859649122807 0.07109004739336493
0 0.11513157894736842 0.7910742496050553 0.17324561403508773 0.0924170616113744
0 0.40789473684210525 0.7843601895734598 0.10964912280701754 0.06951026856240126
0 0.6271929824561403 0.7934439178515008 0.10964912280701754 0.09399684044233807
0 0.47039473684210525 0.20063191153238547 0.18421052631578946 0.0995260663507109
0 0.13541666666666666 0.3882306477093207 0.0800438596491228 0.09083728278041074
0 0.05592105263157895 0.38941548183254343 0.08991228070175439 0.08846761453396525
0 0.7889254385964912 0.5075039494470774 0.15460526315789475 0.08293838862559241
0 0.4994517543859649 0.8704581358609794 0.1699561403508772 0.0995260663507109
0 0.12335526315789473 0.9360189573459715 0.1611842105263158 0.0679304897314376
0 0.08223684210526316 0.6169036334913112 0.14692982456140352 0.10110584518167456
0 0.631578947368421 0.6090047393364929 0.16447368421052633 0.0947867298578199
0 0.7976973684210527 0.6062401263823065 0.17214912280701755 0.10031595576619273
0 0.40460526315789475 0.943127962085308 0.12719298245614036 0.05845181674565561
0 0.7116228070175439 0.9423380726698263 0.13815789473684212 0.06951026856240126
0 0.7648026315789473 0.2839652448657188 0.23793859649122806 0.10031595576619273
0 0.20668859649122806 0.7010268562401264 0.11293859649122807 0.0971563981042654
0 0.8706140350877193 0.7665876777251185 0.10964912280701754 0.07187993680884676
0 0.19353070175438597 0.867693522906793 0.13925438596491227 0.08293838862559241
0 0.3355263157894737 0.7049763033175356 0.14473684210526316 0.09399684044233807
0 0.08168859649122807 0.688783570300158 0.12390350877192982 0.04739336492890995
0 0.8870614035087719 0.8518957345971564 0.16228070175438597 0.08609794628751975
0 0.9424342105263158 0.5063191153238547 0.06469298245614036 0.07266982622432859
0 0.25274122807017546 0.396129541864139 0.1611842105263158 0.0924170616113744
0 0.5356359649122807 0.2989731437598736 0.08223684210526316 0.09083728278041074
0 0.40625 0.3029225908372828 0.1699561403508772 0.1066350710900474
0 0.24945175438596492 0.2989731437598736 0.14802631578947367 0.10821484992101106
0 0.13925438596491227 0.30055292259083727 0.11403508771929824 0.0924170616113744
0 0.05043859649122807 0.3084518167456556 0.07017543859649122 0.07345971563981042
0 0.4194078947368421 0.38981042654028436 0.1699561403508772 0.09083728278041074
0 0.819078947368421 0.3732227488151659 0.15789473684210525 0.1066350710900474
0 0.29276315789473684 0.608214849921011 0.2807017543859649 0.09320695102685624
0 0.6206140350877193 0.8605845181674565 0.07456140350877193 0.06872037914691943
0 0.10800438596491228 0.13981042654028436 0.17434210526315788 0.08530805687203792
0 0.33881578947368424 0.11058451816745656 0.3048245614035088 0.11532385466034756
0 0.6441885964912281 0.2037914691943128 0.16337719298245615 0.08846761453396525
0 0.8914473684210527 0.5071090047393365 0.05263157894736842 0.06477093206951026
0 0.3020833333333333 0.20458135860979462 0.18311403508771928 0.08530805687203792
0 0.46984649122807015 0.7065560821484992 0.12609649122807018 0.08767772511848342
0 0.06140350877192982 0.22472353870458137 0.10526315789473684 0.10505529225908374
0 0.34868421052631576 0.8669036334913112 0.13815789473684212 0.08925750394944708
0 0.7160087719298246 0.8665086887835703 0.10087719298245613 0.08530805687203792
0 0.8322368421052632 0.7033965244865719 0.1118421052631579 0.09399684044233807
0 0.9358552631578947 0.693127962085308 0.12609649122807018 0.09557661927330174
0 0.9418859649122807 0.59913112164297 0.09210526315789473 0.08767772511848342
0 0.6452850877192983 0.5154028436018957 0.10635964912280702 0.07345971563981042
0 0.06633771929824561 0.5288309636650869 0.09100877192982457 0.07819905213270142
0 0.16611842105263158 0.5244865718799369 0.12171052631578948 0.07898894154818326
0 0.15296052631578946 0.21287519747235387 0.10635964912280702 0.08135860979462875
0 0.7966008771929824 0.19233807266982622 0.15679824561403508 0.08925750394944708
0 0.9210526315789473 0.1915481832543444 0.10087719298245613 0.08925750394944708
0 0.6074561403508771 0.7065560821484992 0.1600877192982456 0.08293838862559241
0 0.731359649122807 0.7057661927330173 0.09210526315789473 0.08451816745655608
0 0.19956140350877194 0.9774881516587678 0.08771929824561403 0.04028436018957346
0 0.6233552631578947 0.9782780410742496 0.19188596491228072 0.035545023696682464
