0 0.1360842844600527 0.09636222910216719 0.11940298507462686 0.13390092879256965
0 0.6259877085162423 0.07314241486068111 0.14223002633889376 0.1044891640866873
0 0.43327480245829675 0.07198142414860681 0.218612818261633 0.10681114551083591
0 0.061457418788410885 0.22794117647058823 0.07374890254609306 0.10294117647058823
0 0.26382791922739246 0.44311145510835914 0.09218612818261633 0.09674922600619196
0 0.14398595258999122 0.4485294117647059 0.13169446883230904 0.09829721362229102
0 0.05662862159789289 0.5793343653250774 0.06935908691834942 0.0998452012383901
0 0.08472344161545214 0.9071207430340558 0.07638279192273925 0.10061919504643962
0 0.2067603160667252 0.9175696594427245 0.15539947322212466 0.11687306501547988
0 0.11369622475856014 0.7960526315789473 0.17822651448639157 0.11842105263157894
0 0.2857769973661106 0.7968266253869969 0.17120280948200176 0.11996904024767802
0 0.6769095697980685 0.4280185758513932 0.10359964881474978 0.0804953560371517
0 0.7699736611062336 0.43072755417956654 0.06672519754170325 0.09210526315789473
0 0.6922739244951712 0.9179566563467493 0.19402985074626866 0.11919504643962849
0 0.8546971027216856 0.7790247678018576 0.18173836698858647 0.13080495356037153
0 0.1527655838454785 0.576625386996904 0.12818261633011413 0.11145510835913312
0 0.291044776119403 0.5611455108359134 0.15364354697102722 0.10681114551083591
0 0.13476733977172958 0.3424922600619195 0.21334503950834066 0.10603715170278638
0 0.39508340649692714 0.3301083591331269 0.2704126426690079 0.1044891640866873
0 0.6913959613696224 0.32159442724458204 0.28182616330114135 0.09520123839009288
0 0.5311676909569798 0.9187306501547987 0.1299385425812116 0.12538699690402477
0 0.36479367866549606 0.9164086687306502 0.16769095697980685 0.11455108359133127
0 0.33713784021071114 0.20472136222910217 0.20368744512730466 0.13080495356037153
0 0.16637401229148377 0.22291021671826625 0.1466198419666374 0.11609907120743033
0 0.5188762071992976 0.20317337461300308 0.1562774363476734 0.08591331269349846
0 0.568920105355575 0.6671826625386997 0.14223002633889376 0.12074303405572756
0 0.6922739244951712 0.663312693498452 0.11150131694468832 0.12074303405572756
0 0.8226514486391572 0.21323529411764705 0.08604038630377524 0.11377708978328173
0 0.4925373134328358 0.7952786377708978 0.2546093064091308 0.12616099071207432
0 0.6843722563652327 0.7832817337461301 0.14135206321334504 0.12538699690402477
0 0.3568920105355575 0.44427244582043346 0.09920983318700614 0.10681114551083591
0 0.5153643546971027 0.4392414860681115 0.2212467076382792 0.11377708978328173
0 0.40956979806848115 0.5696594427244582 0.09218612818261633 0.10526315789473684
0 0.5228270412642669 0.5661764705882353 0.1431079894644425 0.09520123839009288
0 0.7870939420544337 0.6524767801857585 0.08340649692712906 0.07739938080495357
0 0.8946444249341527 0.6478328173374613 0.13520632133450394 0.10371517027863777
0 0.6900790166812993 0.19078947368421054 0.17559262510974538 0.08281733746130031
0 0.9240561896400351 0.22794117647058823 0.1237928007023705 0.12925696594427244
0 0.8340649692712906 0.07739938080495357 0.08077260755048288 0.10681114551083591
0 0.25021949078138717 0.07430340557275542 0.1264266900790167 0.12229102167182662
0 0.742756804214223 0.07198142414860681 0.10359964881474978 0.10681114551083591
0 0.8731343283582089 0.43227554179566563 0.12203687445127305 0.09674922600619196
0 0.05179982440737489 0.45897832817337464 0.08604038630377524 0.1021671826625387
0 0.9692712906057945 0.4330495356037152 0.07023705004389816 0.12616099071207432
0 0.9231782265144864 0.0804953560371517 0.09569798068481124 0.11764705882352941
