0 0.11312849162011174 0.10824345146379044 0.13314711359404097 0.13482280431432975
0 0.24534450651769088 0.09899845916795069 0.14804469273743018 0.15639445300462249
0 0.05307262569832402 0.5520030816640986 0.08193668528864059 0.12249614791987673
0 0.06052141527001862 0.6768104776579353 0.09683426443202979 0.1332819722650231
0 0.18016759776536312 0.6679506933744221 0.1424581005586592 0.12788906009244994
0 0.14990689013035383 0.7850539291217258 0.28677839851024206 0.10939907550077041
0 0.164804469273743 0.5404468412942989 0.14152700186219738 0.12249614791987673
0 0.33054003724394787 0.5423728813559322 0.1713221601489758 0.10323574730354391
0 0.3621973929236499 0.6556240369799692 0.16201117318435754 0.12172573189522343
0 0.5488826815642458 0.6652542372881356 0.20204841713221602 0.11016949152542373
0 0.47113594040968343 0.5635593220338984 0.10242085661080075 0.10708782742681047
0 0.4408752327746741 0.0970724191063174 0.2579143389199255 0.14946070878274267
0 0.6517690875232774 0.08782742681047766 0.18808193668528864 0.11248073959938366
0 0.13128491620111732 0.30315870570107856 0.19925512104283055 0.1332819722650231
0 0.547951582867784 0.31394453004622497 0.18156424581005587 0.10708782742681047
0 0.707169459962756 0.3100924499229584 0.11824953445065177 0.11633281972265024
0 0.11312849162011174 0.44144838212634824 0.15735567970204842 0.10015408320493066
0 0.2988826815642458 0.44722650231124805 0.19366852886405958 0.10554699537750385
0 0.6354748603351955 0.5419876733436055 0.22439478584729983 0.13174114021571648
0 0.7942271880819367 0.5323574730354391 0.1154562383612663 0.12480739599383667
0 0.7886405959031657 0.6521571648690293 0.26629422718808193 0.12865947611710324
0 0.37011173184357543 0.7692604006163328 0.14432029795158285 0.1147919876733436
0 0.5516759776536313 0.7588597842835131 0.20949720670391062 0.11248073959938366
0 0.7579143389199255 0.7692604006163328 0.19925512104283055 0.09322033898305085
0 0.4920856610800745 0.8601694915254238 0.11452513966480447 0.10554699537750385
0 0.6401303538175046 0.8617103235747303 0.18342644320297952 0.09784283513097072
0 0.37756052141527 0.9580123266563945 0.2430167597765363 0.07781201848998459
0 0.30353817504655495 0.29468412942989214 0.09124767225325885 0.07935285053929121
0 0.3477653631284916 0.326271186440678 0.2206703910614525 0.150231124807396
0 0.5400372439478585 0.43721109399075503 0.2271880819366853 0.12403697996918336
0 0.7565176908752328 0.4194915254237288 0.20204841713221602 0.11171032357473036
0 0.9059590316573557 0.5269645608628659 0.14152700186219738 0.1140215716486903
0 0.13175046554934824 0.9522342064714946 0.20204841713221602 0.0847457627118644
0 0.8133147113594041 0.8663328197226502 0.10893854748603352 0.10708782742681047
0 0.49162011173184356 0.20223420647149462 0.23649906890130354 0.09938366718027734
0 0.7257914338919925 0.19684129429892142 0.2206703910614525 0.11787365177195686
0 0.5935754189944135 0.9568567026194145 0.19832402234636873 0.08628659476117104
0 0.7355679702048417 0.9637904468412943 0.1191806331471136 0.07395993836671803
0 0.87243947858473 0.9560862865947611 0.16387337057728119 0.08012326656394453
