0 0.10012919896640828 0.03363141524105754 0.11369509043927649 0.052488335925349926
0 0.20897932816537468 0.030715396578538102 0.0962532299741602 0.04432348367029549
0 0.07138242894056848 0.8182348367029549 0.1298449612403101 0.06026438569206843
0 0.4218346253229974 0.817457231726283 0.12919896640826872 0.04704510108864697
0 0.30910852713178294 0.8207620528771384 0.09496124031007752 0.05132192846034215
0 0.37370801033591733 0.9459564541213064 0.2603359173126615 0.06998444790046657
0 0.10465116279069768 0.6036158631415242 0.18992248062015504 0.08359253499222395
0 0.43410852713178294 0.5902021772939346 0.15503875968992248 0.0583203732503888
0 0.07493540051679587 0.9467340590979783 0.13049095607235142 0.04743390357698289
0 0.06459948320413436 0.6780715396578538 0.1020671834625323 0.06220839813374806
0 0.1650516795865633 0.682348367029549 0.09237726098191215 0.06220839813374806
0 0.24838501291989665 0.6800155520995335 0.09108527131782945 0.07153965785381027
0 0.21705426356589147 0.8878304821150855 0.10852713178294573 0.052488335925349926
0 0.2877906976744186 0.7534992223950233 0.11046511627906977 0.07465007776049767
0 0.437015503875969 0.7468895800933126 0.13242894056847546 0.08009331259720062
0 0.1088501291989664 0.7531104199066874 0.19444444444444445 0.06920684292379471
0 0.11434108527131782 0.09506220839813374 0.17183462532299743 0.06181959564541213
0 0.436046511627907 0.09097978227060653 0.11498708010335917 0.04510108864696734
0 0.09043927648578812 0.15649300155520995 0.12919896640826872 0.041601866251944015
0 0.3643410852713178 0.2834370139968896 0.08914728682170543 0.053654743390357695
0 0.2177002583979328 0.36003110419906686 0.12403100775193798 0.049766718506998445
0 0.07170542635658915 0.29704510108864696 0.09948320413436693 0.05598755832037325
0 0.07202842377260982 0.36644634525660963 0.12209302325581395 0.05015552099533437
0 0.17958656330749354 0.2892690513219285 0.12661498708010335 0.061430793157076204
0 0.28068475452196384 0.20664852255054433 0.13242894056847546 0.041601866251944015
0 0.4509043927648579 0.20820373250388802 0.13953488372093023 0.046267496111975115
0 0.12403100775193798 0.22414463452566097 0.17829457364341086 0.05870917573872473
0 0.059431524547803614 0.43157076205287714 0.08397932816537468 0.04432348367029549
0 0.43863049095607237 0.348755832037325 0.14082687338501293 0.06687402799377916
0 0.15374677002583978 0.4302099533437014 0.10852713178294573 0.04704510108864697
0 0.26776485788113696 0.4311819595645412 0.11175710594315245 0.0645412130637636
0 0.28036175710594313 0.2838258164852255 0.09560723514211886 0.06376360808709176
0 0.5739664082687338 0.16951788491446346 0.08979328165374677 0.06220839813374806
0 0.7241602067183462 0.17573872472783825 0.16925064599483206 0.07076205287713841
0 0.7351421188630491 0.10730948678071539 0.24031007751937986 0.06298600311041991
0 0.8627260981912145 0.45645412130637636 0.19444444444444445 0.07698289269051321
0 0.6111111111111112 0.4484836702954899 0.1821705426356589 0.06104199066874028
0 0.850452196382429 0.3823872472783826 0.2280361757105943 0.06726283048211508
0 0.6321059431524548 0.3849144634525661 0.23837209302325582 0.08942457231726283
0 0.3846899224806202 0.8689735614307932 0.14276485788113696 0.07153965785381027
0 0.3853359173126615 0.034797822706065316 0.25 0.05559875583203733
0 0.2713178294573643 0.5069984447900466 0.12661498708010335 0.059875583203732506
0 0.4189276485788114 0.5042768273716952 0.1686046511627907 0.059875583203732506
0 0.19541343669250646 0.8258164852255054 0.11434108527131782 0.07076205287713841
0 0.4738372093023256 0.2822706065318818 0.11046511627906977 0.05287713841368585
0 0.34366925064599485 0.6671850699844479 0.1111111111111111 0.06376360808709176
0 0.457687338501292 0.6685458786936236 0.11950904392764858 0.07115085536547434
0 0.7503229974160207 0.03713063763608087 0.20219638242894056 0.05482115085536547
0 0.9043927648578811 0.038102643856920686 0.11498708010335917 0.0583203732503888
0 0.587532299741602 0.03343701399688958 0.1298449612403101 0.05054432348367029
0 0.5658914728682171 0.10944790046656298 0.10077519379844961 0.056376360808709176
0 0.9211886304909561 0.10750388802488337 0.09819121447028424 0.06570762052877138
0 0.5778423772609819 0.2937402799377916 0.1078811369509044 0.06415241057542768
0 0.36983204134366926 0.4230171073094868 0.0962532299741602 0.052099533437014
0 0.4667312661498708 0.4309875583203733 0.11434108527131782 0.07192846034214619
