0 0.19528619528619529 0.35833333333333334 0.2962962962962963 0.17424242424242425
0 0.18602693602693604 0.7128787878787879 0.2845117845117845 0.1590909090909091
0 0.117003367003367 0.5318181818181819 0.20033670033670034 0.16666666666666666
0 0.3779461279461279 0.5318181818181819 0.3114478114478115 0.17575757575757575
0 0.6254208754208754 0.5113636363636364 0.18686868686868688 0.1590909090909091
0 0.494949494949495 0.8598484848484849 0.21885521885521886 0.15606060606060607
0 0.6801346801346801 0.8621212121212121 0.1447811447811448 0.15454545454545454
0 0.8257575757575758 0.8371212121212122 0.14983164983164984 0.15303030303030302
0 0.4494949494949495 0.7083333333333334 0.24915824915824916 0.1590909090909091
0 0.8097643097643098 0.49318181818181817 0.21548821548821548 0.1712121212121212
0 0.936026936026936 0.4856060606060606 0.07407407407407407 0.1590909090909091
0 0.7045454545454546 0.34015151515151515 0.3720538720538721 0.17424242424242425
0 0.6531986531986532 0.6840909090909091 0.16161616161616163 0.13787878787878788
0 0.8308080808080808 0.6765151515151515 0.20707070707070707 0.13484848484848486
0 0.21043771043771045 0.8651515151515151 0.3501683501683502 0.1606060606060606
0 0.9427609427609428 0.8348484848484848 0.08754208754208755 0.13636363636363635
