0 0.13916876574307305 0.7483766233766234 0.25566750629722923 0.14177489177489178
0 0.1530226700251889 0.05140692640692641 0.18261964735516373 0.08333333333333333
0 0.12405541561712846 0.24675324675324675 0.1952141057934509 0.10822510822510822
0 0.29345088161209065 0.2532467532467532 0.14609571788413098 0.11688311688311688
0 0.906801007556675 0.3474025974025974 0.14357682619647355 0.14502164502164502
0 0.8986146095717884 0.4583333333333333 0.12468513853904283 0.10714285714285714
0 0.906801007556675 0.5735930735930735 0.14357682619647355 0.1406926406926407
0 0.3709068010075567 0.6260822510822511 0.15239294710327456 0.14393939393939395
0 0.09949622166246852 0.6190476190476191 0.15869017632241814 0.11904761904761904
0 0.3690176322418136 0.7527056277056277 0.20906801007556675 0.14826839826839827
0 0.610831234256927 0.7213203463203464 0.27455919395465994 0.1461038961038961
0 0.8734256926952141 0.6985930735930735 0.24307304785894207 0.15043290043290045
0 0.095088161209068 0.887987012987013 0.13476070528967254 0.12229437229437229
0 0.24874055415617127 0.8777056277056277 0.13727959697732997 0.08441558441558442
0 0.3608312342569269 0.8831168831168831 0.09697732997481108 0.12554112554112554
0 0.5195214105793451 0.8593073593073594 0.23299748110831234 0.12554112554112554
0 0.7846347607052897 0.8425324675324676 0.3047858942065491 0.15476190476190477
0 0.5346347607052897 0.4908008658008658 0.28337531486146095 0.13095238095238096
0 0.2777078085642317 0.4935064935064935 0.1473551637279597 0.13203463203463203
0 0.1070528967254408 0.5054112554112554 0.19395465994962216 0.12554112554112554
0 0.5969773299748111 0.3685064935064935 0.17884130982367757 0.13095238095238096
0 0.47732997481108314 0.24675324675324675 0.2367758186397985 0.13203463203463203
0 0.7071788413098237 0.23809523809523808 0.2304785894206549 0.13203463203463203
0 0.7783375314861462 0.13041125541125542 0.29219143576826195 0.10064935064935066
0 0.5390428211586902 0.12337662337662338 0.1889168765743073 0.11688311688311688
0 0.29974811083123426 0.13095238095238096 0.28211586901763225 0.11904761904761904
0 0.0982367758186398 0.14502164502164502 0.14357682619647355 0.11255411255411256
0 0.7978589420654912 0.041666666666666664 0.13224181360201512 0.07467532467532467
0 0.6114609571788413 0.03571428571428571 0.1801007556675063 0.07142857142857142
0 0.3822418136020151 0.04004329004329004 0.2783375314861461 0.07792207792207792
0 0.09760705289672544 0.3787878787878788 0.1624685138539043 0.1341991341991342
0 0.36397984886649876 0.37283549783549785 0.3022670025188917 0.1266233766233766
