0 0.08630527817403709 0.13454317897371715 0.17261055634807418 0.18397997496871088
0 0.24108416547788872 0.1357947434292866 0.14265335235378032 0.18648310387984982
0 0.4992867332382311 0.16082603254067585 0.2253922967189729 0.20150187734668334
0 0.7061340941512125 0.17521902377972465 0.20827389443651925 0.18272841051314143
0 0.14122681883024252 0.8898623279098874 0.19686162624821682 0.15018773466833543
0 0.38231098430813126 0.8886107634543179 0.20256776034236804 0.16520650813516896
0 0.6982881597717546 0.8529411764705882 0.3751783166904422 0.18648310387984982
0 0.7310984308131241 0.33291614518147683 0.15549215406562053 0.13516896120150187
0 0.9336661911554922 0.47684605757196497 0.1326676176890157 0.17772215269086358
0 0.9015691868758916 0.17459324155193992 0.1768901569186876 0.18147684605757197
0 0.6590584878744651 0.47058823529411764 0.4165477888730385 0.18773466833541927
0 0.848074179743224 0.6695869837296621 0.16690442225392296 0.18272841051314143
