0 0.8242424242424242 0.5607235142118863 0.21212121212121213 0.18087855297157623
0 0.6037878787878788 0.5691214470284238 0.21666666666666667 0.1821705426356589
0 0.15075757575757576 0.7409560723514211 0.25303030303030305 0.15891472868217055
0 0.403030303030303 0.7332041343669251 0.2727272727272727 0.1847545219638243
0 0.1856060606060606 0.2248062015503876 0.32272727272727275 0.15503875968992248
0 0.803030303030303 0.21124031007751937 0.2 0.12790697674418605
0 0.696969696969697 0.060723514211886306 0.4727272727272727 0.13178294573643412
0 0.19090909090909092 0.06459948320413436 0.27575757575757576 0.1343669250645995
0 0.10984848484848485 0.5658914728682171 0.19242424242424241 0.18087855297157623
0 0.3477272727272727 0.560077519379845 0.29545454545454547 0.19509043927648578
0 0.8166666666666667 0.8572351421188631 0.19090909090909092 0.18733850129198967
0 0.6007575757575757 0.8882428940568475 0.2590909090909091 0.1640826873385013
0 0.8696969696969697 0.7209302325581395 0.2606060606060606 0.1421188630490956
0 0.6348484848484849 0.7325581395348837 0.22121212121212122 0.15503875968992248
