0 0.15691489361702127 0.11414048059149723 0.15638297872340426 0.0988909426987061
0 0.5367021276595745 0.12014787430683918 0.13297872340425532 0.13493530499075784
0 0.4409574468085106 0.2666358595194085 0.22446808510638297 0.16543438077634012
0 0.16595744680851063 0.4357670979667283 0.21914893617021278 0.16913123844731978
0 0.6404255319148936 0.40526802218114605 0.20638297872340425 0.16728280961182995
0 0.6372340425531915 0.2573937153419593 0.11702127659574468 0.13585951940850277
0 0.7909574468085107 0.25 0.12659574468085105 0.13955637707948243
0 0.1819148936170213 0.890018484288355 0.16595744680851063 0.14972273567467653
0 0.3617021276595745 0.878003696857671 0.14042553191489363 0.1645101663585952
0 0.5324468085106383 0.8484288354898336 0.16489361702127658 0.12199630314232902
0 0.7813829787234042 0.8581330868761553 0.3180851063829787 0.14510166358595195
0 0.6829787234042554 0.11598890942698706 0.16808510638297872 0.14325323475046212
0 0.8606382978723405 0.10905730129390019 0.18723404255319148 0.14048059149722736
0 0.37553191489361704 0.12615526802218113 0.2 0.11922365988909427
0 0.1946808510638298 0.2643253234750462 0.26382978723404255 0.17375231053604437
0 0.4 0.4399260628465804 0.26170212765957446 0.17744916820702403
0 0.874468085106383 0.3927911275415896 0.20638297872340425 0.1589648798521257
0 0.25638297872340426 0.5970425138632163 0.3 0.14602587800369685
0 0.5547872340425531 0.5762476894639557 0.2542553191489362 0.13955637707948243
0 0.8276595744680851 0.5609981515711645 0.23191489361702128 0.1534195933456562
0 0.19893617021276597 0.7407578558225508 0.20851063829787234 0.1414048059149723
0 0.40904255319148936 0.7259704251386322 0.20106382978723406 0.14325323475046212
0 0.6053191489361702 0.711645101663586 0.20851063829787234 0.15157116451016636
0 0.8021276595744681 0.7130314232902033 0.14042553191489363 0.1377079482439926
0 0.9223404255319149 0.7125693160813309 0.1148936170212766 0.1367837338262477
