0 0.16822916666666668 0.06790744466800805 0.140625 0.11569416498993963
0 0.446875 0.05985915492957746 0.26875 0.1096579476861167
0 0.7369791666666666 0.0658953722334004 0.25729166666666664 0.11971830985915492
0 0.9192708333333334 0.07293762575452717 0.11770833333333333 0.12977867203219315
0 0.15677083333333333 0.20020120724346077 0.16354166666666667 0.18108651911468812
0 0.37135416666666665 0.1936619718309859 0.21770833333333334 0.15392354124748492
0 0.5661458333333333 0.19718309859154928 0.165625 0.18108651911468812
0 0.7609375 0.18309859154929578 0.23020833333333332 0.15694164989939638
0 0.4828125 0.33551307847082495 0.16979166666666667 0.1720321931589537
0 0.7119791666666667 0.35311871227364183 0.18645833333333334 0.18309859154929578
0 0.8947916666666667 0.352112676056338 0.19166666666666668 0.18108651911468812
0 0.109375 0.6725352112676056 0.17708333333333334 0.17806841046277666
0 0.36666666666666664 0.7012072434607646 0.15833333333333333 0.15492957746478872
0 0.6385416666666667 0.6830985915492958 0.3145833333333333 0.19114688128772636
0 0.8770833333333333 0.7002012072434608 0.17708333333333334 0.16700201207243462
0 0.19270833333333334 0.8485915492957746 0.3 0.16398390342052313
0 0.4505208333333333 0.8606639839034205 0.159375 0.15392354124748492
0 0.634375 0.8460764587525151 0.1875 0.17303822937625754
0 0.8359375 0.8626760563380281 0.19479166666666667 0.14989939637826963
