0 0.20758620689655172 0.03407118055555555 0.09655172413793103 0.047309027777777776
0 0.2824137931034483 0.030815972222222224 0.07379310344827586 0.04600694444444445
0 0.38241379310344825 0.028645833333333332 0.10413793103448275 0.03993055555555555
0 0.46793103448275863 0.028211805555555556 0.07517241379310345 0.044270833333333336
0 0.04862068965517241 0.033203125 0.07379310344827586 0.05251736111111111
0 0.04931034482758621 0.11805555555555555 0.0696551724137931 0.05555555555555555
0 0.044137931034482755 0.1694878472222222 0.05931034482758621 0.05078125
0 0.04931034482758621 0.2228732638888889 0.05724137931034483 0.062065972222222224
0 0.1103448275862069 0.11328125 0.06206896551724138 0.051215277777777776
0 0.18344827586206897 0.1095920138888889 0.08551724137931034 0.054253472222222224
0 0.426551724137931 0.10503472222222222 0.1386206896551724 0.04513888888888889
0 0.10517241379310345 0.16514756944444445 0.05862068965517241 0.053385416666666664
0 0.21344827586206896 0.1605902777777778 0.13034482758620689 0.051215277777777776
0 0.31103448275862067 0.15907118055555555 0.06482758620689655 0.05251736111111111
0 0.4210344827586207 0.14973958333333334 0.1510344827586207 0.049479166666666664
0 0.12758620689655173 0.21809895833333334 0.09517241379310344 0.05685763888888889
0 0.21068965517241378 0.2124565972222222 0.05586206896551724 0.05859375
0 0.34172413793103446 0.20616319444444445 0.04758620689655172 0.059027777777777776
0 0.39586206896551723 0.205078125 0.060689655172413794 0.062065972222222224
0 0.4627586206896552 0.2016059027777778 0.07310344827586207 0.0646701388888889
0 0.4144827586206897 0.06163194444444445 0.12689655172413794 0.03732638888888889
0 0.04689655172413793 0.423828125 0.060689655172413794 0.055121527777777776
0 0.09482758620689655 0.4184027777777778 0.04758620689655172 0.059027777777777776
0 0.15 0.4153645833333333 0.08206896551724138 0.058159722222222224
0 0.35379310344827586 0.328125 0.09517241379310344 0.07291666666666667
0 0.4586206896551724 0.3170572916666667 0.08275862068965517 0.06380208333333333
0 0.14758620689655172 0.3307291666666667 0.15310344827586206 0.08680555555555555
0 0.5813793103448276 0.20421006944444445 0.1503448275862069 0.07161458333333333
0 0.5506896551724138 0.13411458333333334 0.10137931034482758 0.06597222222222222
0 0.6296551724137931 0.13368055555555555 0.06896551724137931 0.059895833333333336
0 0.5568965517241379 0.2682291666666667 0.10137931034482758 0.0546875
0 0.6558620689655172 0.2630208333333333 0.09655172413793103 0.059027777777777776
0 0.526896551724138 0.4672309027777778 0.057931034482758624 0.054253472222222224
0 0.6044827586206897 0.4696180555555556 0.09172413793103448 0.05642361111111111
0 0.6751724137931034 0.4661458333333333 0.044137931034482755 0.0625
0 0.5317241379310345 0.5264756944444444 0.06758620689655172 0.05381944444444445
0 0.6175862068965517 0.5258246527777778 0.09310344827586207 0.053385416666666664
0 0.5331034482758621 0.5831163194444444 0.0703448275862069 0.055989583333333336
0 0.61 0.5826822916666666 0.06413793103448276 0.055121527777777776
0 0.7155172413793104 0.5755208333333334 0.08068965517241379 0.05381944444444445
0 0.5386206896551724 0.6404079861111112 0.06758620689655172 0.05078125
0 0.613103448275862 0.6414930555555556 0.08413793103448276 0.06684027777777778
0 0.6824137931034483 0.6380208333333334 0.06413793103448276 0.06336805555555555
0 0.5317241379310345 0.7306857638888888 0.06344827586206897 0.05946180555555555
0 0.6044827586206897 0.7313368055555556 0.08068965517241379 0.058159722222222224
0 0.5313793103448275 0.8237847222222222 0.05586206896551724 0.06076388888888889
0 0.6282758620689655 0.8207465277777778 0.1310344827586207 0.06163194444444445
0 0.5344827586206896 0.8832465277777778 0.06896551724137931 0.0546875
0 0.7186206896551725 0.8767361111111112 0.08275862068965517 0.0546875
0 0.09379310344827586 0.9730902777777778 0.12275862068965518 0.03993055555555555
0 0.0789655172413793 0.6508246527777778 0.11655172413793104 0.04991319444444445
0 0.1820689655172414 0.6467013888888888 0.09379310344827586 0.05381944444444445
0 0.27206896551724136 0.6395399305555556 0.07793103448275862 0.055121527777777776
0 0.10241379310344828 0.7152777777777778 0.1606896551724138 0.06770833333333333
0 0.3113793103448276 0.6948784722222222 0.26 0.059027777777777776
0 0.47379310344827585 0.685546875 0.07586206896551724 0.04296875
0 0.33793103448275863 0.7302517361111112 0.11862068965517242 0.055989583333333336
0 0.44482758620689655 0.7269965277777778 0.09655172413793103 0.046875
0 0.08482758620689655 0.8159722222222222 0.11862068965517242 0.06597222222222222
0 0.25275862068965516 0.8101128472222222 0.13724137931034483 0.061197916666666664
0 0.4186206896551724 0.7938368055555556 0.1696551724137931 0.06163194444444445
0 0.09655172413793103 0.8734809027777778 0.12413793103448276 0.055989583333333336
0 0.2524137931034483 0.8615451388888888 0.16275862068965516 0.06510416666666667
0 0.4337931034482759 0.8461371527777778 0.13379310344827586 0.055121527777777776
0 0.09896551724137931 0.9262152777777778 0.12758620689655173 0.05295138888888889
0 0.21689655172413794 0.919921875 0.10827586206896551 0.05772569444444445
0 0.33482758620689657 0.9069010416666666 0.1193103448275862 0.053385416666666664
0 0.4493103448275862 0.896484375 0.09724137931034482 0.0646701388888889
0 0.25482758620689655 0.9637586805555556 0.18689655172413794 0.055989583333333336
0 0.05 0.4947916666666667 0.05586206896551724 0.05381944444444445
0 0.14724137931034484 0.4769965277777778 0.1386206896551724 0.06163194444444445
0 0.27379310344827584 0.4652777777777778 0.12275862068965518 0.05642361111111111
0 0.4127586206896552 0.4585503472222222 0.1703448275862069 0.048177083333333336
0 0.1424137931034483 0.5301649305555556 0.04482758620689655 0.048177083333333336
0 0.2296551724137931 0.5243055555555556 0.12689655172413794 0.059895833333333336
0 0.32827586206896553 0.5160590277777778 0.0703448275862069 0.06336805555555555
0 0.43137931034482757 0.5080295138888888 0.13586206896551725 0.054253472222222224
0 0.04655172413793104 0.5924479166666666 0.0503448275862069 0.05295138888888889
0 0.1096551724137931 0.5831163194444444 0.08 0.04904513888888889
0 0.2210344827586207 0.5826822916666666 0.1413793103448276 0.062065972222222224
0 0.3368965517241379 0.5785590277777778 0.08758620689655172 0.0625
0 0.4382758620689655 0.5735677083333334 0.11793103448275861 0.05946180555555555
