0 0.2391146589259797 0.07343919162757127 0.137155297532656 0.047997112955611695
0 0.2641509433962264 0.15626127751714183 0.2612481857764877 0.048357993504150126
0 0.2525399129172714 0.11024900757849151 0.23802612481857766 0.04727535185853483
0 0.08381712626995645 0.12630819198845183 0.10087082728592163 0.040418621436304585
0 0.08381712626995645 0.16275712739083364 0.10522496371552975 0.040418621436304585
0 0.05805515239477504 0.34590400577408875 0.08708272859216255 0.04871887405268856
0 0.0997822931785196 0.08065680259833995 0.1386066763425254 0.04655359076145796
0 0.35123367198838895 0.07091302778780224 0.10014513788098693 0.05377120173222663
0 0.4833091436865022 0.11367737278960664 0.23076923076923078 0.04474918801876579
0 0.4553701015965167 0.07217610970768676 0.11538461538461539 0.049801515698303864
0 0.5442670537010159 0.06964994586791771 0.06531204644412192 0.048357993504150126
0 0.645500725689405 0.06387585709130278 0.137155297532656 0.03825333814507398
0 0.77322206095791 0.0651389390111873 0.11538461538461539 0.04438830747022735
0 0.887155297532656 0.06423673763984121 0.11248185776487664 0.04402742692168892
0 0.09034833091436865 0.21526524720317575 0.13425253991291727 0.047997112955611695
0 0.07801161103047896 0.294478527607362 0.08635703918722787 0.05413208228076507
0 0.3875181422351234 0.28076506676290147 0.06386066763425254 0.03825333814507398
0 0.17597968069666184 0.28383255142547814 0.1313497822931785 0.050162396246842295
0 0.10595065312046444 0.038614218693612416 0.14368650217706821 0.04114038253338145
0 0.22859216255442671 0.03121616744857452 0.11030478955007257 0.03572717430530494
0 0.31712626995645865 0.029411764705882353 0.07256894049346879 0.038614218693612416
0 0.47133526850507984 0.15553951642006497 0.1690856313497823 0.048357993504150126
0 0.6571117561683599 0.1559003969686034 0.1690856313497823 0.05413208228076507
0 0.8156748911465893 0.15048718874052688 0.15529753265602322 0.048357993504150126
0 0.9078374455732946 0.15337423312883436 0.055152394775036286 0.04547094911584266
0 0.3875181422351234 0.24106820642367377 0.14223512336719885 0.04474918801876579
0 0.16981132075471697 0.33255142547816674 0.14078374455732948 0.04005774088776615
0 0.3955007256894049 0.026885600866113316 0.0899854862119013 0.04222302417899675
0 0.6643686502177069 0.10501623962468423 0.16618287373004353 0.04330566582461205
0 0.8124092888243831 0.10664020209310718 0.14731494920174165 0.03789245759653555
0 0.15457184325108853 0.38650306748466257 0.062409288824383166 0.04547094911584266
0 0.34252539912917274 0.4238542042583905 0.17851959361393324 0.05521472392638037
0 0.4898403483309144 0.42006495849873693 0.13352685050798258 0.05413208228076507
0 0.6233671988388969 0.41266690725369903 0.1509433962264151 0.04655359076145796
0 0.7543541364296081 0.40797546012269936 0.11828737300435414 0.04583182966438109
0 0.8559506531204645 0.4014796102490076 0.10522496371552975 0.04294478527607362
0 0.9444847605224964 0.4007578491519307 0.07474600870827286 0.04294478527607362
0 0.7594339622641509 0.3617827499097799 0.08345428156748912 0.04655359076145796
0 0.4862119013062409 0.02616383976903645 0.10304789550072568 0.04222302417899675
0 0.6052249637155298 0.025802959220498016 0.14078374455732948 0.040779501984843015
0 0.7224238026124818 0.025261638397690366 0.09361393323657474 0.03825333814507398
0 0.7975326560232221 0.025622518946228797 0.06676342525399129 0.03464453265968964
0 0.30043541364296084 0.28256946950559364 0.11465892597968069 0.04474918801876579
0 0.488388969521045 0.27859978347167086 0.15820029027576196 0.05268856008661133
0 0.16944847605224964 0.4272825694695056 0.1676342525399129 0.0534103211836882
0 0.6313497822931785 0.27733670155178636 0.1320754716981132 0.05160591844099603
0 0.7166182873730044 0.27607361963190186 0.04862119013062409 0.049079754601226995
0 0.7862844702467344 0.27390833634067124 0.08490566037735849 0.04474918801876579
0 0.23875181422351233 0.37784193431974017 0.11611030478955008 0.04402742692168892
0 0.35413642960812775 0.37351136773727894 0.11465892597968069 0.049079754601226995
0 0.4807692307692308 0.37351136773727894 0.14876632801161102 0.04763623240707326
0 0.638243831640058 0.369361241429087 0.1632801161103048 0.04222302417899675
0 0.852322206095791 0.35745218332731865 0.09506531204644413 0.04655359076145796
0 0.9452104499274311 0.3563695416817034 0.09361393323657474 0.04727535185853483
0 0.2688679245283019 0.47257307831107903 0.12119013062409288 0.04222302417899675
0 0.37663280116110304 0.46752075063154097 0.10449927431059507 0.04366654637315049
0 0.6124818577648766 0.506676290147961 0.0899854862119013 0.05196679898953446
0 0.7024673439767779 0.501623962468423 0.08708272859216255 0.048357993504150126
0 0.5246734397677794 0.5101046553590761 0.09143686502177069 0.05160591844099603
0 0.25181422351233673 0.5705521472392638 0.10014513788098693 0.048357993504150126
0 0.37735849056603776 0.5635149765427644 0.15384615384615385 0.05521472392638037
0 0.14150943396226415 0.6674485745218333 0.0783744557329463 0.04583182966438109
0 0.05841799709724238 0.6683507758931794 0.09506531204644413 0.04402742692168892
0 0.21008708272859217 0.7089498376037532 0.18359941944847605 0.04583182966438109
0 0.0634978229317852 0.7111151208949837 0.11248185776487664 0.04294478527607362
0 0.33853410740203194 0.707145434861061 0.08635703918722787 0.05088415734391916
0 0.4296081277213353 0.7033561891014074 0.10595065312046444 0.0534103211836882
0 0.6146589259796807 0.6950559364850235 0.16110304789550073 0.05413208228076507
0 0.760522496371553 0.686394803320101 0.14078374455732948 0.05268856008661133
0 0.6625544267053701 0.23006134969325154 0.14513788098693758 0.04294478527607362
0 0.5257619738751814 0.23601587874413568 0.12844702467343977 0.04330566582461205
0 0.2656023222060958 0.2403464453265969 0.10740203193033382 0.048357993504150126
0 0.05224963715529753 0.4312522555034284 0.062409288824383166 0.04547094911584266
0 0.059506531204644414 0.47690364489354026 0.062409288824383166 0.04583182966438109
0 0.487300435413643 0.46192710212919524 0.12844702467343977 0.04474918801876579
0 0.5838171262699564 0.45795741609527246 0.06458635703918723 0.04547094911584266
0 0.6712626995645864 0.4554312522555034 0.11756168359941944 0.04547094911584266
0 0.7681422351233672 0.4476723204619271 0.10087082728592163 0.04366654637315049
0 0.06458635703918723 0.5727174305304944 0.059506531204644414 0.04402742692168892
0 0.05406386066763425 0.6174666185492602 0.05878084179970972 0.05629736557199567
0 0.6676342525399129 0.1954168170335619 0.14658925979680695 0.029231324431613137
0 0.795355587808418 0.19198845182244678 0.13642960812772134 0.040418621436304585
0 0.14368650217706821 0.5709130277878023 0.11320754716981132 0.04691447130999639
0 0.22460087082728591 0.6627571273908336 0.102322206095791 0.049440635149765426
0 0.13824383164005805 0.6158426560808372 0.12264150943396226 0.041501263081919884
0 0.5029027576197388 0.5590039696860339 0.10014513788098693 0.048357993504150126
0 0.6077648766328012 0.5553951642006496 0.11973875181422351 0.048357993504150126
0 0.7093613933236574 0.5503428365211115 0.08345428156748912 0.0534103211836882
0 0.7935413642960812 0.5454709491158427 0.0965166908563135 0.04366654637315049
0 0.5090711175616836 0.6490436665463731 0.08780841799709724 0.04727535185853483
0 0.6113933236574746 0.6454348610609888 0.12264150943396226 0.04583182966438109
0 0.7133526850507983 0.643089137495489 0.09143686502177069 0.04619271021291952
0 0.7978955007256894 0.6371346084446048 0.09071117561683599 0.04294478527607362
0 0.06204644412191582 0.7526163839769037 0.09361393323657474 0.039335979790689285
0 0.17126269956458637 0.750451100685673 0.13352685050798258 0.03789245759653555
0 0.3084179970972424 0.7484662576687117 0.14368650217706821 0.03825333814507398
0 0.4426705370101596 0.7414290869722122 0.14078374455732948 0.04366654637315049
0 0.5732946298984035 0.738722482858174 0.12917271407837447 0.03825333814507398
0 0.8682873730043541 0.7188740526885601 0.057329462989840346 0.049079754601226995
0 0.9223512336719883 0.19361241429086973 0.12191582002902758 0.03644893540238181
0 0.9455732946298984 0.2190544929628293 0.0899854862119013 0.03464453265968964
0 0.8207547169811321 0.2307831107903284 0.15965166908563136 0.03572717430530494
0 0.13570391872278664 0.46517502706604114 0.047895500725689405 0.020931071815229157
0 0.1534833091436865 0.474197040779502 0.11683599419448476 0.04474918801876579
0 0.07039187227866474 0.38650306748466257 0.10740203193033382 0.039696860339227716
0 0.2746734397677794 0.3323709852038975 0.07619738751814223 0.04114038253338145
0 0.35413642960812775 0.3291230602670516 0.09143686502177069 0.04474918801876579
0 0.4974600870827286 0.3267773367015518 0.11828737300435414 0.04511006856730422
0 0.8690130624092888 0.2721039335979791 0.08490566037735849 0.04114038253338145
0 0.9310595065312046 0.10718152291591483 0.09288824383164006 0.04402742692168892
0 0.9564586357039188 0.1441717791411043 0.05224963715529753 0.03356189101407434
0 0.6861393323657474 0.7235654998195598 0.045718432510885344 0.019487549621075424
0 0.24600870827285923 0.615662215806568 0.10159651669085631 0.04114038253338145
0 0.36792452830188677 0.6136773727896067 0.1378809869375907 0.04727535185853483
0 0.49963715529753266 0.606459761818838 0.13425253991291727 0.047997112955611695
0 0.6103047895500726 0.600685673042223 0.10304789550072568 0.04294478527607362
0 0.6915820029027576 0.599783471670877 0.09143686502177069 0.04763623240707326
0 0.8947750362844702 0.6317214002165283 0.11030478955007257 0.04871887405268856
0 0.77322206095791 0.5934680620714543 0.07910014513788098 0.05088415734391916
0 0.8526850507982583 0.5880548538433779 0.09869375907111756 0.05377120173222663
0 0.6846879535558781 0.7302417899675208 0.11683599419448476 0.041501263081919884
0 0.7910014513788098 0.7286178274990978 0.10449927431059507 0.042583904727535184
0 0.41509433962264153 0.331107903284013 0.04354136429608128 0.03644893540238181
0 0.13679245283018868 0.5236376759292675 0.12409288824383163 0.04763623240707326
0 0.24201741654571843 0.5211115120894984 0.08635703918722787 0.04691447130999639
0 0.3381712626995646 0.5171418260555756 0.10885341074020319 0.05196679898953446
0 0.4372278664731495 0.5120894983760376 0.10522496371552975 0.05268856008661133
0 0.5312046444121916 0.19956694334175387 0.12336719883889695 0.03464453265968964
0 0.41110304789550073 0.19956694334175387 0.1269956458635704 0.040418621436304585
0 0.25435413642960814 0.2019126669072537 0.20101596516690856 0.04294478527607362
