0 0.14913657770800628 0.29859154929577464 0.2668759811616955 0.14929577464788732
0 0.12951334379905807 0.13309859154929576 0.12401883830455258 0.1563380281690141
0 0.14913657770800628 0.476056338028169 0.2543171114599686 0.14366197183098592
0 0.1326530612244898 0.897887323943662 0.18053375196232338 0.1591549295774648
0 0.39089481946624804 0.9091549295774648 0.14442700156985872 0.13943661971830987
0 0.33437990580847726 0.126056338028169 0.23861852433281006 0.1563380281690141
0 0.5580847723704867 0.12394366197183099 0.22135007849293564 0.15492957746478872
0 0.8296703296703297 0.1056338028169014 0.28414442700156983 0.16056338028169015
0 0.13500784929356358 0.652112676056338 0.24803767660910517 0.16901408450704225
0 0.8084772370486656 0.8852112676056338 0.20722135007849293 0.1591549295774648
0 0.8649921507064364 0.2746478873239437 0.25117739403453687 0.17464788732394365
0 0.5345368916797488 0.2971830985915493 0.41287284144427 0.18591549295774648
0 0.7535321821036107 0.6183098591549295 0.1726844583987441 0.14929577464788732
0 0.33359497645211933 0.6366197183098592 0.16169544740973313 0.1323943661971831
0 0.5368916797488226 0.6295774647887324 0.260596546310832 0.16619718309859155
0 0.6875981161695447 0.7584507042253521 0.3987441130298273 0.15070422535211267
0 0.39952904238618525 0.4732394366197183 0.2653061224489796 0.14929577464788732
0 0.6444270015698587 0.4612676056338028 0.24332810047095763 0.1647887323943662
0 0.9160125588697017 0.6028169014084507 0.16483516483516483 0.16901408450704225
