0 0.10869565217391304 0.09868421052631579 0.04717853839037928 0.0860323886639676
0 0.3404255319148936 0.08552631578947369 0.2238667900092507 0.09615384615384616
0 0.12627197039777982 0.3340080971659919 0.13783533765032377 0.13157894736842105
0 0.13552266419981499 0.7424089068825911 0.17298797409805736 0.1548582995951417
0 0.3108233117483811 0.7267206477732794 0.16466234967622573 0.15789473684210525
0 0.2793709528214616 0.3269230769230769 0.17761332099907493 0.1396761133603239
0 0.41951896392229415 0.1862348178137652 0.17483811285846437 0.10526315789473684
0 0.09666975023126735 0.5931174089068826 0.15263644773358 0.14777327935222673
0 0.4662349676225717 0.6998987854251012 0.14801110083256244 0.1346153846153846
0 0.6429232192414431 0.6938259109311741 0.1332099907493062 0.12246963562753037
0 0.1276595744680851 0.46305668016194335 0.16466234967622573 0.11032388663967611
0 0.5633672525439408 0.07135627530364372 0.20906567992599445 0.09817813765182186
0 0.2432932469935245 0.20091093117408906 0.1683626271970398 0.12044534412955465
0 0.599444958371878 0.16852226720647773 0.15911193339500462 0.11437246963562753
0 0.7987974098057354 0.15991902834008098 0.2432932469935245 0.13157894736842105
0 0.4528214616096207 0.3132591093117409 0.16558741905642924 0.1508097165991903
0 0.6493987049028677 0.27631578947368424 0.13506012950971322 0.1396761133603239
0 0.28908418131359853 0.5759109311740891 0.23774283071230343 0.17408906882591094
0 0.41766882516188714 0.854251012145749 0.25254394079555964 0.15182186234817813
0 0.17391304347826086 0.8734817813765182 0.22201665124884365 0.10728744939271255
0 0.7853839037927844 0.6761133603238867 0.1498612395929695 0.15991902834008098
0 0.2742830712303423 0.44483805668016196 0.09528214616096208 0.11234817813765183
0 0.4486586493987049 0.42611336032388664 0.24421831637372804 0.1396761133603239
0 0.17622571692876965 0.10222672064777327 0.08788159111933395 0.07894736842105263
0 0.09851988899167438 0.21912955465587045 0.0730804810360777 0.10425101214574899
0 0.5106382978723404 0.5581983805668016 0.2053654024051804 0.16902834008097167
0 0.5023126734505088 0.9559716599190283 0.18316373728029603 0.08198380566801619
0 0.7733580018501388 0.5232793522267206 0.31822386679000925 0.17611336032388664
