0 0.06490952006294257 0.10520918785890074 0.0983477576711251 0.052091878589007386
0 0.1841070023603462 0.09331419196062346 0.12745869394177814 0.04224774405250205
0 0.06687647521636507 0.15196882690730107 0.11014948859166011 0.04881050041017227
0 0.0924468922108576 0.19524200164068908 0.15971675845790717 0.045118949958982774
0 0.3099921321793863 0.18621821164889255 0.18253343823760818 0.045118949958982774
0 0.4940991345397325 0.18621821164889255 0.08969315499606609 0.05086136177194422
0 0.6203776553894571 0.18498769483182936 0.12509834775767112 0.04922067268252666
0 0.05271439811172305 0.28527481542247746 0.07710464201416208 0.054552912223133715
0 0.1848937844217152 0.33203445447087776 0.07867820613690008 0.06111566858080394
0 0.07907159716758458 0.37961443806398687 0.10621557828481511 0.04799015586546349
0 0.4063729346970889 0.37018047579983593 0.17230527143981117 0.04716981132075472
0 0.9004720692368214 0.3558244462674323 0.10621557828481511 0.05619360131255127
0 0.05192761605035405 0.4269893355209188 0.05979543666404406 0.04840032813781788
0 0.14398111723052714 0.4259639048400328 0.1022816679779701 0.05045118949958983
0 0.1007081038552321 0.5219442165709598 0.11959087332808813 0.05127153404429861
0 0.06726986624704957 0.5756767842493847 0.08733280881195908 0.054552912223133715
0 0.2037765538945712 0.5711648892534865 0.1022816679779701 0.05947497949138638
0 0.3107789142407553 0.5676784249384742 0.12273800157356413 0.052502050861361775
0 0.4162077104642014 0.5637817883511075 0.08654602675059009 0.05045118949958983
0 0.5232100708103855 0.5594749794913864 0.11959087332808813 0.054142739950779326
0 0.6309992132179386 0.5551681706316653 0.1038552321007081 0.05291222313371616
0 0.06333595594020457 0.625512715340443 0.0936270653029111 0.04675963904840033
0 0.06136900078678206 0.6784249384741592 0.0991345397324941 0.05004101722723544
0 0.1848937844217152 0.6716570959803118 0.12116443745082613 0.04306808859721083
0 0.25334382376081827 0.6214109926168991 0.1038552321007081 0.054963084495488104
0 0.22069236821400473 0.46862182116488926 0.0920535011801731 0.04716981132075472
0 0.33634933123524785 0.46493027071369974 0.13926042486231313 0.04881050041017227
0 0.486624704956727 0.46452009844134534 0.15814319433516916 0.04963084495488105
0 0.6569630212431157 0.4559064807219032 0.14634146341463414 0.044708777686628384
0 0.9063729346970889 0.4477030352748154 0.05979543666404406 0.04799015586546349
0 0.47010228166797796 0.08962264150943396 0.14240755310778913 0.055373256767842494
0 0.6691581431943352 0.03691550451189499 0.0952006294256491 0.044298605414273995
0 0.7741935483870968 0.033223954060705496 0.11959087332808813 0.05086136177194422
0 0.5456333595594021 0.034864643150123054 0.15656963021243114 0.054142739950779326
0 0.4142407553107789 0.03589007383100903 0.1077891424075531 0.06029532403609516
0 0.22344610542879623 0.27358490566037735 0.21400472069236823 0.05004101722723544
0 0.472462627852085 0.9142739950779327 0.08733280881195908 0.05742411812961444
0 0.5920535011801731 0.9017637407711239 0.12352478363493312 0.05619360131255127
0 0.7218725413060583 0.8949958982772764 0.0983477576711251 0.05988515176374077
0 0.8827694728560189 0.876538146021329 0.14948859166011014 0.08285479901558655
0 0.33359559402045635 0.9136587366694011 0.1998426435877262 0.0586546349466776
0 0.2112509834775767 0.8195242001640689 0.17545239968528717 0.03609515996718622
0 0.3520849724626279 0.8219852337981952 0.1093627065302911 0.045118949958982774
0 0.21636506687647522 0.7645611156685808 0.17309205350118018 0.04101722723543889
0 0.35129819040125887 0.7727645611156686 0.1125098347757671 0.04675963904840033
0 0.1911880409126672 0.1433552091878589 0.16050354051927615 0.05701394585726005
0 0.33202202989771834 0.13802296964725186 0.13690007867820614 0.04799015586546349
0 0.46302124311565696 0.13884331419196064 0.14398111723052714 0.04799015586546349
0 0.6262785208497246 0.1363822805578343 0.23131392604248624 0.04963084495488105
0 0.2981904012588513 0.036505332239540604 0.12745869394177814 0.06316652994257588
0 0.1919748229740362 0.04286300246103363 0.12903225806451613 0.055373256767842494
0 0.2077104642014162 0.22744052502050863 0.14791502753737215 0.04224774405250205
0 0.37411487018095985 0.22867104183757178 0.12352478363493312 0.04634946677604594
0 0.5963808025177026 0.22744052502050863 0.07710464201416208 0.0406070549630845
0 0.08143194335169159 0.33203445447087776 0.12037765538945712 0.04799015586546349
0 0.15892997639653816 0.6218211648892535 0.1022816679779701 0.05742411812961444
0 0.37372147915027537 0.6168990976210008 0.14476789929189615 0.05660377358490566
0 0.525177025963808 0.6125922887612797 0.16601101494885917 0.053732567678424936
0 0.6534225019669552 0.6072600492206727 0.10464201416207711 0.054552912223133715
0 0.7840283241542093 0.6039786710418376 0.18017309205350118 0.055373256767842494
0 0.9272226593233674 0.5853158326497129 0.08733280881195908 0.0475799835931091
0 0.41935483870967744 0.2696882690730107 0.20613690007867821 0.0586546349466776
0 0.5963808025177026 0.26989335520918784 0.15420928402832415 0.04922067268252666
0 0.7391817466561762 0.272149302707137 0.1093627065302911 0.044708777686628384
0 0.8080251770259638 0.13679245283018868 0.16679779701022818 0.0586546349466776
0 0.6160503540519277 0.07219031993437244 0.16365066876475218 0.05004101722723544
0 0.9071597167584579 0.08593109105824447 0.1007081038552321 0.061936013125512716
0 0.9343036978756885 0.1433552091878589 0.08575924468922108 0.054552912223133715
0 0.25885129819040126 0.42042657916324855 0.13375295043273014 0.05004101722723544
0 0.41856805664830843 0.41529942575881873 0.1919748229740362 0.04963084495488105
0 0.6302124311565697 0.411402789171452 0.23446105428796224 0.05578342904019688
0 0.8060582218725413 0.40976210008203445 0.14398111723052714 0.05086136177194422
0 0.9244689221085759 0.4031993437243642 0.08654602675059009 0.045118949958982774
0 0.2549173878835563 0.5174323215750615 0.1919748229740362 0.054552912223133715
0 0.43154996066089696 0.5159967186218212 0.17859952793076317 0.05004101722723544
0 0.6219512195121951 0.5041017227235439 0.1990558615263572 0.054963084495488104
0 0.8335955940204564 0.4973338802296965 0.24154209284028325 0.0586546349466776
0 0.059008654602675056 0.7266201804757998 0.09126671911880409 0.04634946677604594
0 0.17033831628638868 0.7188269073010665 0.14555468135326516 0.04634946677604594
0 0.480330448465775 0.7698933552091879 0.15027537372147914 0.052502050861361775
0 0.6408339889850512 0.7614848236259228 0.17702596380802518 0.05947497949138638
0 0.7710464201416207 0.755332239540607 0.06294256490952006 0.054552912223133715
0 0.8760818253343824 0.7450779327317474 0.15027537372147914 0.06439704675963905
0 0.9665617623918175 0.7348236259228876 0.05114083398898505 0.06111566858080394
0 0.42840283241542093 0.716160787530763 0.1125098347757671 0.06070549630844955
0 0.5401258851298191 0.7114438063986874 0.11408339889850512 0.05947497949138638
0 0.6683713611329661 0.7075471698113207 0.15499606608969316 0.05332239540607055
0 0.2915027537372148 0.6696062346185397 0.1125098347757671 0.04634946677604594
0 0.6601101494885917 0.6558654634946678 0.1022816679779701 0.05004101722723544
0 0.5633359559402046 0.6585315832649713 0.09126671911880409 0.044708777686628384
0 0.7600314712824547 0.6546349466776046 0.11014948859166011 0.052502050861361775
0 0.8725413060582219 0.6390484003281378 0.12745869394177814 0.06152584085315833
0 0.7352478363493312 0.551681706316653 0.11723052714398112 0.051681706316652996
0 0.14240755310778913 0.918785890073831 0.1054287962234461 0.05660377358490566
0 0.36309992132179386 0.9515996718621821 0.12037765538945712 0.034454470877768664
0 0.487411487018096 0.9571369975389664 0.11408339889850512 0.03568498769483183
0 0.6333595594020456 0.9481132075471698 0.15578284815106216 0.044708777686628384
0 0.8044846577498033 0.9438063986874488 0.18332022029897718 0.04675963904840033
0 0.32218725413060584 0.0916735028712059 0.15814319433516916 0.04963084495488105
0 0.0959874114870181 0.4719031993437244 0.16522423288749016 0.043888433141919606
0 0.7647521636506688 0.06767842493847416 0.06766325727773406 0.02789171452009844
0 0.7781274586939417 0.08182936833470057 0.17151848937844216 0.05619360131255127
0 0.26357199055861524 0.3281378178835111 0.1054287962234461 0.06070549630844955
0 0.3843430369787569 0.3244462674323216 0.13453973249409915 0.05332239540607055
0 0.5216365066876475 0.32075471698113206 0.14476789929189615 0.05332239540607055
0 0.6463414634146342 0.31808859721082855 0.12037765538945712 0.054552912223133715
0 0.7466561762391818 0.31562756357670224 0.11487018095987411 0.053732567678424936
0 0.8402832415420929 0.31070549630844957 0.0944138473642801 0.04963084495488105
0 0.9445318646734855 0.3092698933552092 0.0983477576711251 0.044298605414273995
0 0.4925255704169945 0.8207547169811321 0.16837136113296616 0.05578342904019688
0 0.6546026750590087 0.8117309269893355 0.14319433516915814 0.05988515176374077
0 0.7989771833202203 0.8039376538146021 0.15656963021243114 0.05824446267432322
0 0.9260424862313139 0.7961443806398687 0.1022816679779701 0.06152584085315833
0 0.2682926829268293 0.711033634126333 0.05350118017309206 0.02502050861361772
0 0.3005507474429583 0.715135356849877 0.14634146341463414 0.05619360131255127
0 0.9000786782061369 0.6942165709598032 0.0959874114870181 0.04881050041017227
0 0.9669551534225019 0.6884741591468416 0.03776553894571204 0.03732567678424938
0 0.08497246262785209 0.04573420836751436 0.1007081038552321 0.061936013125512716
0 0.8741148701809599 0.5424528301886793 0.16522423288749016 0.06275635767022149
0 0.975609756097561 0.5317883511074651 0.044059795436664044 0.055373256767842494
