0 0.17151607963246554 0.1689466484268126 0.2082695252679939 0.20930232558139536
0 0.6584992343032159 0.12175102599179206 0.35834609494640124 0.19425444596443228
0 0.15007656967840735 0.39466484268125857 0.18989280245022971 0.22571819425444598
0 0.1562021439509954 0.7250341997264022 0.22358346094946402 0.2216142270861833
0 0.41347626339969373 0.725718194254446 0.3001531393568147 0.22571819425444598
0 0.1891271056661562 0.9158686730506156 0.30474732006125577 0.16279069767441862
0 0.31623277182235837 0.359781121751026 0.1546707503828484 0.14500683994528044
0 0.5 0.3180574555403557 0.18223583460949463 0.16826265389876882
0 0.7572741194486983 0.3071135430916553 0.32618683001531396 0.17647058823529413
0 0.7243491577335375 0.5054719562243503 0.4655436447166922 0.19562243502051985
0 0.7718223583460949 0.7127222982216143 0.42879019908116384 0.23803009575923392
0 0.5643185298621746 0.914500683994528 0.4670750382848392 0.1600547195622435
0 0.8713629402756509 0.9042407660738714 0.16539050535987748 0.15595075239398085
