0 0.11875945537065052 0.24616368286445012 0.17700453857791226 0.13427109974424553
0 0.27382753403933435 0.24360613810741688 0.1664145234493192 0.159846547314578
0 0.443267776096823 0.24552429667519182 0.17851739788199697 0.13810741687979539
0 0.8562783661119516 0.22506393861892582 0.1875945537065053 0.13810741687979539
0 0.3101361573373676 0.5108695652173914 0.24508320726172467 0.13682864450127877
0 0.5529500756429652 0.37595907928388744 0.3161875945537065 0.14066496163682865
0 0.5605143721633888 0.5089514066496164 0.264750378214826 0.1329923273657289
0 0.23600605143721634 0.6349104859335039 0.16036308623298035 0.12915601023017903
0 0.4236006051437216 0.7627877237851662 0.16338880484114976 0.13427109974424553
0 0.12632375189107414 0.38235294117647056 0.15582450832072617 0.1278772378516624
0 0.094553706505295 0.879156010230179 0.17700453857791226 0.15728900255754474
0 0.8645990922844176 0.3702046035805627 0.23751891074130105 0.13171355498721227
0 0.4198184568835098 0.6425831202046036 0.2254160363086233 0.1265984654731458
0 0.26853252647503784 0.8740409207161125 0.19818456883509833 0.12915601023017903
0 0.11043872919818457 0.7468030690537084 0.17246596066565809 0.12531969309462915
0 0.2821482602118003 0.7621483375959079 0.14977307110438728 0.12276214833759591
0 0.09757942511346444 0.6285166240409207 0.13767019667170954 0.13682864450127877
0 0.829803328290469 0.7493606138107417 0.1800302571860817 0.14578005115089515
0 0.42738275340393345 0.8804347826086957 0.12254160363086233 0.1265984654731458
0 0.6164901664145235 0.8855498721227621 0.27382753403933435 0.13682864450127877
0 0.8335854765506808 0.8849104859335039 0.19062027231467474 0.13554987212276215
0 0.09757942511346444 0.1010230179028133 0.11649016641452345 0.14578005115089515
0 0.10968229954614221 0.5025575447570333 0.16187594553706505 0.13043478260869565
0 0.7481089258698941 0.5051150895140665 0.12254160363086233 0.1329923273657289
0 0.5922844175491679 0.6457800511508951 0.14069591527987896 0.13043478260869565
0 0.8782148260211801 0.49872122762148335 0.14069591527987896 0.13554987212276215
0 0.8033282904689864 0.6272378516624041 0.34190620272314676 0.1445012787723785
0 0.9576399394856279 0.8542199488491049 0.08169440242057488 0.12020460358056266
