0 0.2890520694259012 0.10138248847926268 0.2523364485981308 0.1313364055299539
0 0.5066755674232309 0.097926267281106 0.1882510013351135 0.1336405529953917
0 0.11682242990654206 0.2661290322580645 0.17489986648865152 0.14516129032258066
0 0.25166889185580776 0.5800691244239631 0.2523364485981308 0.14170506912442396
0 0.25500667556742324 0.4043778801843318 0.24566088117489987 0.1175115207373272
0 0.08344459279038718 0.41013824884792627 0.1054739652870494 0.14055299539170507
0 0.08077436582109479 0.5766129032258065 0.09746328437917223 0.13709677419354838
0 0.12016021361815754 0.7338709677419355 0.19225634178905207 0.12903225806451613
0 0.8404539385847797 0.09619815668202765 0.16421895861148197 0.15552995391705068
0 0.11615487316421896 0.1175115207373272 0.1041388518024032 0.14516129032258066
0 0.5166889185580774 0.25806451612903225 0.16555407209612816 0.1382488479262673
0 0.3197596795727637 0.26152073732718895 0.25500667556742324 0.15898617511520738
0 0.87716955941255 0.39746543778801846 0.2082777036048064 0.14516129032258066
0 0.8718291054739653 0.5564516129032258 0.2136181575433912 0.1543778801843318
0 0.32910547396528705 0.7269585253456221 0.22029372496662217 0.14055299539170507
0 0.692256341789052 0.7079493087557603 0.5086782376502003 0.15552995391705068
0 0.2903871829105474 0.8594470046082949 0.5380507343124166 0.15207373271889402
0 0.6315086782376502 0.8392857142857143 0.16822429906542055 0.14170506912442396
0 0.8471295060080107 0.8168202764976958 0.27636849132176233 0.1543778801843318
0 0.46194926568758343 0.39285714285714285 0.17089452603471295 0.10599078341013825
0 0.6275033377837116 0.4112903225806452 0.315086782376502 0.18433179723502305
0 0.4712950600801068 0.592741935483871 0.1602136181575434 0.13018433179723501
0 0.664886515353805 0.5766129032258065 0.2349799732977303 0.14400921658986174
0 0.7429906542056075 0.2540322580645161 0.28437917222963954 0.14631336405529954
0 0.9425901201602136 0.24827188940092165 0.12016021361815754 0.1532258064516129
