0 0.15768194070080863 0.6055900621118012 0.2749326145552561 0.13291925465838508
0 0.8921832884097035 0.07639751552795031 0.11320754716981132 0.10807453416149068
0 0.5397574123989218 0.737888198757764 0.1738544474393531 0.1565217391304348
0 0.7493261455525606 0.7198757763975155 0.2371967654986523 0.16521739130434782
0 0.8611859838274932 0.20186335403726707 0.14824797843665768 0.13291925465838508
0 0.6273584905660378 0.18509316770186335 0.33827493261455527 0.14161490683229813
0 0.39622641509433965 0.1795031055900621 0.15633423180592992 0.14037267080745341
0 0.22371967654986524 0.184472049689441 0.215633423180593 0.14037267080745341
0 0.08018867924528301 0.19130434782608696 0.12264150943396226 0.15403726708074533
0 0.7540431266846361 0.5732919254658385 0.38140161725067384 0.17267080745341615
0 0.3133423180592992 0.7409937888198758 0.3086253369272237 0.16521739130434782
0 0.09568733153638814 0.7434782608695653 0.16442048517520216 0.16024844720496895
0 0.616576819407008 0.058385093167701865 0.37601078167115903 0.10683229813664596
0 0.2371967654986523 0.06024844720496894 0.37735849056603776 0.12049689440993788
0 0.9043126684636119 0.7043478260869566 0.08086253369272237 0.14161490683229813
0 0.1347708894878706 0.8813664596273292 0.23180592991913745 0.11304347826086956
0 0.3632075471698113 0.8739130434782608 0.2358490566037736 0.115527950310559
0 0.5539083557951483 0.8596273291925466 0.15363881401617252 0.10683229813664596
0 0.7075471698113207 0.8608695652173913 0.1967654986522911 0.10683229813664596
