0 0.3375594294770206 0.24064171122994651 0.3676703645007924 0.15508021390374332
0 0.187797147385103 0.7012032085561497 0.26782884310618066 0.15106951871657753
0 0.1624405705229794 0.09959893048128342 0.18225039619651348 0.12433155080213903
0 0.39144215530903326 0.0982620320855615 0.2757527733755943 0.12967914438502673
0 0.6545166402535658 0.21991978609625668 0.25356576862123614 0.14037433155080214
0 0.8621236133122029 0.20655080213903743 0.1774960380348653 0.13770053475935828
0 0.15134706814580032 0.5594919786096256 0.16957210776545167 0.15106951871657753
0 0.37321711568938193 0.5481283422459893 0.2393026941362916 0.16042780748663102
0 0.47939778129952454 0.6905080213903744 0.3248811410459588 0.1697860962566845
0 0.840729001584786 0.7921122994652406 0.15055467511885895 0.17245989304812834
0 0.5847860538827259 0.8355614973262032 0.22503961965134706 0.17914438502673796
0 0.6798732171156894 0.09558823529411764 0.27258320126782887 0.10294117647058823
0 0.8534072900158478 0.08890374331550802 0.08716323296354993 0.09759358288770054
0 0.938985736925515 0.09425133689839572 0.09350237717908082 0.09759358288770054
0 0.5768621236133122 0.5421122994652406 0.18066561014263074 0.15106951871657753
0 0.8217115689381933 0.5086898395721925 0.2551505546751189 0.14304812834224598
0 0.7210776545166403 0.6631016042780749 0.15847860538827258 0.15508021390374332
0 0.8803486529318542 0.6330213903743316 0.21077654516640254 0.16443850267379678
