0 0.14782608695652175 0.5691788526434196 0.22608695652173913 0.15073115860517436
0 0.3869565217391304 0.5511811023622047 0.26211180124223604 0.1687289088863892
0 0.6434782608695652 0.5230596175478065 0.22608695652173913 0.15523059617547807
0 0.1795031055900621 0.1141732283464567 0.2819875776397516 0.16760404949381327
0 0.43540372670807453 0.08942632170978627 0.18509316770186335 0.1203599550056243
0 0.6670807453416149 0.07536557930258718 0.2857142857142857 0.13048368953880765
0 0.8869565217391304 0.07705286839145106 0.16645962732919253 0.13160854893138357
0 0.5248447204968945 0.21316085489313835 0.21490683229813665 0.14510686164229472
0 0.7695652173913043 0.2170978627671541 0.2819875776397516 0.1687289088863892
0 0.10869565217391304 0.4178852643419573 0.16024844720496895 0.14285714285714285
0 0.337888198757764 0.3925759280089989 0.29316770186335406 0.1687289088863892
0 0.5801242236024845 0.3847019122609674 0.168944099378882 0.16422947131608548
0 0.8267080745341615 0.3565804274465692 0.3316770186335404 0.18672665916760406
0 0.7037267080745342 0.7980877390326209 0.20745341614906831 0.15860517435320584
0 0.8739130434782608 0.5050618672665916 0.2422360248447205 0.15523059617547807
0 0.8913043478260869 0.7941507311586051 0.16770186335403728 0.1732283464566929
0 0.1763975155279503 0.734533183352081 0.3031055900621118 0.1844769403824522
0 0.47329192546583854 0.6951631046119235 0.3031055900621118 0.19572553430821146
0 0.7652173913043478 0.6518560179977503 0.28322981366459626 0.15410573678290213
0 0.24596273291925466 0.10686164229471316 0.03229813664596273 0.0359955005624297
0 0.21552795031055902 0.10573678290213723 0.031055900621118012 0.03374578177727784
0 0.18509316770186335 0.1704161979752531 0.11180124223602485 0.03937007874015748
0 0.17453416149068324 0.14791901012373454 0.05341614906832298 0.01687289088863892
0 0.17391304347826086 0.1377952755905512 0.04720496894409938 0.014623172103487065
0 0.17080745341614906 0.12598425196850394 0.043478260869565216 0.013498312710911136
0 0.1701863354037267 0.11586051743532058 0.037267080745341616 0.01799775028121485
0 0.17701863354037267 0.09898762654668167 0.0484472049689441 0.02249718785151856
0 0.23229813664596274 0.0686164229471316 0.17888198757763976 0.049493813273340834
0 0.268944099378882 0.11754780652418448 0.16024844720496895 0.0798650168728909
0 0.12049689440993788 0.10686164229471316 0.0670807453416149 0.0359955005624297
0 0.07763975155279502 0.08998875140607424 0.04596273291925466 0.04274465691788527
0 0.11677018633540373 0.07255343082114736 0.05714285714285714 0.04611923509561305
0 0.07763975155279502 0.12092238470191226 0.058385093167701865 0.048368953880764905
0 0.08509316770186336 0.14285714285714285 0.0782608695652174 0.05174353205849269
0 0.1186335403726708 0.14791901012373454 0.055900621118012424 0.021372328458942633
0 0.1093167701863354 0.1687289088863892 0.062111801242236024 0.031496062992125984
0 0.5024844720496895 0.09392575928008999 0.05341614906832298 0.03262092238470191
0 0.49875776397515525 0.07424071991001124 0.07577639751552795 0.04049493813273341
0 0.415527950310559 0.10236220472440945 0.08074534161490683 0.0359955005624297
0 0.38509316770186336 0.08886389201349831 0.08198757763975155 0.05399325084364454
0 0.42049689440993787 0.06692913385826772 0.09565217391304348 0.06186726659167604
0 0.4788819875776398 0.0860517435320585 0.06832298136645963 0.11136107986501688
0 0.7267080745341615 0.1124859392575928 0.07453416149068323 0.04499437570303712
0 0.760248447204969 0.047244094488188976 0.08198757763975155 0.0562429696287964
0 0.7118012422360248 0.06805399325084364 0.04472049689440994 0.048368953880764905
0 0.7813664596273292 0.10798650168728909 0.05962732919254658 0.08098987626546682
0 0.753416149068323 0.06749156355455568 0.03602484472049689 0.01799775028121485
0 0.7447204968944099 0.07705286839145106 0.03602484472049689 0.014623172103487065
0 0.7453416149068323 0.08886389201349831 0.0546583850931677 0.013498312710911136
0 0.7403726708074534 0.09955005624296963 0.04472049689440994 0.014623172103487065
0 0.6577639751552795 0.08830146231721035 0.0906832298136646 0.05061867266591676
0 0.5726708074534161 0.0922384701912261 0.0968944099378882 0.05399325084364454
0 0.5695652173913044 0.07255343082114736 0.04596273291925466 0.06186726659167604
0 0.5919254658385094 0.07592800899887514 0.043478260869565216 0.04611923509561305
0 0.6111801242236025 0.07536557930258718 0.0422360248447205 0.03824521934758155
0 0.6267080745341614 0.05174353205849269 0.08322981366459627 0.06074240719910011
0 0.8614906832298137 0.03487064116985377 0.11304347826086956 0.03824521934758155
0 0.94472049689441 0.09617547806524185 0.03850931677018633 0.1361079865016873
0 0.8453416149068324 0.06917885264341957 0.031055900621118012 0.043869516310461196
0 0.9006211180124224 0.08155230596175478 0.084472049689441 0.030371203599550055
0 0.8894409937888199 0.10686164229471316 0.13664596273291926 0.049493813273340834
0 0.5180124223602485 0.20191226096737908 0.01987577639751553 0.030371203599550055
0 0.5397515527950311 0.20359955005624297 0.016149068322981366 0.0359955005624297
0 0.5527950310559007 0.20078740157480315 0.012422360248447204 0.03487064116985377
0 0.575776397515528 0.20528683914510687 0.016149068322981366 0.043869516310461196
0 0.6074534161490683 0.19122609673790777 0.04720496894409938 0.07424071991001124
0 0.5745341614906833 0.1608548931383577 0.14037267080745341 0.05399325084364454
0 0.5639751552795031 0.2390326209223847 0.1341614906832298 0.06186726659167604
0 0.4645962732919255 0.23228346456692914 0.08695652173913043 0.030371203599550055
0 0.44285714285714284 0.23115860517435322 0.03354037267080745 0.08211473565804274
0 0.47267080745341616 0.2232845894263217 0.02857142857142857 0.052868391451068614
0 0.4788819875776398 0.17097862767154107 0.07329192546583851 0.05399325084364454
0 0.6633540372670808 0.2559055118110236 0.0670807453416149 0.07311586051743532
0 0.6559006211180124 0.20866141732283464 0.04472049689440994 0.04611923509561305
0 0.6863354037267081 0.2080989876265467 0.03354037267080745 0.04274465691788527
0 0.7130434782608696 0.21034870641169853 0.03975155279503106 0.04499437570303712
0 0.7409937888198758 0.2064116985376828 0.03850931677018633 0.03712035995500562
0 0.7273291925465839 0.2469066366704162 0.05341614906832298 0.06636670416197975
0 0.6739130434782609 0.16422947131608548 0.055900621118012424 0.06074240719910011
0 0.7031055900621118 0.16479190101237345 0.049689440993788817 0.05961754780652419
0 0.7217391304347827 0.1670416197975253 0.049689440993788817 0.06636670416197975
0 0.7490683229813665 0.17604049493813273 0.049689440993788817 0.07086614173228346
0 0.8260869565217391 0.24803149606299213 0.13664596273291926 0.05511811023622047
0 0.8391304347826087 0.17379077615298089 0.13788819875776398 0.05511811023622047
0 0.7937888198757764 0.20359955005624297 0.0422360248447205 0.06749156355455568
0 0.8577639751552795 0.2075365579302587 0.04596273291925466 0.06411698537682789
0 0.08322981366459627 0.43082114735658045 0.1093167701863354 0.06524184476940383
0 0.07577639751552795 0.4150731158605174 0.05217391304347826 0.06749156355455568
0 0.10186335403726708 0.41057367829021374 0.0546583850931677 0.06524184476940383
0 0.12298136645962733 0.39876265466816646 0.04472049689440994 0.05511811023622047
0 0.09378881987577639 0.3728908886389201 0.1031055900621118 0.052868391451068614
0 0.1608695652173913 0.42069741282339707 0.05341614906832298 0.1484814398200225
0 0.2745341614906832 0.3914510686164229 0.024844720496894408 0.0562429696287964
0 0.24906832298136647 0.3796400449943757 0.02857142857142857 0.014623172103487065
0 0.24285714285714285 0.39032620922384703 0.02360248447204969 0.015748031496062992
0 0.24285714285714285 0.4049493813273341 0.03354037267080745 0.015748031496062992
0 0.24720496894409938 0.42238470191226096 0.0422360248447205 0.019122609673790775
0 0.3298136645962733 0.34870641169853767 0.19006211180124225 0.05174353205849269
0 0.2937888198757764 0.39707536557930256 0.02360248447204969 0.031496062992125984
0 0.3062111801242236 0.37682789651293586 0.03354037267080745 0.020247469066366704
0 0.31863354037267083 0.3965129358830146 0.03602484472049689 0.0281214848143982
0 0.3670807453416149 0.36670416197975253 0.03850931677018633 0.02699662542182227
0 0.3409937888198758 0.3937007874015748 0.016149068322981366 0.01799775028121485
0 0.3403726708074534 0.3734533183352081 0.03975155279503106 0.03374578177727784
0 0.3652173913043478 0.38976377952755903 0.02981366459627329 0.03262092238470191
0 0.4043478260869565 0.4032620922384702 0.08819875776397515 0.07311586051743532
0 0.2565217391304348 0.43700787401574803 0.12298136645962733 0.048368953880764905
0 0.3596273291925466 0.4161979752530934 0.16273291925465838 0.031496062992125984
0 0.4515527950310559 0.3892013498312711 0.06583850931677018 0.1484814398200225
0 0.5850931677018634 0.3914510686164229 0.0670807453416149 0.015748031496062992
0 0.5875776397515527 0.37739032620922386 0.05962732919254658 0.01687289088863892
0 0.593167701863354 0.35995500562429694 0.058385093167701865 0.020247469066366704
0 0.5944099378881987 0.34026996625421824 0.055900621118012424 0.0281214848143982
0 0.5850931677018634 0.3194600674915636 0.0422360248447205 0.04274465691788527
0 0.6360248447204969 0.37570303712035996 0.07204968944099378 0.1597300337457818
0 0.5453416149068323 0.3712035995500562 0.05962732919254658 0.11698537682789652
0 0.537888198757764 0.3813273340832396 0.11428571428571428 0.08323959505061868
0 0.7192546583850932 0.34364454443194603 0.09192546583850932 0.06186726659167604
0 0.7217391304347827 0.3565804274465692 0.0968944099378882 0.1124859392575928
0 0.7906832298136646 0.3610798650168729 0.07577639751552795 0.17097862767154107
0 0.8273291925465839 0.32677165354330706 0.16149068322981366 0.04611923509561305
0 0.13788819875776398 0.5635545556805399 0.1763975155279503 0.0562429696287964
0 0.11055900621118013 0.515748031496063 0.06459627329192547 0.09336332958380203
0 0.14285714285714285 0.5241844769403825 0.05714285714285714 0.08098987626546682
0 0.10993788819875776 0.609673790776153 0.08322981366459627 0.08773903262092239
0 0.13850931677018632 0.5973003374578177 0.06583850931677018 0.0719910011248594
0 0.2248447204968944 0.5331833520809899 0.08695652173913043 0.09898762654668167
0 0.21304347826086956 0.592800899887514 0.08322981366459627 0.07874015748031496
0 0.41490683229813663 0.5691788526434196 0.04472049689440994 0.05849268841394826
0 0.4372670807453416 0.5866141732283464 0.0422360248447205 0.043869516310461196
0 0.4614906832298137 0.592800899887514 0.03354037267080745 0.04049493813273341
0 0.49006211180124226 0.6006749156355455 0.0484472049689441 0.04274465691788527
0 0.2795031055900621 0.608548931383577 0.049689440993788817 0.06299212598425197
0 0.3447204968944099 0.5658042744656918 0.14037267080745341 0.05849268841394826
0 0.4745341614906832 0.5568053993250843 0.07950310559006211 0.015748031496062992
0 0.4782608695652174 0.5427446569178853 0.08944099378881988 0.019122609673790775
0 0.4788819875776398 0.5247469066366705 0.08074534161490683 0.019122609673790775
0 0.4658385093167702 0.5129358830146231 0.05217391304347826 0.015748031496062992
0 0.4540372670807453 0.4831271091113611 0.08074534161490683 0.07086614173228346
0 0.49751552795031057 0.5213723284589427 0.02608695652173913 0.09111361079865017
0 0.7161490683229814 0.4881889763779528 0.09565217391304348 0.03374578177727784
0 0.6962732919254658 0.5134983127109112 0.11801242236024845 0.03262092238470191
0 0.6093167701863355 0.515185601799775 0.15031055900621118 0.049493813273340834
0 0.5975155279503106 0.49718785151856015 0.06956521739130435 0.047244094488188976
0 0.584472049689441 0.5404949381327334 0.08571428571428572 0.06411698537682789
0 0.6422360248447205 0.531496062992126 0.05962732919254658 0.15185601799775028
0 0.9037267080745341 0.5016872890888638 0.03354037267080745 0.04049493813273341
0 0.9254658385093167 0.5438695163104612 0.05962732919254658 0.03937007874015748
0 0.8118012422360248 0.5399325084364455 0.18509316770186335 0.05174353205849269
0 0.7664596273291926 0.49437570303712036 0.03975155279503106 0.052868391451068614
0 0.7981366459627329 0.5022497187851519 0.04596273291925466 0.052868391451068614
0 0.8093167701863354 0.49887514060742405 0.03602484472049689 0.03487064116985377
0 0.831055900621118 0.48200224971878514 0.04472049689440994 0.048368953880764905
0 0.9397515527950311 0.4499437570303712 0.04596273291925466 0.04499437570303712
0 0.9403726708074535 0.4746906636670416 0.02981366459627329 0.01799775028121485
0 0.9397515527950311 0.4904386951631046 0.03354037267080745 0.013498312710911136
0 0.9354037267080745 0.5039370078740157 0.034782608695652174 0.015748031496062992
0 0.9354037267080745 0.5219347581552306 0.04472049689440994 0.024746906636670417
0 0.968944099378882 0.5140607424071991 0.0422360248447205 0.0922384701912261
0 0.11925465838509317 0.6856017997750281 0.13167701863354037 0.07761529808773904
0 0.13291925465838508 0.6917885264341957 0.08944099378881988 0.08098987626546682
0 0.10559006211180125 0.7575928008998876 0.1341614906832298 0.0843644544431946
0 0.11801242236024845 0.7575928008998876 0.08198757763975155 0.06636670416197975
0 0.10372670807453416 0.7322834645669292 0.03602484472049689 0.047244094488188976
0 0.19130434782608696 0.7249718785151856 0.06956521739130435 0.12485939257592801
0 0.24347826086956523 0.7379077615298087 0.04720496894409938 0.1439820022497188
0 0.29316770186335406 0.6850393700787402 0.05962732919254658 0.05849268841394826
0 0.28695652173913044 0.7649043869516311 0.05217391304347826 0.1124859392575928
0 0.4074534161490683 0.7052868391451068 0.14906832298136646 0.05849268841394826
0 0.3453416149068323 0.7075365579302587 0.037267080745341616 0.1327334083239595
0 0.3869565217391304 0.7092238470191226 0.05341614906832298 0.12485939257592801
0 0.4993788819875776 0.6389201349831272 0.06459627329192547 0.0719910011248594
0 0.5322981366459627 0.6310461192350956 0.05341614906832298 0.06524184476940383
0 0.5559006211180124 0.6377952755905512 0.05341614906832298 0.08323959505061868
0 0.5875776397515527 0.6321709786276716 0.062111801242236024 0.0922384701912261
0 0.493167701863354 0.7075365579302587 0.05217391304347826 0.06974128233970754
0 0.5099378881987577 0.7097862767154106 0.043478260869565216 0.0562429696287964
0 0.5316770186335403 0.7092238470191226 0.037267080745341616 0.048368953880764905
0 0.5546583850931677 0.703599550056243 0.04596273291925466 0.048368953880764905
0 0.5857142857142857 0.7170978627671541 0.058385093167701865 0.07761529808773904
0 0.8490683229813665 0.6496062992125984 0.14285714285714285 0.08886389201349831
0 0.8695652173913043 0.6473565804274466 0.084472049689441 0.14510686164229472
0 0.6894409937888198 0.6923509561304837 0.14161490683229813 0.04161979752530934
0 0.6596273291925466 0.672665916760405 0.05962732919254658 0.020247469066366704
0 0.6559006211180124 0.6608548931383577 0.049689440993788817 0.01687289088863892
0 0.6596273291925466 0.6490438695163104 0.049689440993788817 0.020247469066366704
0 0.6596273291925466 0.6327334083239595 0.0422360248447205 0.021372328458942633
0 0.7428571428571429 0.6062992125984252 0.19875776397515527 0.049493813273340834
0 0.6962732919254658 0.6670416197975253 0.03850931677018633 0.08773903262092239
0 0.7453416149068323 0.6625421822272216 0.10434782608695652 0.04049493813273341
0 0.9304347826086956 0.6344206974128234 0.08944099378881988 0.0764904386951631
0 0.9322981366459627 0.6299212598425197 0.02360248447204969 0.12373453318335208
0 0.9782608695652174 0.6496062992125984 0.02608695652173913 0.16985376827896512
0 0.9695652173913043 0.5956130483689539 0.055900621118012424 0.019122609673790775
0 0.9627329192546584 0.6113610798650169 0.0422360248447205 0.01687289088863892
0 0.9577639751552796 0.6259842519685039 0.03229813664596273 0.021372328458942633
0 0.7484472049689441 0.7896512935883014 0.18509316770186335 0.04274465691788527
0 0.684472049689441 0.766029246344207 0.12173913043478261 0.06299212598425197
0 0.684472049689441 0.8245219347581553 0.16149068322981366 0.06524184476940383
0 0.7763975155279503 0.8053993250843644 0.08198757763975155 0.1687289088863892
0 0.9074534161490683 0.829021372328459 0.09813664596273292 0.04049493813273341
0 0.8900621118012423 0.813273340832396 0.12795031055900621 0.04499437570303712
0 0.9217391304347826 0.7879640044994376 0.06956521739130435 0.023622047244094488
0 0.9 0.7778402699662542 0.10062111801242236 0.025871766029246346
0 0.9006211180124224 0.7626546681664792 0.10683229813664596 0.02699662542182227
0 0.9006211180124224 0.7317210348706412 0.11677018633540373 0.04611923509561305
0 0.9180124223602485 0.7823397075365579 0.03975155279503106 0.12260967379077616
