0 0.5991379310344828 0.07682458386683738 0.20689655172413793 0.12548015364916773
0 0.8060344827586207 0.08706786171574904 0.20689655172413793 0.15108834827144688
0 0.1271551724137931 0.10243277848911651 0.17097701149425287 0.14340588988476313
0 0.34985632183908044 0.08450704225352113 0.2974137931034483 0.14340588988476313
0 0.1300287356321839 0.2618437900128041 0.22844827586206898 0.1293213828425096
0 0.3649425287356322 0.2471190781049936 0.2614942528735632 0.14084507042253522
0 0.5890804597701149 0.23815620998719592 0.1896551724137931 0.14852752880921896
0 0.7579022988505747 0.24327784891165172 0.16522988505747127 0.16901408450704225
0 0.896551724137931 0.2592829705505762 0.10919540229885058 0.15492957746478872
0 0.3074712643678161 0.41357234314980795 0.19827586206896552 0.19206145966709348
0 0.610632183908046 0.39180537772087065 0.4051724137931034 0.15620998719590268
