0 0.1628099173553719 0.12883435582822086 0.19008264462809918 0.147239263803681
0 0.2024793388429752 0.2875766871165644 0.31900826446280994 0.1579754601226994
0 0.09917355371900827 0.4432515337423313 0.12892561983471074 0.15950920245398773
0 0.11735537190082644 0.7822085889570553 0.14214876033057852 0.17177914110429449
0 0.7743801652892562 0.7607361963190185 0.28264462809917357 0.18404907975460122
0 0.743801652892562 0.11733128834355828 0.30413223140495865 0.14570552147239263
0 0.7669421487603306 0.43558282208588955 0.35702479338842974 0.20245398773006135
0 0.5099173553719009 0.27223926380368096 0.2528925619834711 0.17024539877300612
0 0.871900826446281 0.25690184049079756 0.17024793388429751 0.17638036809815952
0 0.1578512396694215 0.6104294478527608 0.23636363636363636 0.15644171779141106
0 0.3933884297520661 0.6127300613496932 0.2413223140495868 0.17331288343558282
0 0.6231404958677685 0.5973926380368099 0.19173553719008266 0.17331288343558282
0 0.8380165289256198 0.5774539877300614 0.21818181818181817 0.14570552147239263
