0 0.10832025117739404 0.10140845070422536 0.16326530612244897 0.14366197183098592
0 0.31475667189952905 0.07676056338028169 0.24960753532182103 0.11690140845070422
0 0.5196232339089482 0.0676056338028169 0.1664050235478807 0.1267605633802817
0 0.13343799058084774 0.6302816901408451 0.2260596546310832 0.14507042253521127
0 0.5572998430141287 0.23028169014084507 0.20722135007849293 0.19014084507042253
0 0.814756671899529 0.2176056338028169 0.28885400313971743 0.20140845070422536
0 0.34301412872841447 0.2471830985915493 0.24332810047095763 0.19014084507042253
0 0.1130298273155416 0.2563380281690141 0.2260596546310832 0.19718309859154928
0 0.7629513343799058 0.07464788732394366 0.3359497645211931 0.11830985915492957
0 0.09105180533751962 0.45704225352112676 0.16326530612244897 0.1732394366197183
0 0.260596546310832 0.4450704225352113 0.14442700156985872 0.18028169014084508
0 0.3618524332810047 0.6211267605633802 0.25588697017268447 0.18028169014084508
0 0.695447409733124 0.7401408450704225 0.1664050235478807 0.15352112676056337
0 0.7841444270015698 0.41338028169014085 0.19623233908948196 0.1732394366197183
0 0.5078492935635793 0.7788732394366197 0.2119309262166405 0.13802816901408452
0 0.31711145996860285 0.778169014084507 0.1726844583987441 0.15352112676056337
0 0.1271585557299843 0.7795774647887324 0.21036106750392464 0.15352112676056337
0 0.8532182103610675 0.7380281690140845 0.16169544740973313 0.15774647887323945
0 0.7048665620094191 0.5795774647887324 0.44583987441130296 0.1676056338028169
