0 0.1767741935483871 0.18956043956043955 0.24516129032258063 0.12197802197802197
0 0.13612903225806453 0.4115384615384615 0.18451612903225806 0.11538461538461539
0 0.11612903225806452 0.2956043956043956 0.1393548387096774 0.12087912087912088
0 0.3225806451612903 0.2967032967032967 0.2812903225806452 0.12307692307692308
0 0.28774193548387095 0.4186813186813187 0.1367741935483871 0.12087912087912088
0 0.5580645161290323 0.19175824175824177 0.1664516129032258 0.12637362637362637
0 0.7238709677419355 0.19725274725274725 0.22193548387096773 0.13296703296703297
0 0.3851612903225806 0.19065934065934065 0.17935483870967742 0.11758241758241758
0 0.3303225806451613 0.7697802197802198 0.11870967741935484 0.12417582417582418
0 0.5245161290322581 0.7637362637362637 0.24129032258064517 0.14285714285714285
0 0.2129032258064516 0.7631868131868131 0.11612903225806452 0.09340659340659341
0 0.8090322580645162 0.7593406593406593 0.31483870967741934 0.12747252747252746
0 0.08709677419354839 0.7604395604395604 0.13548387096774195 0.11868131868131868
0 0.5780645161290323 0.639010989010989 0.15741935483870967 0.11098901098901098
0 0.752258064516129 0.6362637362637362 0.19870967741935483 0.1054945054945055
0 0.9174193548387096 0.6357142857142857 0.1367741935483871 0.11098901098901098
0 0.4206451612903226 0.6450549450549451 0.19096774193548388 0.1076923076923077
0 0.2651612903225806 0.6489010989010989 0.13548387096774195 0.1087912087912088
0 0.1774193548387097 0.6576923076923077 0.08387096774193549 0.1
0 0.08838709677419355 0.6423076923076924 0.13032258064516128 0.11318681318681319
0 0.8851612903225806 0.19230769230769232 0.09548387096774194 0.10989010989010989
0 0.9548387096774194 0.18736263736263736 0.06193548387096774 0.11098901098901098
0 0.5283870967741936 0.30824175824175826 0.15612903225806452 0.1
0 0.7864516129032258 0.31373626373626373 0.32387096774193547 0.1087912087912088
0 0.43870967741935485 0.41813186813186815 0.18580645161290324 0.13076923076923078
0 0.6116129032258064 0.42637362637362636 0.17290322580645162 0.12307692307692308
0 0.8103225806451613 0.4208791208791209 0.23225806451612904 0.11208791208791209
0 0.9593548387096774 0.41318681318681316 0.06064516129032258 0.10989010989010989
0 0.0967741935483871 0.5252747252747253 0.12903225806451613 0.12087912087912088
0 0.2709677419354839 0.5406593406593406 0.2064516129032258 0.10989010989010989
0 0.41483870967741937 0.5351648351648352 0.09935483870967741 0.1054945054945055
0 0.5103225806451613 0.5368131868131868 0.12774193548387097 0.1087912087912088
0 0.6206451612903225 0.5373626373626373 0.10838709677419354 0.0967032967032967
0 0.7361290322580645 0.532967032967033 0.1329032258064516 0.1010989010989011
0 0.8651612903225806 0.5318681318681319 0.14580645161290323 0.11208791208791209
