0 0.7582938388625592 0.15411931818181818 0.3222748815165877 0.14630681818181818
0 0.617693522906793 0.30894886363636365 0.21800947867298578 0.14914772727272727
0 0.13902053712480253 0.4794034090909091 0.22432859399684044 0.16335227272727273
0 0.14533965244865718 0.3132102272727273 0.21169036334913113 0.16619318181818182
0 0.1674565560821485 0.1590909090909091 0.16429699842022116 0.13920454545454544
0 0.4265402843601896 0.3125 0.16429699842022116 0.17329545454545456
0 0.3704581358609795 0.4616477272727273 0.25118483412322273 0.14204545454545456
0 0.5671406003159558 0.45454545454545453 0.15481832543443919 0.14204545454545456
0 0.7930489731437599 0.5830965909090909 0.296998420221169 0.1690340909090909
0 0.5260663507109005 0.6072443181818182 0.2401263823064771 0.1690340909090909
0 0.80173775671406 0.44673295454545453 0.34913112164297 0.14914772727272727
0 0.8751974723538705 0.30326704545454547 0.1990521327014218 0.16051136363636365
0 0.17851500789889416 0.7855113636363636 0.2717219589257504 0.19318181818181818
0 0.42575039494470773 0.7634943181818182 0.25434439178515006 0.15482954545454544
0 0.7116903633491312 0.7606534090909091 0.34913112164297 0.2059659090909091
0 0.9241706161137441 0.7421875 0.08530805687203792 0.19744318181818182
