0 0.13058589870903675 0.21746724890829694 0.21549155908639522 0.13100436681222707
0 0.9548162859980139 0.2170305676855895 0.0605759682224429 0.10742358078602621
0 0.17825223435948362 0.8170305676855896 0.30883813306852037 0.12314410480349346
0 0.5590863952333665 0.8262008733624454 0.14498510427010924 0.1240174672489083
0 0.36295928500496527 0.5655021834061136 0.08440913604766634 0.11790393013100436
0 0.6549155908639523 0.6772925764192139 0.34061569016881826 0.14759825327510917
0 0.32621648460774577 0.21048034934497817 0.18967229394240318 0.11877729257641921
0 0.5446871896722939 0.20655021834061135 0.25521350546176763 0.11790393013100436
0 0.7994041708043694 0.20655021834061135 0.23833167825223436 0.11441048034934498
0 0.054121151936444886 0.3960698689956332 0.08242303872889771 0.10043668122270742
0 0.23386295928500497 0.39737991266375544 0.2611717974180735 0.13624454148471615
0 0.4801390268123138 0.4039301310043668 0.25521350546176763 0.14585152838427948
0 0.2571996027805363 0.5580786026200873 0.1112214498510427 0.11703056768558952
0 0.5208540218470705 0.5467248908296943 0.1916583912611718 0.125764192139738
0 0.6792452830188679 0.5379912663755458 0.13902681231380337 0.12925764192139738
0 0.10079443892750745 0.5720524017467249 0.19761668321747766 0.15196506550218342
0 0.40615690168818275 0.8192139737991266 0.1708043694141013 0.13275109170305677
0 0.70506454816286 0.8113537117903931 0.141012909632572 0.11004366812227075
0 0.8490566037735849 0.8113537117903931 0.1509433962264151 0.1554585152838428
0 0.8465739821251241 0.5467248908296943 0.21946375372393248 0.125764192139738
0 0.9220456802383317 0.6672489082969433 0.1002979145978153 0.13275109170305677
0 0.22889771598808342 0.04978165938864629 0.24329692154915591 0.09956331877729258
0 0.45630585898709036 0.034934497816593885 0.2234359483614697 0.06986899563318777
0 0.6385302879841113 0.053711790393013104 0.1529294935451837 0.09868995633187773
0 0.8083416087388282 0.07205240174672489 0.1628599801390268 0.11441048034934498
0 0.807845084409136 0.3960698689956332 0.38629592850049654 0.1685589519650655
