0 0.12661870503597122 0.11380145278450363 0.20431654676258992 0.15012106537530268
0 0.5992805755395684 0.4019370460048426 0.25467625899280577 0.16707021791767554
0 0.3424460431654676 0.40375302663438256 0.21007194244604316 0.16101694915254236
0 0.8410071942446044 0.7602905569007264 0.10215827338129496 0.15012106537530268
0 0.7366906474820144 0.7608958837772397 0.11510791366906475 0.15375302663438256
0 0.8496402877697842 0.9098062953995157 0.17697841726618704 0.12469733656174334
0 0.5064748201438849 0.5744552058111381 0.1697841726618705 0.18038740920096852
0 0.0985611510791367 0.5490314769975787 0.17410071942446043 0.18280871670702178
0 0.5194244604316547 0.0950363196125908 0.26187050359712233 0.15375302663438256
0 0.1079136690647482 0.38256658595641646 0.2014388489208633 0.162227602905569
0 0.5294964028776978 0.25786924939467315 0.5611510791366906 0.13801452784503632
0 0.3064748201438849 0.5599273607748184 0.2589928057553957 0.17554479418886199
0 0.18705035971223022 0.8807506053268765 0.3424460431654676 0.11743341404358354
0 0.7453237410071942 0.5478208232445521 0.32805755395683456 0.1513317191283293
0 0.1381294964028777 0.7608958837772397 0.22158273381294963 0.12953995157384987
0 0.34676258992805753 0.7342615012106537 0.21007194244604316 0.11016949152542373
0 0.5676258992805755 0.7457627118644068 0.24316546762589927 0.15254237288135594
0 0.943884892086331 0.7687651331719129 0.08920863309352518 0.12832929782082325
0 0.89568345323741 0.10956416464891042 0.1884892086330935 0.1585956416464891
0 0.8769784172661871 0.25786924939467315 0.17985611510791366 0.14769975786924938
0 0.9079136690647482 0.38861985472154964 0.1237410071942446 0.1549636803874092
