0 0.09913793103448276 0.16023166023166024 0.08908045977011494 0.05694980694980695
0 0.06513409961685823 0.24951737451737452 0.07854406130268199 0.06660231660231661
0 0.20450191570881227 0.16095559845559845 0.14272030651340997 0.08156370656370657
0 0.2078544061302682 0.23648648648648649 0.22413793103448276 0.07915057915057915
0 0.38553639846743293 0.2249034749034749 0.15804597701149425 0.07432432432432433
0 0.5282567049808429 0.22152509652509653 0.1446360153256705 0.06274131274131274
0 0.6781609195402298 0.2208011583011583 0.16283524904214558 0.06708494208494209
0 0.7959770114942529 0.22297297297297297 0.08812260536398467 0.06467181467181467
0 0.09243295019157088 0.3161196911196911 0.14846743295019157 0.07528957528957529
0 0.24042145593869732 0.3071911196911197 0.15900383141762453 0.07287644787644787
0 0.37308429118773945 0.3026061776061776 0.12164750957854406 0.08301158301158301
0 0.507183908045977 0.2980212355212355 0.1657088122605364 0.08445945945945946
0 0.6288314176245211 0.298503861003861 0.09291187739463602 0.07094594594594594
0 0.7413793103448276 0.2972972972972973 0.14559386973180077 0.07335907335907337
0 0.09195402298850575 0.5258204633204633 0.1206896551724138 0.07094594594594594
0 0.23850574712643677 0.5238899613899614 0.16666666666666666 0.07287644787644787
0 0.40804597701149425 0.5258204633204633 0.1781609195402299 0.06708494208494209
0 0.5823754789272031 0.5258204633204633 0.16475095785440613 0.07094594594594594
0 0.06082375478927203 0.5955598455598455 0.08524904214559387 0.0637065637065637
0 0.09770114942528736 0.6587837837837838 0.15708812260536398 0.06660231660231661
0 0.1867816091954023 0.5931467181467182 0.1685823754789272 0.06467181467181467
0 0.31657088122605365 0.5909749034749034 0.10440613026819924 0.06418918918918919
0 0.4018199233716475 0.5902509652509652 0.08908045977011494 0.06563706563706563
0 0.5263409961685823 0.5902509652509652 0.16379310344827586 0.06274131274131274
0 0.6475095785440613 0.5733590733590733 0.07662835249042145 0.032818532818532815
0 0.6728927203065134 0.5890444015444015 0.17337164750957854 0.06708494208494209
0 0.796455938697318 0.5880791505791506 0.08524904214559387 0.06805019305019305
0 0.8936781609195402 0.5892857142857143 0.10919540229885058 0.06467181467181467
0 0.17049808429118773 0.38055019305019305 0.11685823754789272 0.0555019305019305
0 0.29693486590038315 0.37282818532818535 0.1532567049808429 0.06225868725868726
0 0.4382183908045977 0.36631274131274133 0.09865900383141762 0.04247104247104247
0 0.5421455938697318 0.38465250965250963 0.3620689655172414 0.10231660231660232
