0 0.11246418338108882 0.1271870794078062 0.17621776504297995 0.14670255720053835
0 0.2521489971346705 0.11440107671601615 0.10028653295128939 0.13458950201884254
0 0.38968481375358166 0.11507402422611036 0.17765042979942694 0.1440107671601615
0 0.11318051575931232 0.6117092866756393 0.1489971346704871 0.17631224764468373
0 0.25859598853868193 0.6224764468371468 0.13896848137535817 0.1440107671601615
0 0.12034383954154727 0.7503364737550471 0.18624641833810887 0.14670255720053835
0 0.7392550143266475 0.26446837146702556 0.2607449856733524 0.14131897711978467
0 0.6103151862464183 0.11440107671601615 0.25501432664756446 0.1480484522207268
0 0.8488538681948424 0.13593539703903096 0.2134670487106017 0.14535666218034993
0 0.1332378223495702 0.29946164199192465 0.2148997134670487 0.17900403768506057
0 0.4169054441260745 0.2934051144010767 0.3753581661891118 0.17496635262449528
0 0.5243553008595988 0.604306864064603 0.2693409742120344 0.15881561238223418
0 0.8108882521489972 0.5881561238223418 0.3151862464183381 0.1695827725437416
0 0.30945558739255014 0.753028263795424 0.18911174785100288 0.1278600269179004
0 0.49426934097421205 0.7537012113055181 0.17765042979942694 0.11843876177658143
0 0.8939828080229226 0.7274562584118439 0.22063037249283668 0.14939434724091522
0 0.22922636103151864 0.879542395693136 0.2349570200573066 0.13324360699865412
0 0.4262177650429799 0.8815612382234186 0.1504297994269341 0.13458950201884254
0 0.5616045845272206 0.8862718707940781 0.14326647564469913 0.14670255720053835
0 0.8022922636103151 0.8788694481830417 0.33810888252148996 0.17227456258411844
0 0.6726361031518625 0.7409152086137282 0.19627507163323782 0.1278600269179004
0 0.9197707736389685 0.2711978465679677 0.1174785100286533 0.13324360699865412
