0 0.21706864564007422 0.09318181818181819 0.300556586270872 0.10151515151515152
0 0.47031539888682744 0.1 0.16883116883116883 0.10909090909090909
0 0.7244897959183674 0.11893939393939394 0.3877551020408163 0.14393939393939395
0 0.19480519480519481 0.2878787878787879 0.24489795918367346 0.1393939393939394
0 0.8645640074211502 0.2537878787878788 0.21150278293135436 0.15303030303030302
0 0.16048237476808905 0.575 0.1836734693877551 0.14393939393939395
0 0.40816326530612246 0.5825757575757575 0.29684601113172543 0.14393939393939395
0 0.6558441558441559 0.571969696969697 0.17996289424860853 0.1621212121212121
0 0.8608534322820037 0.5598484848484848 0.24489795918367346 0.16818181818181818
0 0.15584415584415584 0.7272727272727273 0.23376623376623376 0.13636363636363635
0 0.4230055658627087 0.7287878787878788 0.31539888682745826 0.1484848484848485
0 0.17532467532467533 0.8742424242424243 0.22820037105751392 0.15757575757575756
0 0.4230055658627087 0.8787878787878788 0.27087198515769945 0.15454545454545454
0 0.6586270871985158 0.875 0.20037105751391465 0.1621212121212121
0 0.8747680890538033 0.8636363636363636 0.16512059369202226 0.17575757575757575
0 0.7393320964749536 0.7212121212121212 0.37662337662337664 0.14242424242424243
0 0.9526901669758813 0.7045454545454546 0.09090909090909091 0.13333333333333333
