0 0.2945619335347432 0.09833024118738404 0.1822759315206445 0.09461966604823747
0 0.473313192346425 0.09601113172541743 0.14904330312185296 0.10667903525046382
0 0.23564954682779457 0.19341372912801486 0.0866062437059416 0.10111317254174397
0 0.3635448136958711 0.19155844155844157 0.15911379657603222 0.09183673469387756
0 0.5236656596173213 0.19294990723562153 0.15307150050352467 0.09647495361781076
0 0.6445115810674723 0.19155844155844157 0.08862034239677745 0.09183673469387756
0 0.7648539778449144 0.19202226345083487 0.14602215508559918 0.09833024118738404
0 0.8811681772406847 0.19944341372912802 0.07854984894259819 0.09647495361781076
0 0.7391742195367573 0.28664192949907236 0.1309164149043303 0.10204081632653061
0 0.8746223564954683 0.2884972170686456 0.14803625377643503 0.09833024118738404
0 0.5715005035246727 0.2820037105751391 0.17421953675730112 0.09647495361781076
0 0.11883182275931521 0.6113172541743971 0.15508559919436052 0.10018552875695733
0 0.2618328298086606 0.6108534322820037 0.1268882175226586 0.11595547309833024
0 0.38872104733131924 0.5960111317254174 0.12487411883182276 0.09925788497217068
0 0.5100704934541792 0.7026901669758813 0.09566968781470292 0.10111317254174397
0 0.6465256797583081 0.6957328385899815 0.1772406847935549 0.10018552875695733
0 0.3469284994964753 0.7101113172541744 0.1863041289023162 0.10667903525046382
0 0.14400805639476336 0.7221706864564007 0.16515609264853978 0.11410018552875696
0 0.17623363544813697 0.8358070500927643 0.18932527693857 0.11688311688311688
0 0.35246727089627394 0.8320964749536178 0.15508559919436052 0.10018552875695733
0 0.5216515609264853 0.8404452690166976 0.1691842900302115 0.13172541743970315
0 0.6993957703927492 0.8223562152133581 0.162134944612286 0.11781076066790352
0 0.1309164149043303 0.10482374768089053 0.12890231621349446 0.08905380333951762
0 0.11732124874118832 0.2012987012987013 0.1419939577039275 0.10946196660482375
0 0.12185297079556898 0.29730983302411873 0.16717019133937563 0.09183673469387756
0 0.2799597180261833 0.29267161410018555 0.16515609264853978 0.09369202226345083
0 0.41943605236656595 0.2810760667903525 0.11379657603222558 0.08719851576994433
0 0.10725075528700906 0.4025974025974026 0.13595166163141995 0.10946196660482375
0 0.24269889224572003 0.3937847866419295 0.14300100704934543 0.10667903525046382
0 0.3741188318227593 0.3845083487940631 0.11379657603222558 0.11410018552875696
0 0.5574018126888217 0.38636363636363635 0.2366565961732125 0.11781076066790352
0 0.12134944612286001 0.5111317254174397 0.1540785498489426 0.09647495361781076
0 0.27442094662638467 0.5018552875695733 0.1661631419939577 0.10204081632653061
0 0.4436052366565962 0.49860853432282004 0.18026183282980865 0.10111317254174397
0 0.6409869083585096 0.4995361781076067 0.12386706948640483 0.09925788497217068
0 0.7648539778449144 0.5 0.11581067472306143 0.09461966604823747
0 0.5684793554884189 0.5978664192949907 0.21852970795568982 0.09740259740259741
0 0.7492447129909365 0.5769944341372912 0.14098690835850958 0.08719851576994433
0 0.8464249748237663 0.5867346938775511 0.07150050352467271 0.11038961038961038
0 0.6097683786505539 0.09879406307977737 0.11581067472306143 0.08812615955473098
0 0.7260825780463243 0.10528756957328386 0.14098690835850958 0.07884972170686456
0 0.7351460221550856 0.3942486085343228 0.12890231621349446 0.10760667903525047
0 0.850453172205438 0.39517625231910947 0.11581067472306143 0.10946196660482375
0 0.9441087613293051 0.39332096474953615 0.07955689828801611 0.1150278293135436
0 0.9355488418932527 0.5742115027829313 0.12487411883182276 0.1150278293135436
0 0.324269889224572 0.949443413729128 0.2054380664652568 0.0862708719851577
0 0.5020140986908358 0.9461966604823747 0.07955689828801611 0.07977736549165121
0 0.6435045317220544 0.9424860853432282 0.15508559919436052 0.09276437847866419
0 0.7930513595166163 0.9308905380333952 0.1500503524672709 0.06957328385899815
