0 0.2037292817679558 0.14736164736164736 0.31629834254143646 0.16602316602316602
0 0.45234806629834257 0.1402831402831403 0.16160220994475138 0.15701415701415702
0 0.3736187845303867 0.5945945945945946 0.18922651933701656 0.16731016731016732
0 0.14502762430939226 0.5656370656370656 0.26795580110497236 0.17374517374517376
0 0.12154696132596685 0.7709137709137709 0.21823204419889503 0.1981981981981982
0 0.5483425414364641 0.4086229086229086 0.20165745856353592 0.15315315315315314
0 0.7168508287292817 0.4163449163449163 0.12430939226519337 0.1994851994851995
0 0.13121546961325967 0.3912483912483912 0.19337016574585636 0.17245817245817247
0 0.6429558011049724 0.15444015444015444 0.19475138121546962 0.18275418275418276
0 0.8149171270718232 0.13513513513513514 0.15469613259668508 0.15701415701415702
0 0.5573204419889503 0.5933075933075933 0.19751381215469613 0.19047619047619047
0 0.705110497237569 0.5630630630630631 0.12016574585635359 0.12483912483912483
0 0.819060773480663 0.5727155727155727 0.1298342541436464 0.15444015444015444
0 0.925414364640884 0.12934362934362933 0.10497237569060773 0.16344916344916344
