0 0.6799797775530839 0.08556461001164144 0.07583417593528817 0.10826542491268917
0 0.7997977755308392 0.10186263096623982 0.14964610717896865 0.11059371362048893
0 0.27199191102123355 0.20081490104772992 0.07684529828109202 0.12689173457508732
0 0.27603640040444893 0.32479627473806755 0.13144590495449948 0.12572759022118743
0 0.1365015166835187 0.5570430733410943 0.08291203235591507 0.12922002328288706
0 0.26188068756319516 0.5622817229336438 0.16177957532861476 0.13038416763678695
0 0.3872598584428716 0.5669383003492433 0.08088978766430738 0.1350407450523865
0 0.5197168857431749 0.5564610011641443 0.16582406471183014 0.1350407450523865
0 0.18604651162790697 0.43655413271245636 0.1577350859453994 0.11874272409778813
0 0.3361981799797776 0.4359720605355064 0.14459049544994945 0.13154831199068684
0 0.6799797775530839 0.5640279394644936 0.1486349848331648 0.13387660069848661
0 0.39686552072800807 0.20372526193247964 0.16076845298281092 0.1210710128055879
0 0.3862487360970677 0.810826542491269 0.23255813953488372 0.13387660069848661
0 0.1789686552072801 0.8015133876600699 0.19009100101112233 0.1478463329452852
0 0.3695652173913043 0.9336437718277066 0.1890798786653185 0.11874272409778813
0 0.5308392315470172 0.9365541327124564 0.17593528816986856 0.11292200232828871
0 0.14155712841253792 0.30908032596041907 0.1597573306370071 0.13853317811408614
0 0.44641051567239637 0.07741559953434225 0.0717896865520728 0.12456344586728754
0 0.3473205257836198 0.08207217694994179 0.1486349848331648 0.12223515715948778
0 0.5606673407482305 0.08090803259604191 0.15672396359959556 0.119906868451688
0 0.5626895854398383 0.20547147846332944 0.1769464105156724 0.13154831199068684
0 0.7123356926188069 0.1909196740395809 0.12841253791708795 0.12339930151338765
0 0.46309403437815977 0.3213038416763679 0.24064711830131447 0.12572759022118743
0 0.666835187057634 0.31140861466821884 0.1870576339737108 0.119906868451688
0 0.7896865520728008 0.3084982537834691 0.07684529828109202 0.11874272409778813
0 0.49646107178968657 0.43888242142025613 0.1961577350859454 0.1210710128055879
0 0.6799797775530839 0.4348079161816065 0.17290192113245703 0.12922002328288706
0 0.7912032355915066 0.430151338766007 0.06370070778564206 0.12689173457508732
0 0.16127401415571285 0.6693830034924331 0.1789686552072801 0.13038416763678695
0 0.33114256825075833 0.6816065192083819 0.19514661274014156 0.12223515715948778
0 0.49848331648129424 0.6885913853317811 0.14560161779575329 0.12922002328288706
0 0.615267947421638 0.6833527357392316 0.0839231547017189 0.11874272409778813
0 0.7259858442871587 0.6746216530849826 0.17795753286147623 0.13154831199068684
0 0.8811931243680485 0.6717112922002328 0.14054600606673406 0.1350407450523865
0 0.6137512639029322 0.8149010477299186 0.224469160768453 0.1280558789289872
0 0.7972699696663297 0.5529685681024447 0.09201213346814964 0.12572759022118743
0 0.9089989888776542 0.5471478463329453 0.14762386248736098 0.11641443538998836
0 0.8705763397371082 0.29452852153667053 0.09302325581395349 0.12572759022118743
0 0.17087967644084934 0.13445867287543656 0.18604651162790697 0.16880093131548313
