0 0.728448275862069 0.13817480719794345 0.3017241379310345 0.15295629820051415
0 0.13505747126436782 0.14460154241645246 0.13505747126436782 0.15038560411311053
0 0.1839080459770115 0.4440874035989717 0.2672413793103448 0.15809768637532134
0 0.1278735632183908 0.7930591259640103 0.13505747126436782 0.14652956298200515
0 0.2579022988505747 0.7988431876606684 0.13649425287356323 0.14267352185089974
0 0.4525862068965517 0.7911311053984575 0.27586206896551724 0.17609254498714652
0 0.6882183908045977 0.6169665809768637 0.27873563218390807 0.18766066838046272
0 0.46120689655172414 0.5983290488431876 0.19827586206896552 0.15295629820051415
0 0.1271551724137931 0.9106683804627249 0.1853448275862069 0.10411311053984576
0 0.610632183908046 0.9196658097686375 0.14080459770114942 0.09125964010282776
0 0.16810344827586207 0.2892030848329049 0.25 0.14910025706940874
0 0.4849137931034483 0.2866323907455013 0.40948275862068967 0.16452442159383032
0 0.8096264367816092 0.28727506426735216 0.257183908045977 0.17866323907455012
0 0.4489942528735632 0.44087403598971725 0.27729885057471265 0.14395886889460155
0 0.7255747126436781 0.4440874035989717 0.28735632183908044 0.15552699228791775
0 0.9288793103448276 0.4203084832904884 0.11925287356321838 0.14138817480719795
0 0.22701149425287356 0.609254498714653 0.27586206896551724 0.17223650385604114
0 0.6616379310344828 0.7988431876606684 0.17385057471264367 0.16066838046272494
0 0.36278735632183906 0.8997429305912596 0.17672413793103448 0.10025706940874037
0 0.8670977011494253 0.7898457583547558 0.2543103448275862 0.16066838046272494
0 0.9109195402298851 0.6066838046272494 0.1752873563218391 0.2133676092544987
