0 0.10012594458438287 0.09361471861471861 0.11712846347607053 0.11580086580086581
0 0.801007556675063 0.0735930735930736 0.26700251889168763 0.11471861471861472
0 0.10327455919395466 0.33170995670995673 0.17380352644836272 0.12229437229437229
0 0.8085642317380353 0.3014069264069264 0.27204030226700254 0.14177489177489178
0 0.8041561712846348 0.5492424242424242 0.24811083123425692 0.13095238095238096
0 0.09382871536523929 0.5838744588744589 0.13224181360201512 0.14177489177489178
0 0.40554156171284633 0.45021645021645024 0.2770780856423174 0.14285714285714285
0 0.6952141057934509 0.43235930735930733 0.2947103274559194 0.14177489177489178
0 0.14483627204030228 0.8739177489177489 0.25440806045340053 0.14177489177489178
0 0.09634760705289673 0.22402597402597402 0.15491183879093198 0.13203463203463203
0 0.5629722921914357 0.18993506493506493 0.2367758186397985 0.14177489177489178
0 0.7751889168765743 0.18722943722943722 0.18765743073047858 0.13636363636363635
0 0.31045340050377834 0.19805194805194806 0.2884130982367758 0.16883116883116883
0 0.14231738035264482 0.45346320346320346 0.24937027707808565 0.13636363636363635
0 0.7751889168765743 0.8463203463203464 0.3236775818639798 0.16883116883116883
0 0.8526448362720404 0.6877705627705628 0.181360201511335 0.1396103896103896
0 0.9326196473551638 0.17586580086580086 0.13224181360201512 0.12229437229437229
0 0.9338790931989924 0.41774891774891776 0.1297229219143577 0.12987012987012986
0 0.3589420654911839 0.7305194805194806 0.6700251889168766 0.15584415584415584
