0 0.11546610169491525 0.34280792420327305 0.2033898305084746 0.11024978466838932
0 0.11334745762711865 0.5977605512489234 0.19915254237288135 0.09646856158484066
0 0.590572033898305 0.8311800172265289 0.19597457627118645 0.1223083548664944
0 0.840042372881356 0.8251507321274764 0.2605932203389831 0.12058570198105081
0 0.5789194915254238 0.7114556416881999 0.1896186440677966 0.11024978466838932
0 0.7976694915254238 0.5917312661498708 0.3961864406779661 0.11541774332472007
0 0.3940677966101695 0.8294573643410853 0.1885593220338983 0.12919896640826872
0 0.798728813559322 0.7062876830318691 0.2542372881355932 0.12058570198105081
0 0.1292372881355932 0.8363479758828596 0.2478813559322034 0.14987080103359174
0 0.5768008474576272 0.45305770887166236 0.1853813559322034 0.19638242894056848
0 0.8813559322033898 0.45133505598621876 0.2288135593220339 0.10680447889750215
0 0.3093220338983051 0.4496124031007752 0.336864406779661 0.1515934539190353
0 0.07627118644067797 0.45133505598621876 0.1461864406779661 0.13092161929371232
0 0.3156779661016949 0.5960378983634798 0.2097457627118644 0.11369509043927649
0 0.149364406779661 0.08957795004306632 0.24152542372881355 0.10335917312661498
0 0.4909957627118644 0.05857019810508183 0.4163135593220339 0.10335917312661498
0 0.9279661016949152 0.3273040482342808 0.1059322033898305 0.1343669250645995
0 0.7584745762711864 0.0611541774332472 0.11864406779661017 0.09819121447028424
0 0.8792372881355932 0.06546080964685616 0.13135593220338984 0.12747631352282515
0 0.2632415254237288 0.17829457364341086 0.5116525423728814 0.14642549526270457
0 0.701271186440678 0.18863049095607234 0.2838983050847458 0.14642549526270457
0 0.8877118644067796 0.18776916451335057 0.09745762711864407 0.13092161929371232
0 0.5100635593220338 0.6007751937984496 0.1832627118644068 0.1024978466838932
0 0.2537076271186441 0.7088716623600344 0.4650423728813559 0.11714039621016366
0 0.9623940677966102 0.7032730404823428 0.07521186440677965 0.12144702842377261
