0 0.0832517140058766 0.28397212543554007 0.08031341821743389 0.12427409988385599
0 0.1733594515181195 0.2787456445993031 0.09990205680705191 0.13704994192799072
0 0.10137120470127327 0.5180023228803716 0.11851126346718903 0.0975609756097561
0 0.098922624877571 0.6463414634146342 0.10969637610186092 0.10104529616724739
0 0.07933398628795299 0.40301974448315914 0.08227228207639568 0.13240418118466898
0 0.19931439764936337 0.40011614401858303 0.14985308521057786 0.13821138211382114
0 0.14103819784524976 0.156794425087108 0.15279138099902057 0.10220673635307782
0 0.22331047992164543 0.7711962833914053 0.08619000979431929 0.13937282229965156
0 0.35896180215475026 0.9036004645760743 0.15768854064642507 0.10685249709639953
0 0.3129285014691479 0.156794425087108 0.1890303623898139 0.14169570267131243
0 0.4990205680705191 0.16085946573751453 0.11263467189030363 0.13356562137049943
0 0.6508325171400587 0.1672473867595819 0.11851126346718903 0.13008130081300814
0 0.222820763956905 0.6451800232288037 0.14789422135161606 0.13821138211382114
0 0.366307541625857 0.6573751451800233 0.14299706170421156 0.14634146341463414
0 0.2218413320274241 0.519163763066202 0.13222331047992164 0.1207897793263647
0 0.5058765915768854 0.9070847851335656 0.14005876591576885 0.12775842044134728
0 0.3364348677766895 0.2787456445993031 0.23016650342801176 0.1254355400696864
0 0.5362389813907933 0.2781649245063879 0.15768854064642507 0.11265969802555169
0 0.6743388834476004 0.2735191637630662 0.12242899118511263 0.12195121951219512
0 0.3403525954946131 0.5220673635307782 0.10088148873653281 0.11265969802555169
0 0.5499510284035259 0.648664343786295 0.20666013712047013 0.13588850174216027
0 0.7233104799216454 0.6451800232288037 0.16748285994123407 0.156794425087108
0 0.8653281096963761 0.6515679442508711 0.12830558276199805 0.15563298490127758
0 0.9559255631733594 0.6521486643437863 0.07051909892262488 0.14750290360046459
0 0.11508325171400588 0.7723577235772358 0.13614103819784526 0.13704994192799072
0 0.17874632713026445 0.8943089430894309 0.20274240940254654 0.1091753774680604
0 0.6361410381978453 0.9157955865272939 0.13026444662095985 0.10801393728222997
0 0.7654260528893242 0.9123112659698026 0.13809990205680706 0.10104529616724739
0 0.8839373163565132 0.9059233449477352 0.0832517140058766 0.10220673635307782
0 0.3305582761998041 0.3989547038327526 0.12438785504407443 0.13124274099883856
0 0.8893241919686582 0.38385598141695704 0.1665034280117532 0.1753774680603949
0 0.7497551420176298 0.39198606271777003 0.10675808031341821 0.14982578397212543
0 0.341332027424094 0.7613240418118467 0.14397649363369247 0.12427409988385599
0 0.49657198824681686 0.7764227642276422 0.13712047012732614 0.13588850174216027
0 0.6248775710088149 0.7857142857142857 0.12340842311459353 0.14285714285714285
0 0.7487757100881489 0.7822299651567944 0.12047012732615084 0.1173054587688734
0 0.8697355533790402 0.7938443670150988 0.14299706170421156 0.13356562137049943
