0 0.14227642276422764 0.2115677321156773 0.20557491289198607 0.2465753424657534
0 0.3333333333333333 0.18188736681887366 0.1672473867595819 0.2115677321156773
0 0.5058072009291521 0.1643835616438356 0.16840882694541232 0.197869101978691
0 0.15098722415795587 0.8234398782343988 0.1207897793263647 0.1308980213089802
0 0.14924506387921022 0.4429223744292237 0.2590011614401858 0.228310502283105
0 0.15969802555168408 0.6461187214611872 0.27990708478513354 0.2024353120243531
0 0.39256678281068524 0.4155251141552511 0.18583042973286876 0.2465753424657534
0 0.43960511033681765 0.786910197869102 0.41231126596980255 0.2070015220700152
0 0.8054587688734031 0.7374429223744292 0.2868757259001161 0.2663622526636225
0 0.429732868757259 0.6057838660578386 0.2415795586527294 0.2252663622526636
0 0.7363530778164924 0.558599695585997 0.3228803716608595 0.2343987823439878
