0 0.07481751824817519 0.45481049562682213 0.10340632603406326 0.15743440233236153
0 0.0681265206812652 0.6005830903790087 0.09975669099756691 0.15451895043731778
0 0.21350364963503649 0.4613702623906705 0.19586374695863748 0.14431486880466474
0 0.4239659367396594 0.46355685131195334 0.24695863746958638 0.1457725947521866
0 0.3710462287104623 0.3141399416909621 0.12165450121654502 0.1618075801749271
0 0.504257907542579 0.3097667638483965 0.18126520681265207 0.16472303206997085
0 0.7062043795620438 0.3112244897959184 0.22019464720194648 0.16763848396501457
0 0.17579075425790755 0.3163265306122449 0.2591240875912409 0.15160349854227406
0 0.666058394160584 0.46282798833819244 0.2761557177615572 0.17346938775510204
0 0.8728710462287105 0.467201166180758 0.14720194647201945 0.16472303206997085
0 0.18065693430656934 0.6071428571428571 0.13990267639902676 0.15597667638483964
0 0.3236009732360097 0.6107871720116618 0.15571776155717762 0.16034985422740525
0 0.11496350364963503 0.7237609329446064 0.17883211678832117 0.15306122448979592
0 0.2773722627737226 0.7419825072886297 0.19951338199513383 0.15451895043731778
0 0.4732360097323601 0.7536443148688047 0.19708029197080293 0.16909620991253643
0 0.6490267639902676 0.749271137026239 0.20316301703163017 0.1661807580174927
0 0.16727493917274938 0.8389212827988338 0.20559610705596107 0.1588921282798834
0 0.3746958637469586 0.8739067055393586 0.23114355231143552 0.15306122448979592
0 0.5912408759124088 0.8811953352769679 0.24087591240875914 0.13556851311953352
0 0.7901459854014599 0.8666180758017493 0.20316301703163017 0.15306122448979592
0 0.5450121654501217 0.5816326530612245 0.26277372262773724 0.14868804664723032
0 0.17822384428223845 0.18658892128279883 0.22749391727493917 0.11661807580174927
0 0.3759124087591241 0.16982507288629736 0.21897810218978103 0.13556851311953352
0 0.5602189781021898 0.17055393586005832 0.20072992700729927 0.13994169096209913
0 0.7658150851581509 0.18221574344023322 0.21776155717761558 0.15160349854227406
