0 0.11164623467600701 0.09782608695652174 0.07267950963222417 0.11067193675889328
0 0.28283712784588444 0.191699604743083 0.1330998248686515 0.11067193675889328
0 0.06786339754816112 0.375 0.06742556917688267 0.0958498023715415
0 0.21978984238178634 0.09189723320158102 0.15236427320490367 0.10474308300395258
0 0.15761821366024517 0.38636363636363635 0.1295971978984238 0.11067193675889328
0 0.2968476357267951 0.38537549407114624 0.13485113835376533 0.1067193675889328
0 0.3345008756567426 0.2974308300395257 0.05779334500875657 0.09881422924901186
0 0.436077057793345 0.29051383399209485 0.1436077057793345 0.10276679841897234
0 0.5525394045534151 0.4851778656126482 0.07355516637478109 0.09881422924901186
0 0.4890542907180385 0.5928853754940712 0.0691768826619965 0.11462450592885376
0 0.14711033274956217 0.8799407114624506 0.1436077057793345 0.10573122529644269
0 0.36777583187390545 0.09239130434782608 0.16112084063047286 0.10770750988142293
0 0.5761821366024519 0.29150197628458496 0.12784588441331 0.09881422924901186
0 0.7263572679509632 0.29347826086956524 0.1725043782837128 0.09288537549407115
0 0.8309982486865148 0.2910079051383399 0.05779334500875657 0.08992094861660078
0 0.43782837127845886 0.3878458498023715 0.15061295971978983 0.09980237154150198
0 0.5919439579684763 0.37796442687747034 0.1786339754816112 0.10573122529644269
0 0.7745183887915937 0.3799407114624506 0.19176882661996497 0.10770750988142293
0 0.2613835376532399 0.4807312252964427 0.18476357267950963 0.09387351778656126
0 0.10026269702276708 0.4688735177865613 0.15148861646234676 0.11363636363636363
0 0.4273204903677758 0.4817193675889328 0.1646234676007005 0.10375494071146245
0 0.6900175131348512 0.48122529644268774 0.15586690017513136 0.10276679841897234
0 0.8423817863397548 0.46047430830039526 0.16112084063047286 0.11462450592885376
0 0.063922942206655 0.6753952569169961 0.07530647985989491 0.11956521739130435
0 0.4435201401050788 0.6907114624505929 0.16199649737302976 0.10869565217391304
0 0.574430823117338 0.691699604743083 0.12784588441331 0.10276679841897234
0 0.6738178633975481 0.692193675889328 0.06217162872154115 0.09782608695652174
0 0.7552539404553416 0.6818181818181818 0.11471103327495621 0.116600790513834
0 0.8581436077057794 0.6699604743083004 0.10157618213660245 0.12055335968379446
0 0.10464098073555167 0.7658102766798419 0.0989492119089317 0.12845849802371542
0 0.20183887915936952 0.782608695652174 0.13222416812609458 0.11462450592885376
0 0.3839754816112084 0.7835968379446641 0.27057793345008757 0.116600790513834
0 0.5499124343257443 0.7845849802371542 0.07705779334500876 0.10474308300395258
0 0.6628721541155866 0.7875494071146245 0.13485113835376533 0.09881422924901186
0 0.7793345008756567 0.767292490118577 0.0595446584938704 0.10573122529644269
0 0.44702276707530647 0.19268774703557312 0.21453590192644484 0.09683794466403162
0 0.617338003502627 0.19515810276679843 0.15061295971978983 0.0958498023715415
0 0.7219789842381786 0.1941699604743083 0.06042031523642732 0.10177865612648221
0 0.06348511383537653 0.5647233201581028 0.08493870402802102 0.10770750988142293
0 0.1646234676007005 0.5760869565217391 0.13485113835376533 0.11264822134387352
0 0.3362521891418564 0.5780632411067194 0.23642732049036777 0.12450592885375494
0 0.15148861646234676 0.6719367588932806 0.12084063047285463 0.1067193675889328
0 0.28283712784588444 0.6823122529644269 0.1646234676007005 0.10968379446640317
0 0.138353765323993 0.19021739130434784 0.14711033274956217 0.08992094861660078
0 0.12259194395796848 0.2845849802371542 0.14535901926444833 0.09486166007905138
0 0.23992994746059546 0.28804347826086957 0.11558669001751314 0.09189723320158102
