0 0.07978075517661389 0.3012684989429176 0.13032886723507917 0.1839323467230444
0 0.19732034104750304 0.30761099365750527 0.1218026796589525 0.19661733615221988
0 0.2978075517661389 0.2928118393234672 0.10109622411693057 0.17970401691331925
0 0.4123020706455542 0.2758985200845666 0.1278928136419001 0.14587737843551796
0 0.5207064555420219 0.273784355179704 0.10109622411693057 0.16279069767441862
0 0.6126674786845311 0.27167019027484146 0.09500609013398295 0.16279069767441862
0 0.7125456760048721 0.26109936575052856 0.11936662606577345 0.1543340380549683
0 0.8587088915956151 0.25898520084566595 0.1753958587088916 0.15856236786469344
0 0.0712545676004872 0.4608879492600423 0.07186358099878197 0.13107822410147993
0 0.16930572472594396 0.4693446088794926 0.1218026796589525 0.1522198731501057
0 0.3995127892813642 0.6215644820295984 0.1120584652862363 0.2029598308668076
0 0.8142509135200975 0.6183932346723044 0.15225334957369063 0.19661733615221988
0 0.9190012180267966 0.6162790697674418 0.09135200974421437 0.17547568710359407
0 0.6339829476248477 0.8044397463002114 0.17174177831912302 0.19238900634249473
0 0.7350791717417783 0.8044397463002114 0.07429963459196103 0.18816067653276955
0 0.8118148599269184 0.8033826638477801 0.08404384896467722 0.18181818181818182
0 0.8958587088915956 0.7938689217758985 0.12058465286236297 0.19238900634249473
0 0.6912302070645554 0.6131078224101479 0.11084043848964677 0.17758985200845667
0 0.5481120584652862 0.6236786469344608 0.1900121802679659 0.1945031712473573
0 0.6881851400730816 0.4323467230443975 0.10475030450669914 0.19238900634249473
0 0.7704019488428745 0.4281183932346723 0.08891595615103533 0.20084566596194503
0 0.8514007308160779 0.427061310782241 0.10962241169305725 0.18604651162790697
0 0.32460414129110843 0.4513742071881607 0.20584652862362973 0.16701902748414377
0 0.476857490864799 0.43868921775898523 0.11084043848964677 0.17124735729386892
0 0.5809987819732034 0.4408033826638478 0.10962241169305725 0.17547568710359407
0 0.6571254567600487 0.9418604651162791 0.06211936662606577 0.07822410147991543
