0 0.30318181818181816 0.2923444976076555 0.12454545454545454 0.09282296650717703
0 0.18363636363636363 0.30191387559808613 0.12181818181818181 0.08516746411483253
0 0.4263636363636364 0.28373205741626795 0.12 0.08899521531100478
0 0.08227272727272728 0.13014354066985645 0.09363636363636364 0.08995215311004785
0 0.20045454545454544 0.11913875598086124 0.14636363636363636 0.10239234449760766
0 0.3322727272727273 0.09856459330143541 0.12454545454545454 0.10334928229665072
0 0.4263636363636364 0.08947368421052632 0.06909090909090909 0.09856459330143541
0 0.3845454545454545 0.4665071770334928 0.12727272727272726 0.08516746411483253
0 0.05590909090909091 0.6722488038277512 0.06636363636363636 0.11004784688995216
0 0.30272727272727273 0.6593301435406699 0.14727272727272728 0.10717703349282297
0 0.16045454545454546 0.6732057416267943 0.13727272727272727 0.10239234449760766
0 0.45454545454545453 0.6454545454545455 0.1290909090909091 0.10047846889952153
0 0.5527272727272727 0.6492822966507177 0.06727272727272728 0.10239234449760766
0 0.6486363636363637 0.6368421052631579 0.09545454545454546 0.09473684210526316
0 0.21 0.38421052631578945 0.06727272727272728 0.08133971291866028
0 0.49818181818181817 0.36555023923444974 0.1290909090909091 0.10334928229665072
0 0.56 0.08421052631578947 0.10363636363636364 0.09186602870813397
0 0.66 0.08229665071770335 0.09636363636363636 0.08995215311004785
0 0.7609090909090909 0.08277511961722488 0.0890909090909091 0.08516746411483253
0 0.08727272727272728 0.2985645933014354 0.08181818181818182 0.08995215311004785
0 0.3372727272727273 0.377511961722488 0.2 0.09473684210526316
0 0.10772727272727273 0.3837320574162679 0.16454545454545455 0.08803827751196172
0 0.20681818181818182 0.4717703349282297 0.22636363636363635 0.09186602870813397
0 0.06181818181818182 0.47416267942583734 0.0890909090909091 0.10430622009569378
0 0.4954545454545455 0.4564593301435407 0.10363636363636364 0.08995215311004785
0 0.08818181818181818 0.5746411483253588 0.15272727272727274 0.09282296650717703
0 0.32727272727272727 0.8559808612440192 0.06545454545454546 0.10239234449760766
0 0.10363636363636364 0.94688995215311 0.07636363636363637 0.07751196172248803
0 0.09 0.8602870813397129 0.09454545454545454 0.09760765550239234
0 0.21863636363636363 0.8588516746411483 0.14454545454545453 0.10047846889952153
0 0.12 0.7650717703349282 0.14909090909090908 0.09473684210526316
0 0.2531818181818182 0.762200956937799 0.1318181818181818 0.09473684210526316
0 0.3427272727272727 0.7674641148325358 0.056363636363636366 0.08229665071770335
0 0.24772727272727274 0.5684210526315789 0.17 0.10717703349282297
0 0.395 0.5583732057416267 0.1481818181818182 0.09665071770334928
0 0.5313636363636364 0.5473684210526316 0.12818181818181817 0.08803827751196172
0 0.6790909090909091 0.5478468899521531 0.14909090909090908 0.08133971291866028
0 0.10818181818181818 0.21291866028708134 0.16 0.09282296650717703
0 0.2736363636363636 0.20334928229665072 0.17454545454545456 0.10047846889952153
0 0.44136363636363635 0.19043062200956937 0.18818181818181817 0.11291866028708133
0 0.5745454545454546 0.17894736842105263 0.09272727272727273 0.10717703349282297
0 0.655 0.17416267942583732 0.07363636363636364 0.09952153110047847
0 0.7404545454545455 0.16507177033492823 0.1009090909090909 0.07942583732057416
0 0.8613636363636363 0.15167464114832535 0.14454545454545453 0.08899521531100478
0 0.53 0.27416267942583733 0.10363636363636364 0.08133971291866028
0 0.6277272727272727 0.2722488038277512 0.06818181818181818 0.09282296650717703
0 0.8131818181818182 0.24354066985645934 0.11727272727272728 0.09665071770334928
0 0.7013636363636364 0.2569377990430622 0.09909090909090909 0.09856459330143541
0 0.6477272727272727 0.36028708133971293 0.11727272727272728 0.09090909090909091
0 0.76 0.3435406698564593 0.10727272727272727 0.09569377990430622
0 0.5881818181818181 0.454066985645933 0.10181818181818182 0.09665071770334928
0 0.6936363636363636 0.45215311004784686 0.13090909090909092 0.10430622009569378
0 0.7340909090909091 0.6368421052631579 0.06454545454545454 0.10047846889952153
0 0.4259090909090909 0.7521531100478469 0.11545454545454545 0.10334928229665072
0 0.5490909090909091 0.7354066985645933 0.11090909090909092 0.08899521531100478
