0 0.3248136315228967 0.2772020725388601 0.14057507987220447 0.12746113989637306
0 0.4882854100106496 0.27409326424870467 0.18210862619808307 0.10880829015544041
0 0.22790202342917998 0.4160621761658031 0.18956336528221512 0.11917098445595854
0 0.41533546325878595 0.394300518134715 0.15761448349307774 0.12331606217616581
0 0.5575079872204473 0.3901554404145078 0.10969116080937168 0.13575129533678756
0 0.3572949946751864 0.6595854922279792 0.11182108626198083 0.12538860103626942
0 0.5159744408945687 0.6455958549222798 0.18636847710330137 0.12849740932642487
0 0.34345047923322686 0.7699481865284974 0.12460063897763578 0.12020725388601036
0 0.4382321618743344 0.7642487046632125 0.07348242811501597 0.10880829015544041
0 0.5383386581469649 0.7538860103626943 0.13312034078807242 0.10673575129533679
0 0.5894568690095847 0.5212435233160622 0.11182108626198083 0.10155440414507771
0 0.7252396166134185 0.5103626943005182 0.16613418530351437 0.11502590673575129
0 0.6320553780617678 0.27150259067357513 0.11608093716719915 0.09948186528497409
0 0.7694355697550586 0.2704663212435233 0.16293929712460065 0.10984455958549223
0 0.9030883919062833 0.26528497409326424 0.11288604898828541 0.10155440414507771
0 0.670926517571885 0.37202072538860104 0.1235356762513312 0.08704663212435233
0 0.365814696485623 0.061139896373056994 0.14589989350372737 0.08290155440414508
0 0.7513312034078807 0.17357512953367876 0.18423855165069222 0.0922279792746114
0 0.6075612353567625 0.1689119170984456 0.09904153354632587 0.10569948186528498
0 0.2854100106496273 0.14974093264248706 0.09371671991480299 0.09015544041450778
0 0.4435569755058573 0.1699481865284974 0.2417465388711395 0.1077720207253886
0 0.24600638977635783 0.06528497409326425 0.10223642172523961 0.06424870466321243
0 0.4909478168264111 0.07357512953367876 0.10436634717784878 0.09533678756476684
0 0.5878594249201278 0.08031088082901554 0.10436634717784878 0.07979274611398963
0 0.6767838125665602 0.0922279792746114 0.08200212992545261 0.06632124352331606
0 0.42598509052183176 0.5279792746113989 0.18317358892438765 0.11917098445595854
0 0.2470713525026624 0.5347150259067357 0.17252396166134185 0.13264248704663212
0 0.8503727369542066 0.5051813471502591 0.08413205537806177 0.11917098445595854
0 0.9414270500532481 0.5202072538860104 0.0979765708200213 0.11813471502590674
0 0.6661341853035144 0.6217616580310881 0.11395101171458999 0.08911917098445596
0 0.7907348242811502 0.6264248704663212 0.18210862619808307 0.10880829015544041
0 0.6677316293929713 0.7528497409326425 0.12779552715654952 0.11088082901554404
