0 0.12474949899799599 0.09263392857142858 0.08517034068136273 0.049107142857142856
0 0.41432865731462926 0.45926339285714285 0.11322645290581163 0.10602678571428571
0 0.4408817635270541 0.546875 0.09418837675350701 0.10267857142857142
0 0.24849699398797595 0.47879464285714285 0.18837675350701402 0.10491071428571429
0 0.23947895791583165 0.5758928571428571 0.17635270541082165 0.09598214285714286
0 0.07965931863727455 0.42801339285714285 0.06312625250501001 0.09709821428571429
0 0.18587174348697394 0.40345982142857145 0.14529058116232466 0.10602678571428571
0 0.32064128256513025 0.3794642857142857 0.11222444889779559 0.10491071428571429
0 0.3662324649298597 0.2890625 0.06312625250501001 0.08258928571428571
0 0.09318637274549098 0.33984375 0.052104208416833664 0.08147321428571429
0 0.22394789579158317 0.31026785714285715 0.19939879759519039 0.10044642857142858
0 0.10971943887775551 0.24665178571428573 0.06312625250501001 0.09375
0 0.21492985971943887 0.22991071428571427 0.12925851703406813 0.09151785714285714
0 0.3346693386773547 0.21763392857142858 0.11823647294589178 0.09598214285714286
0 0.4348697394789579 0.19698660714285715 0.05410821643286573 0.0703125
0 0.33266533066132264 0.05859375 0.16633266533066132 0.06584821428571429
0 0.75 0.10435267857142858 0.1713426853707415 0.0703125
0 0.658817635270541 0.18024553571428573 0.16733466933867736 0.07477678571428571
0 0.7775551102204409 0.17801339285714285 0.050100200400801605 0.07477678571428571
0 0.6027054108216433 0.42466517857142855 0.09519038076152304 0.09709821428571429
0 0.6988977955911824 0.4185267857142857 0.06312625250501001 0.10044642857142858
0 0.5370741482965932 0.5223214285714286 0.0841683366733467 0.11607142857142858
0 0.6007014028056112 0.25892857142857145 0.11723446893787576 0.08035714285714286
0 0.6392785571142284 0.33872767857142855 0.1903807615230461 0.09486607142857142
0 0.783066132264529 0.3353794642857143 0.06713426853707415 0.07924107142857142
0 0.62625250501002 0.51953125 0.056112224448897796 0.11049107142857142
0 0.7229458917835672 0.5016741071428571 0.11923847695390781 0.12388392857142858
0 0.7930861723446894 0.40011160714285715 0.12124248496993988 0.1015625
0 0.8316633266533067 0.49497767857142855 0.11022044088176353 0.11941964285714286
0 0.3602204408817635 0.5625 0.06513026052104208 0.09375
0 0.5345691382765531 0.11216517857142858 0.04909819639278557 0.06138392857142857
0 0.68687374749499 0.2578125 0.05711422845691383 0.07366071428571429
0 0.4654308617234469 0.27455357142857145 0.15130260521042085 0.10044642857142858
0 0.20641282565130262 0.07087053571428571 0.08216432865731463 0.052455357142857144
0 0.46442885771543085 0.053013392857142856 0.10721442885771543 0.08147321428571429
0 0.5711422845691383 0.041294642857142856 0.10020040080160321 0.07589285714285714
0 0.6783567134268537 0.041294642857142856 0.11222444889779559 0.0625
0 0.6147294589178357 0.11272321428571429 0.11523046092184369 0.07142857142857142
0 0.5190380761523046 0.19363839285714285 0.11022044088176353 0.07477678571428571
0 0.09869739478957916 0.50390625 0.12124248496993988 0.09263392857142858
0 0.10220440881763528 0.6015625 0.10821643286573146 0.09821428571428571
0 0.48547094188376755 0.34988839285714285 0.11523046092184369 0.0859375
0 0.5145290581162325 0.4419642857142857 0.0811623246492986 0.09598214285714286
0 0.8712424849699398 0.16517857142857142 0.11523046092184369 0.08258928571428571
0 0.8151302605210421 0.04185267857142857 0.1713426853707415 0.06584821428571429
0 0.13326653306613226 0.15959821428571427 0.12024048096192384 0.09598214285714286
0 0.2590180360721443 0.14453125 0.14128256513026052 0.09040178571428571
0 0.4218436873747495 0.13169642857142858 0.1843687374749499 0.078125
0 0.877254509018036 0.31752232142857145 0.1312625250501002 0.07924107142857142
0 0.9714428857715431 0.32924107142857145 0.0531062124248497 0.10267857142857142
0 0.8937875751503006 0.4017857142857143 0.09218436873747494 0.08035714285714286
