0 0.7510660980810234 0.1650294695481336 0.08848614072494669 0.10412573673870335
0 0.24360341151385928 0.9459724950884086 0.08422174840085288 0.10412573673870335
0 0.2798507462686567 0.7003929273084479 0.10341151385927505 0.12180746561886051
0 0.4141791044776119 0.9484282907662083 0.19509594882729211 0.12278978388998035
0 0.47707889125799574 0.8192534381139489 0.1417910447761194 0.13555992141453832
0 0.7254797441364605 0.7902750491159135 0.26545842217484006 0.11886051080550099
0 0.47707889125799574 0.6699410609037328 0.25906183368869934 0.14145383104125736
0 0.6226012793176973 0.4199410609037328 0.18336886993603413 0.13064833005893908
0 0.6353944562899787 0.3055009823182711 0.1513859275053305 0.10216110019646366
0 0.8352878464818764 0.28585461689587427 0.2420042643923241 0.1237721021611002
0 0.6060767590618337 0.15962671905697445 0.15671641791044777 0.1031434184675835
0 0.488272921108742 0.29715127701375244 0.13432835820895522 0.09135559921414538
0 0.2484008528784648 0.8443025540275049 0.24307036247334754 0.11296660117878192
0 0.6897654584221748 0.6478388998035364 0.1812366737739872 0.15225933202357564
0 0.8720682302771855 0.6365422396856582 0.18763326226012794 0.11591355599214145
0 0.47921108742004265 0.5412573673870335 0.2547974413646055 0.12770137524557956
0 0.747867803837953 0.5255402750491159 0.267590618336887 0.1100196463654224
0 0.4211087420042644 0.42387033398821217 0.16844349680170576 0.1031434184675835
0 0.759594882729211 0.07956777996070727 0.2846481876332623 0.10805500982318271
0 0.6455223880597015 0.9282907662082515 0.26119402985074625 0.12573673870333987
0 0.8464818763326226 0.9012770137524558 0.13219616204690832 0.12082514734774066
