0 0.37628865979381443 0.1309148264984227 0.22164948453608246 0.17350157728706625
0 0.5876288659793815 0.14274447949526814 0.2190721649484536 0.1971608832807571
0 0.4220360824742268 0.5417981072555205 0.1327319587628866 0.16876971608832808
0 0.18492268041237114 0.7089905362776026 0.13015463917525774 0.18138801261829654
0 0.38273195876288657 0.7208201892744479 0.2551546391752577 0.17981072555205047
0 0.5728092783505154 0.7389589905362776 0.11984536082474227 0.18454258675078863
0 0.7177835051546392 0.7200315457413249 0.16237113402061856 0.1498422712933754
0 0.8608247422680413 0.7263406940063092 0.13144329896907217 0.15930599369085174
0 0.20103092783505155 0.8714511041009464 0.10051546391752578 0.14353312302839116
0 0.3627577319587629 0.8943217665615142 0.23324742268041238 0.15141955835962145
0 0.5721649484536082 0.8974763406940063 0.18298969072164947 0.14511041009463724
0 0.7912371134020618 0.16246056782334384 0.19329896907216496 0.20189274447949526
0 0.23324742268041238 0.5323343848580442 0.24484536082474226 0.18769716088328076
0 0.5753865979381443 0.3675078864353312 0.21778350515463918 0.1892744479495268
0 0.7777061855670103 0.5386435331230284 0.19716494845360824 0.16561514195583596
0 0.9265463917525774 0.5370662460567823 0.1211340206185567 0.20662460567823343
0 0.7899484536082474 0.3635646687697161 0.22164948453608246 0.18769716088328076
0 0.19974226804123713 0.3391167192429022 0.17783505154639176 0.1861198738170347
0 0.375 0.3501577287066246 0.18298969072164947 0.21451104100946372
0 0.17654639175257733 0.16167192429022081 0.1958762886597938 0.17823343848580442
0 0.5902061855670103 0.5536277602523659 0.17783505154639176 0.17034700315457413
0 0.6088917525773195 0.5914826498422713 0.06572164948453608 0.09779179810725552
