0 0.14294117647058824 0.25340599455040874 0.14 0.14168937329700274
0 0.11235294117647059 0.39850136239782014 0.09529411764705882 0.1539509536784741
0 0.15235294117647058 0.8174386920980926 0.18470588235294116 0.1444141689373297
0 0.34941176470588237 0.7949591280653951 0.16470588235294117 0.14577656675749318
0 0.11764705882352941 0.670299727520436 0.11058823529411765 0.14986376021798364
0 0.31823529411764706 0.6491825613079019 0.21294117647058824 0.15940054495912806
0 0.5352941176470588 0.7690735694822888 0.13176470588235295 0.1566757493188011
0 0.7905882352941176 0.776566757493188 0.2988235294117647 0.1771117166212534
0 0.5352941176470588 0.6287465940054496 0.2211764705882353 0.167574931880109
0 0.5270588235294118 0.4993188010899183 0.16705882352941176 0.16212534059945505
0 0.3611764705882353 0.502724795640327 0.16 0.1553133514986376
0 0.17176470588235293 0.5170299727520435 0.2188235294117647 0.1539509536784741
0 0.31529411764705884 0.25885558583106266 0.21411764705882352 0.14168937329700274
0 0.48411764705882354 0.24931880108991825 0.12352941176470589 0.1553133514986376
0 0.12411764705882353 0.10899182561307902 0.12823529411764706 0.1444141689373297
0 0.3052941176470588 0.1178474114441417 0.24823529411764705 0.14305177111716622
0 0.5923529411764706 0.10762942779291552 0.28823529411764703 0.14713896457765668
0 0.26 0.3630790190735695 0.20941176470588235 0.13487738419618528
0 0.7841176470588235 0.358991825613079 0.18941176470588236 0.1539509536784741
0 0.9164705882352941 0.34536784741144416 0.07294117647058823 0.13215258855585832
