0 0.40418118466898956 0.28211009174311924 0.22531939605110338 0.21253822629969418
0 0.5830429732868757 0.26376146788990823 0.16957026713124274 0.21253822629969418
0 0.15969802555168408 0.2966360856269113 0.2613240418118467 0.22018348623853212
0 0.10859465737514518 0.48853211009174313 0.16608594657375145 0.172782874617737
0 0.32752613240418116 0.4709480122324159 0.19047619047619047 0.16819571865443425
0 0.5092915214866435 0.4717125382262997 0.1800232288037166 0.18807339449541285
0 0.670150987224158 0.43654434250764523 0.148664343786295 0.18807339449541285
0 0.8565621370499419 0.4105504587155963 0.22415795586527293 0.20642201834862386
0 0.07723577235772358 0.6613149847094801 0.10801393728222997 0.17889908256880735
0 0.2259001161440186 0.6605504587155964 0.2311265969802555 0.18654434250764526
0 0.7131242740998839 0.6269113149847095 0.3530778164924506 0.18960244648318042
0 0.3159117305458769 0.8325688073394495 0.21138211382113822 0.18501529051987767
0 0.11788617886178862 0.8295107033639144 0.17770034843205576 0.154434250764526
0 0.5017421602787456 0.827217125382263 0.20209059233449478 0.1834862385321101
0 0.7177700348432056 0.808868501529052 0.2346109175377468 0.18654434250764526
0 0.9111498257839721 0.7660550458715596 0.156794425087108 0.22629969418960244
0 0.7502903600464577 0.25688073394495414 0.1951219512195122 0.1926605504587156
0 0.11788617886178862 0.1437308868501529 0.10336817653890824 0.11314984709480122
0 0.27235772357723576 0.08868501529051988 0.17305458768873402 0.14678899082568808
0 0.6927990708478513 0.0764525993883792 0.07781649245063879 0.12232415902140673
0 0.4988385598141696 0.07110091743119266 0.3008130081300813 0.13914373088685014
0 0.8466898954703833 0.13990825688073394 0.24390243902439024 0.2492354740061162
