0 0.13206521739130433 0.3978234582829504 0.11847826086956521 0.13301088270858524
0 0.33858695652173915 0.2478839177750907 0.16195652173913044 0.154776299879081
0 0.16195652173913044 0.26058041112454655 0.1934782608695652 0.12696493349455865
0 0.6461956521739131 0.2158403869407497 0.39456521739130435 0.13905683192261184
0 0.3217391304347826 0.3851269649334946 0.2 0.13905683192261184
0 0.4885869565217391 0.3476420798065296 0.15543478260869564 0.12696493349455865
0 0.6972826086956522 0.35308343409915355 0.22717391304347825 0.1354292623941959
0 0.18967391304347825 0.5489721886336155 0.2858695652173913 0.1475211608222491
0 0.45163043478260867 0.5253929866989118 0.22717391304347825 0.1414752116082225
0 0.7402173913043478 0.5042321644498187 0.2565217391304348 0.154776299879081
0 0.20706521739130435 0.12696493349455865 0.23152173913043478 0.1354292623941959
0 0.4940217391304348 0.09189842805320435 0.37717391304347825 0.14510278113663846
0 0.7614130434782609 0.08585247883917775 0.1923913043478261 0.12575574365175332
0 0.8869565217391304 0.34099153567110035 0.14782608695652175 0.1523579201934704
0 0.7961956521739131 0.624546553808948 0.16630434782608697 0.1608222490931076
0 0.6293478260869565 0.6372430471584039 0.16521739130434782 0.13784764207980654
0 0.17771739130434783 0.6934703748488513 0.225 0.13422007255139057
0 0.4206521739130435 0.6590084643288996 0.25217391304347825 0.12817412333736397
