0 0.11969111969111969 0.5443037974683544 0.1640926640926641 0.15822784810126583
0 0.3716216216216216 0.5005274261603375 0.28378378378378377 0.12974683544303797
0 0.7611003861003861 0.5622362869198312 0.3156370656370656 0.16033755274261605
0 0.28667953667953666 0.6244725738396625 0.15444015444015444 0.10548523206751055
0 0.4546332046332046 0.6091772151898734 0.14092664092664092 0.1360759493670886
0 0.44015444015444016 0.8813291139240507 0.16216216216216217 0.14240506329113925
0 0.23503861003861004 0.8860759493670886 0.2635135135135135 0.189873417721519
0 0.8267374517374517 0.4108649789029536 0.23455598455598456 0.17405063291139242
0 0.6037644787644788 0.8718354430379747 0.09749034749034749 0.14451476793248946
0 0.7176640926640927 0.8454641350210971 0.12451737451737452 0.1360759493670886
0 0.3832046332046332 0.33649789029535865 0.25868725868725867 0.12869198312236288
0 0.6177606177606177 0.41244725738396626 0.1583011583011583 0.14345991561181434
0 0.10135135135135136 0.7420886075949367 0.05791505791505792 0.08122362869198312
0 0.20270270270270271 0.7658227848101266 0.11969111969111969 0.13291139240506328
0 0.4083011583011583 0.7536919831223629 0.22393822393822393 0.14240506329113925
0 0.1472007722007722 0.3581223628691983 0.13416988416988418 0.14873417721518986
