0 0.06340755082284608 0.4543754674644727 0.09196515004840271 0.07255048616305161
0 0.05179090029041626 0.36200448765893795 0.05324298160696999 0.050860134629768135
0 0.20716360116166505 0.6417352281226627 0.2265246853823814 0.06581899775617053
0 0.05033881897386254 0.5553477935676888 0.061955469506292354 0.048616305160807775
0 0.05856727976766699 0.6522064323111444 0.06098741529525654 0.061331338818249814
0 0.06098741529525654 0.7520568436798803 0.05808325266214908 0.059087509349289455
0 0.060019361084220714 0.2793567688855647 0.05808325266214908 0.048616305160807775
0 0.07308809293320426 0.2131637995512341 0.057115198451113264 0.06282722513089005
0 0.21684414327202323 0.20531039640987284 0.09874152952565343 0.053103964098728494
0 0.3823814133591481 0.19633507853403143 0.15682478218780252 0.06806282722513089
0 0.5363020329138432 0.1237845923709798 0.07357212003872217 0.0605833956619297
0 0.531945788964182 0.1993268511593119 0.07841239109390126 0.048616305160807775
0 0.5261374636979671 0.28534031413612565 0.057115198451113264 0.05160807778608826
0 0.5275895450145208 0.3765893792071803 0.0484027105517909 0.05160807778608826
0 0.5338818973862536 0.5527299925205684 0.08228460793804453 0.05983545250560957
0 0.521297192642788 0.4599850411368736 0.041626331074540175 0.04487658937920718
0 0.7889641819941917 0.6664173522812267 0.07938044530493708 0.07928197456993269
0 0.13020329138431752 0.06918474195961107 0.06679574056147145 0.04712041884816754
0 0.28025169409486933 0.36200448765893795 0.3010648596321394 0.08227374719521316
0 0.6732817037754114 0.1955871353777113 0.19651500484027107 0.07554225878833208
0 0.09874152952565343 0.8601346297681376 0.07357212003872217 0.05235602094240838
0 0.40416263310745404 0.27225130890052357 0.10939012584704744 0.08227374719521316
0 0.39157792836398836 0.6447270007479432 0.1558567279767667 0.06282722513089005
0 0.37415295256534364 0.6933433059087509 0.15972894482090996 0.055347793567688854
0 0.25943852855759925 0.7471952131637996 0.33688286544046464 0.06282722513089005
0 0.30880929332042595 0.2744951383694839 0.08518877057115198 0.08227374719521316
0 0.1882865440464666 0.2763649962602842 0.15779283639883834 0.08152580403889305
0 0.6147144240077445 0.37621540762902017 0.060019361084220714 0.0762902019446522
0 0.7400774443368828 0.3758414360508601 0.19070667957405615 0.07853403141361257
0 0.8973862536302033 0.37995512341062077 0.12197483059051308 0.08077786088257292
0 0.6708615682478218 0.4532535527299925 0.12391093901258471 0.07329842931937172
0 0.17521781219748306 0.13911742707554225 0.1819941916747338 0.07778608825729244
0 0.3514036786060019 0.12415856394913986 0.1994191674733785 0.08825729244577413
0 0.19264278799612777 0.5639491398653702 0.22265246853823814 0.09723261032161555
0 0.37318489835430785 0.544128646222887 0.09777347531461762 0.054599850411368736
0 0.3591481122942885 0.587135377711294 0.10067763794772508 0.0493642483171279
0 0.4303000968054211 0.4887808526551982 0.12294288480154889 0.06955871353777113
0 0.7207163601161665 0.5489902767389678 0.21781219748305905 0.08227374719521316
0 0.6544046466602129 0.6192969334330591 0.2149080348499516 0.055347793567688854
0 0.5077444336882866 0.6282722513089005 0.05324298160696999 0.0493642483171279
0 0.6466602129719264 0.6824981301421092 0.1936108422071636 0.06955871353777113
0 0.9114230396902226 0.6484667165295438 0.12487899322362052 0.05833956619296934
0 0.9457889641819942 0.693717277486911 0.0696999031945789 0.06207928197456993
0 0.25653436592449175 0.7916978309648467 0.19167473378509198 0.06507105459985041
0 0.20716360116166505 0.868735976065819 0.0968054211035818 0.09648466716529544
0 0.2831558567279768 0.8743455497382199 0.0590513068731849 0.0912490650710546
0 0.3920619554695063 0.8795811518324608 0.16263310745401743 0.09723261032161555
0 0.41723136495643753 0.9633507853403142 0.18393030009680542 0.07030665669409125
0 0.21297192642787996 0.9409124906507106 0.17037754114230397 0.07778608825729244
0 0.8286544046466602 0.2094240837696335 0.12391093901258471 0.05983545250560957
0 0.6907066795740562 0.29768137621540763 0.1984511132623427 0.08227374719521316
0 0.8151016456921588 0.27599102468212416 0.08518877057115198 0.07030665669409125
0 0.9196515004840271 0.22139117427075541 0.07938044530493708 0.07329842931937172
0 0.9031945788964182 0.1525804038893044 0.08712487899322362 0.07928197456993269
