0 0.782608695652174 0.4867864693446089 0.10105757931844889 0.14693446088794926
0 0.736192714453584 0.19027484143763213 0.17508813160987075 0.1014799154334038
0 0.5622796709753232 0.4751585623678647 0.3584018801410106 0.1828752642706131
0 0.617508813160987 0.3150105708245243 0.28554641598119856 0.19027484143763213
0 0.3325499412455934 0.2986257928118393 0.30317273795534666 0.17019027484143764
0 0.2620446533490012 0.4355179704016913 0.27262044653349 0.12473572938689217
0 0.22796709753231492 0.09778012684989429 0.10105757931844889 0.07928118393234672
0 0.6233842538190364 0.0776955602536998 0.26674500587544064 0.10887949260042283
0 0.6198589894242068 0.6400634249471459 0.3795534665099882 0.1638477801268499
0 0.3225616921269095 0.885306553911205 0.28554641598119856 0.13424947145877378
0 0.16392479435957696 0.7431289640591966 0.09283196239717979 0.09513742071881606
0 0.3354876615746181 0.7568710359408034 0.2056404230317274 0.160676532769556
0 0.49471210340775557 0.7848837209302325 0.1598119858989424 0.1638477801268499
0 0.7121034077555817 0.7943974630021141 0.345475910693302 0.1553911205073996
0 0.4600470035252644 0.11575052854122622 0.33490011750881316 0.15961945031712474
0 0.3125734430082256 0.5644820295983086 0.1410105757931845 0.08456659619450317
0 0.27379553466509987 0.6046511627906976 0.282021151586369 0.17970401691331925
0 0.5851938895417156 0.9133192389006343 0.2608695652173913 0.10993657505285412
0 0.7438307873090482 0.9149048625792812 0.07520564042303172 0.07505285412262157
0 0.3572267920094007 0.11363636363636363 0.09400705052878966 0.056025369978858354
0 0.34430082256169214 0.0755813953488372 0.08930669800235018 0.06871035940803383
0 0.4770857814336075 0.1506342494714588 0.1598119858989424 0.022198731501057084
0 0.5922444183313749 0.1522198731501057 0.0681551116333725 0.05708245243128964
0 0.3983548766157462 0.08615221987315011 0.0399529964747356 0.06236786469344609
0 0.49529964747356053 0.11469344608879492 0.13748531139835488 0.03276955602536998
0 0.45417156286721505 0.07505285412262157 0.055229142185663924 0.05919661733615222
0 0.6880141010575793 0.11522198731501057 0.12103407755581669 0.05708245243128964
0 0.5199764982373678 0.06923890063424948 0.055229142185663924 0.08139534883720931
0 0.5681551116333725 0.10729386892177589 0.13513513513513514 0.015856236786469344
0 0.5757931844888367 0.08562367864693446 0.12925969447708577 0.019027484143763214
0 0.582256169212691 0.06818181818181818 0.11868390129259694 0.015856236786469344
0 0.5769682726204466 0.04439746300211417 0.1410105757931845 0.02536997885835095
0 0.7121034077555817 0.0613107822410148 0.0799059929494712 0.048625792811839326
0 0.654524089306698 0.0755813953488372 0.025851938895417155 0.05813953488372093
0 0.681551116333725 0.080338266384778 0.023501762632197415 0.02959830866807611
0 0.7038777908343126 0.08562367864693446 0.01880141010575793 0.02536997885835095
0 0.7350176263219741 0.1590909090909091 0.1398354876615746 0.039112050739957716
0 0.7356051703877791 0.20137420718816068 0.15041128084606345 0.0412262156448203
0 0.6703877790834313 0.17547568710359407 0.022326674500587545 0.03805496828752643
0 0.7156286721504113 0.18604651162790697 0.025851938895417155 0.02959830866807611
0 0.43301997649823737 0.26004228329809725 0.10223266745005875 0.06976744186046512
0 0.4512338425381904 0.32928118393234673 0.08225616921269095 0.06448202959830866
0 0.3689776733254994 0.29651162790697677 0.05875440658049354 0.12790697674418605
0 0.2808460634547591 0.26849894291754756 0.12925969447708577 0.046511627906976744
0 0.3284371327849589 0.3107822410147992 0.055229142185663924 0.02536997885835095
0 0.7226792009400705 0.3118393234672304 0.05875440658049354 0.08879492600422834
0 0.5581668625146886 0.2690274841437632 0.0564042303172738 0.07928118393234672
0 0.5893066980023501 0.2822410147991543 0.20329024676850763 0.03805496828752643
0 0.6415981198589894 0.33509513742071884 0.12925969447708577 0.06553911205073996
0 0.5552291421856639 0.3308668076109937 0.05992949471210341 0.05708245243128964
0 0.5099882491186839 0.31553911205074 0.04230317273795535 0.02854122621564482
0 0.5581668625146886 0.3726215644820296 0.07285546415981199 0.024312896405919663
0 0.35135135135135137 0.410676532769556 0.08930669800235018 0.06871035940803383
0 0.3008225616921269 0.4392177589852008 0.13866039952996476 0.07505285412262157
0 0.1692126909518214 0.410676532769556 0.04465334900117509 0.05813953488372093
0 0.7050528789659224 0.4645877378435518 0.07050528789659224 0.0919661733615222
0 0.5710928319623971 0.45560253699788583 0.18566392479435959 0.052854122621564484
0 0.5793184488836662 0.4397463002114165 0.04230317273795535 0.08668076109936575
0 0.45240893066980026 0.4989429175475687 0.09400705052878966 0.09302325581395349
0 0.49764982373678024 0.5021141649048626 0.06227967097532315 0.042283298097251586
0 0.463572267920094 0.4328752642706131 0.05992949471210341 0.05391120507399577
0 0.47297297297297297 0.410676532769556 0.16568742655699178 0.03699788583509514
0 0.5146886016451234 0.42071881606765327 0.023501762632197415 0.04439746300211417
0 0.5381903642773208 0.41596194503171247 0.023501762632197415 0.04756871035940803
0 0.7690951821386603 0.48414376321353064 0.057579318448883664 0.11839323467230443
0 0.8043478260869565 0.523784355179704 0.052878965922444184 0.06659619450317125
0 0.8108108108108109 0.46035940803382663 0.05170387779083431 0.05813953488372093
0 0.18566392479435959 0.5581395348837209 0.05170387779083431 0.08668076109936575
0 0.23736780258519388 0.5676532769556025 0.05405405405405406 0.08668076109936575
0 0.29318448883666276 0.5998942917547568 0.1609870740305523 0.039112050739957716
0 0.40540540540540543 0.6464059196617337 0.06580493537015276 0.08139534883720931
0 0.25146886016451236 0.6226215644820295 0.2209165687426557 0.05496828752642706
0 0.309048178613396 0.5676532769556025 0.05170387779083431 0.080338266384778
0 0.3096357226792009 0.5724101479915433 0.13278495887191538 0.0306553911205074
0 0.3396004700352526 0.5687103594080338 0.07520564042303172 0.03382663847780127
0 0.327262044653349 0.5919661733615222 0.0481786133960047 0.040169133192389
0 0.2790834312573443 0.5517970401691332 0.0481786133960047 0.042283298097251586
0 0.26615746180963573 0.5866807610993657 0.052878965922444184 0.02748414376321353
0 0.7773207990599295 0.6569767441860465 0.055229142185663924 0.08562367864693446
0 0.6022326674500588 0.61892177589852 0.2972972972972973 0.039112050739957716
0 0.6063454759106933 0.662262156448203 0.0799059929494712 0.09408033826638477
0 0.5376028202115158 0.6501057082452432 0.06933019976498238 0.09302325581395349
0 0.4835487661574618 0.5829809725158562 0.06462984723854288 0.05391120507399577
0 0.18801410105757932 0.7362579281183932 0.08695652173913043 0.07716701902748414
0 0.2890716803760282 0.742600422832981 0.06345475910693302 0.08773784355179703
0 0.345475910693302 0.7278012684989429 0.05875440658049354 0.07505285412262157
0 0.41480611045828436 0.7875264270613108 0.2044653349001175 0.052854122621564484
0 0.3119858989424207 0.7980972515856237 0.1398354876615746 0.042283298097251586
0 0.4588719153936545 0.8192389006342494 0.06462984723854288 0.06765327695560254
0 0.47473560517038776 0.7452431289640592 0.0681551116333725 0.0824524312896406
0 0.5370152761457109 0.7621564482029598 0.06580493537015276 0.09936575052854123
0 0.5893066980023501 0.7758985200845666 0.041128084606345476 0.06553911205073996
0 0.6198589894242068 0.8123678646934461 0.09518213866039953 0.07293868921775898
0 0.6339600470035253 0.7727272727272727 0.045828437132784956 0.023255813953488372
0 0.6286721504112809 0.7357293868921776 0.0799059929494712 0.05919661733615222
0 0.782021151586369 0.7404862579281184 0.15158636897767333 0.02854122621564482
0 0.736192714453584 0.7922832980972516 0.1562867215041128 0.03276955602536998
0 0.7209165687426558 0.7769556025369979 0.02702702702702703 0.10359408033826638
0 0.736192714453584 0.8356236786469344 0.07168037602820211 0.024312896405919663
0 0.7667450058754407 0.7832980972515856 0.036427732079905996 0.09513742071881606
0 0.8331374853113983 0.8054968287526427 0.0399529964747356 0.05496828752642706
0 0.29435957696827264 0.903276955602537 0.19858989424206816 0.06659619450317125
0 0.22796709753231492 0.8583509513742071 0.04935370152761457 0.046511627906976744
0 0.26556991774383076 0.8562367864693446 0.06110458284371328 0.05919661733615222
0 0.3125734430082256 0.8742071881606766 0.07520564042303172 0.0613107822410148
0 0.3754406580493537 0.8525369978858351 0.05992949471210341 0.05179704016913319
0 0.6386603995299648 0.9149048625792812 0.05992949471210341 0.08350951374207188
0 0.7015276145710928 0.9069767441860465 0.03290246768507638 0.06553911205073996
0 0.5317273795534665 0.888477801268499 0.12338425381903642 0.04756871035940803
0 0.5628672150411281 0.9249471458773785 0.0564042303172738 0.03805496828752643
0 0.7591069330199764 0.9186046511627907 0.03055229142185664 0.019027484143763214
0 0.7702702702702703 0.8879492600422833 0.045828437132784956 0.046511627906976744
0 0.7267920094007051 0.9170190274841438 0.036427732079905996 0.06659619450317125
