0 0.057004830917874394 0.263292061179898 0.06956521739130435 0.05316824471959213
0 0.04782608695652174 0.3772760378732702 0.05893719806763285 0.06263656227239621
0 0.07246376811594203 0.47232337946103425 0.10434782608695652 0.056081573197378005
0 0.06280193236714976 0.5837581937363437 0.06376811594202898 0.06627822286962855
0 0.07777777777777778 0.775673707210488 0.07632850241545894 0.055353241077931534
0 0.5628019323671497 0.4588492352512746 0.1246376811594203 0.05972323379461034
0 0.5531400966183575 0.3481427530954115 0.09951690821256039 0.049526584122359794
0 0.13140096618357489 0.07319737800437 0.09468599033816426 0.05899490167516387
0 0.3473429951690821 0.06518572469045884 0.25024154589371983 0.08667152221412965
0 0.5391304347826087 0.5473415877640204 0.05990338164251208 0.05899490167516387
0 0.5304347826086957 0.6704297159504734 0.05217391304347826 0.04442825928623452
0 0.6618357487922706 0.2600145666423889 0.16231884057971013 0.10196649672250546
0 0.6956521739130435 0.36270939548434084 0.14492753623188406 0.10196649672250546
0 0.21497584541062803 0.2636562272396213 0.19227053140096617 0.11507647487254188
0 0.3328502415458937 0.8739985433357611 0.34879227053140094 0.08885651857246904
0 0.24057971014492754 0.7800436999271668 0.2028985507246377 0.09322651128914786
0 0.41980676328502414 0.7825928623452294 0.16135265700483092 0.09541150764748725
0 0.20144927536231885 0.6671522214129643 0.1961352657004831 0.07283321194464676
0 0.0642512077294686 0.674435542607429 0.06666666666666667 0.06117989803350328
0 0.2642512077294686 0.44136926438455937 0.11497584541062802 0.06409322651128915
0 0.4028985507246377 0.2636562272396213 0.19516908212560385 0.10924981791697014
0 0.6990338164251207 0.8546977421704297 0.2 0.08230152949745084
0 0.878743961352657 0.8466860888565185 0.13816425120772946 0.05753823743627094
0 0.7545893719806763 0.6839038601602331 0.15265700483091788 0.08157319737800436
0 0.6328502415458938 0.685360524399126 0.0966183574879227 0.08594319009468318
0 0.9048309178743962 0.6817188638018936 0.1671497584541063 0.08594319009468318
0 0.6734299516908212 0.06117989803350328 0.18743961352657004 0.09322651128914786
0 0.6893719806763285 0.7541879096868171 0.18647342995169083 0.05462490895848507
0 0.5323671497584541 0.7662053896576839 0.04251207729468599 0.04078659868900218
0 0.5294685990338164 0.8543335761107065 0.044444444444444446 0.04515659140568099
0 0.5492753623188406 0.9340859431900946 0.06086956521739131 0.045884923525127456
0 0.6821256038647343 0.9468317552804079 0.13333333333333333 0.07720320466132556
0 0.7932367149758454 0.9359067734887109 0.12560386473429952 0.05243991260014567
0 0.7067632850241546 0.5509832483612528 0.2038647342995169 0.06336489439184267
0 0.8990338164251208 0.5746540422432629 0.17681159420289855 0.09176984705025491
0 0.5415458937198068 0.24508375819373635 0.06859903381642513 0.056081573197378005
0 0.5256038647342995 0.14675892206846322 0.05217391304347826 0.051711580480699196
0 0.521256038647343 0.05462490895848507 0.06666666666666667 0.05243991260014567
0 0.19806763285024154 0.47378004369992716 0.1468599033816425 0.09104151493080845
0 0.41304347826086957 0.44646758922068464 0.18067632850241547 0.0786598689002185
0 0.3893719806763285 0.5134741442097597 0.23768115942028986 0.07428987618353969
0 0.8579710144927536 0.7716678805535324 0.15845410628019324 0.09104151493080845
0 0.9502415458937198 0.7815003641660597 0.05314009661835749 0.07283321194464676
0 0.2111111111111111 0.16605972323379461 0.30241545893719807 0.10196649672250546
0 0.7497584541062802 0.16351056081573198 0.2763285024154589 0.09978150036416605
