0 0.07000736919675755 0.46657081236520487 0.11495946941783346 0.10208483105679367
0 0.19970523212969787 0.46477354421279654 0.1518054532056006 0.1186196980589504
0 0.38393515106853354 0.4586628324946082 0.1414885777450258 0.12365204888569374
0 0.18459837877671334 0.5927390366642703 0.2557111274871039 0.11430625449317038
0 0.3883566691230656 0.5905823148813804 0.1606484893146647 0.1186196980589504
0 0.37877671333824614 0.6887131560028756 0.19454679439941047 0.07189072609633357
0 0.6072218128224024 0.9342199856218548 0.23581429624170966 0.08411214953271028
0 0.7608695652173914 0.9338605319913731 0.09948415622697127 0.08051761322789361
0 0.7966101694915254 0.5902228612508986 0.22402358142962417 0.1308411214953271
0 0.819454679439941 0.47304097771387493 0.19602063375092116 0.13227893601725377
0 0.686072218128224 0.4593817397555715 0.08843036109064112 0.14521926671459381
0 0.5880619012527635 0.43350107836089147 0.11643330876934414 0.11358734723220705
0 0.8069270449521002 0.2347232207045291 0.22254974207811348 0.13587347232207045
0 0.5722181282240236 0.04565061107117182 0.11127487103905674 0.09561466570812366
0 0.7085482682387619 0.07117181883537024 0.16138540899042003 0.12221423436376708
0 0.5265291083271924 0.6959022286125089 0.08621960206337509 0.100647016534867
0 0.8382461311717023 0.7318475916606758 0.19086219602063376 0.11933860531991373
0 0.945099484156227 0.37383177570093457 0.07737656595431099 0.12796549245147376
0 0.5887988209285188 0.3055355859094177 0.19602063375092116 0.08770668583752696
0 0.7966101694915254 0.33932422717469446 0.22254974207811348 0.12365204888569374
0 0.8389830508474576 0.8468727534148095 0.15254237288135594 0.10496046010064701
0 0.7030213706705969 0.8393242271746945 0.14885777450257923 0.11430625449317038
0 0.5578481945467944 0.8263838964773544 0.159174649963154 0.1286843997124371
0 0.658069270449521 0.7228612508986341 0.17833456153279292 0.11574406901509705
0 0.24244657332350775 0.34615384615384615 0.13559322033898305 0.09705248023005032
0 0.11974944731024319 0.2048885693745507 0.15549005158437731 0.10352264557872035
0 0.37840825350036844 0.1710999281092739 0.21739130434782608 0.09489575844716032
0 0.4624170965364775 0.06182602444284687 0.10243183492999262 0.06182602444284687
0 0.6455416359616801 0.2059669302659957 0.10759027266028003 0.1430625449317038
0 0.5464259395725866 0.17972681524083392 0.08621960206337509 0.07764198418404025
0 0.40604274134119384 0.9439252336448598 0.13854089904200442 0.0905823148813803
0 0.26529108327192336 0.7160316319194824 0.1709653647752395 0.11358734723220705
0 0.2313927781871776 0.9295470884255931 0.2092851879145173 0.10496046010064701
0 0.10943257184966838 0.710999281092739 0.1260132645541636 0.09920920201294033
0 0.03389830508474576 0.5869877785765636 0.05600589535740604 0.06973400431344356
0 0.0681650700073692 0.3310567936736161 0.09948415622697127 0.0682961897915169
0 0.09358879882092852 0.3515456506110712 0.16212232866617537 0.13803019410496045
0 0.42078113485630064 0.3454349388928828 0.12527634487840825 0.09705248023005032
0 0.3695652173913043 0.33285406182602445 0.10832719233603537 0.11790079079798706
0 0.2851879145173176 0.202372393961179 0.1901252763448784 0.102803738317757
0 0.35851142225497423 0.07512580877066859 0.12011790714812086 0.10567936736161035
0 0.2247605011053795 0.0884255930984903 0.16801768607221812 0.08770668583752696
0 0.13006632277081798 0.12221423436376708 0.03021370670596905 0.041696621135873475
0 0.5887988209285188 0.582314881380302 0.18570375829034635 0.14234363767074049
0 0.6175386882829772 0.5629043853342919 0.1016949152542373 0.08914450035945364
