0 0.24106175514626219 0.696229648671808 0.15926327193932827 0.168808911739503
0 0.19339111592632718 0.3556126820908312 0.2589382448537378 0.0908311910882605
0 0.2513542795232936 0.21979434447300772 0.3531960996749729 0.13624678663239073
0 0.10509209100758396 0.6838046272493573 0.11917659804983749 0.10282776349614396
0 0.24106175514626219 0.09040274207369323 0.16143011917659805 0.12767780634104542
0 0.15113759479956662 0.5179948586118251 0.18743228602383533 0.16023993144815768
0 0.3656554712892741 0.5188517566409597 0.26327193932827736 0.168808911739503
0 0.7172264355362947 0.5222793487574978 0.3445287107258938 0.1585261353898886
0 0.5520043336944745 0.22022279348757498 0.23943661971830985 0.11311053984575835
0 0.7313109425785482 0.08611825192802057 0.35102925243770317 0.14824335904027422
0 0.7638136511375948 0.36889460154241643 0.3553629469122427 0.1379605826906598
0 0.8201516793066089 0.22322193658954584 0.3055254604550379 0.1293916023993145
0 0.43607800650054174 0.6730934018851756 0.18309859154929578 0.13624678663239073
0 0.5866738894907909 0.6435304198800342 0.1267605633802817 0.10111396743787489
0 0.41765980498374866 0.0779777206512425 0.19393282773564463 0.11825192802056556
0 0.414409534127844 0.10025706940874037 0.09642470205850487 0.06683804627249357
0 0.46533044420368364 0.3740359897172236 0.23293607800650054 0.13453299057412169
0 0.6115926327193932 0.7699228791773779 0.2502708559046587 0.12082262210796915
0 0.8104008667388949 0.6756640959725793 0.35969664138678226 0.15167095115681234
0 0.24972914409534128 0.09511568123393316 0.08775731310942579 0.05141388174807198
0 0.42741061755146265 0.0959725792630677 0.07475622968580715 0.04113110539845758
0 0.34832069339111593 0.09254498714652956 0.0790899241603467 0.12853470437017994
0 0.4230769230769231 0.04755784061696658 0.15276273022751896 0.017994858611825194
0 0.643011917659805 0.07240788346186804 0.08125677139761647 0.03684661525278492
0 0.6484290357529794 0.11439588688946016 0.10725893824485373 0.04712939160239932
0 0.6554712892741061 0.026563838903170524 0.04550379198266522 0.044558697514995714
0 0.8185265438786565 0.0921165381319623 0.1744312026002167 0.10197086546700942
0 0.7242686890574215 0.08397600685518423 0.08775731310942579 0.08226221079691516
0 0.16413867822318526 0.23821765209940018 0.1094257854821235 0.027420736932305057
0 0.3017334777898158 0.24078834618680378 0.1267605633802817 0.032562125107112254
0 0.23185265438786565 0.20908311910882604 0.0628385698808234 0.06341045415595545
0 0.3445287107258938 0.1842330762639246 0.17118093174431204 0.08397600685518423
0 0.1581798483206934 0.1932305055698372 0.07583965330444203 0.04712939160239932
0 0.14301191765980498 0.21122536418166238 0.0628385698808234 0.04198800342759212
0 0.5254604550379198 0.23350471293916025 0.18418201516793067 0.03513281919451585
0 0.5043336944745396 0.22579263067694944 0.06175514626218852 0.10882604970008569
0 0.5525460455037919 0.18980291345329905 0.1495124593716143 0.04027420736932305
0 0.8954496208017335 0.2249357326478149 0.15059588299024917 0.050556983718937444
0 0.7930660888407367 0.18637532133676094 0.10617551462621885 0.06255355612682091
0 0.7248104008667389 0.22450728363324765 0.07583965330444203 0.05998286203941731
0 0.7708559046587216 0.2656383890317052 0.03358613217768147 0.03427592116538132
0 0.12892741061755147 0.3556126820908312 0.07150595882990249 0.056555269922879174
0 0.2513542795232936 0.34790059982862037 0.06933911159263272 0.054841473864610114
0 0.44366197183098594 0.3744644387317909 0.08559046587215602 0.11825192802056556
0 0.4355362946912243 0.37789203084832906 0.14084507042253522 0.030848329048843187
0 0.4891657638136511 0.38817480719794345 0.04658721560130011 0.05826906598114824
0 0.6229685807150596 0.37146529562982006 0.056338028169014086 0.12082262210796915
0 0.6663055254604551 0.356898029134533 0.05417118093174431 0.05741216795201371
0 0.7464788732394366 0.3787489288774636 0.1581798483206934 0.023993144815766924
0 0.8689057421451788 0.3144815766923736 0.11267605633802817 0.027420736932305057
0 0.8028169014084507 0.3744644387317909 0.0628385698808234 0.07197943444730077
0 0.8347778981581798 0.3723221936589546 0.059588299024918745 0.060839760068551844
0 0.8759479956663055 0.36246786632390743 0.06608884073672806 0.07197943444730077
0 0.909534127843987 0.363324764353042 0.06392199349945829 0.08740359897172237
0 0.21018418201516792 0.48414738646101113 0.0780065005417118 0.03598971722365039
0 0.10617551462621885 0.4580119965724079 0.05850487540628386 0.06426735218508997
0 0.14301191765980498 0.4498714652956298 0.09534127843986999 0.056555269922879174
0 0.13326110509209102 0.5021422450728363 0.09534127843986999 0.037703513281919454
0 0.19718309859154928 0.5441302485004285 0.0780065005417118 0.03941730934018852
0 0.1180931744312026 0.5591259640102828 0.08234019501625135 0.04712939160239932
0 0.3358613217768147 0.5449871465295629 0.19068255687973998 0.03598971722365039
0 0.46533044420368364 0.5526992287917738 0.06392199349945829 0.0856898029134533
0 0.2914409534127844 0.4811482433590403 0.08450704225352113 0.0934018851756641
0 0.35265438786565545 0.46829477292202226 0.06392199349945829 0.0676949443016281
0 0.37703141928494044 0.5137103684661525 0.14084507042253522 0.03684661525278492
0 0.6354279523293608 0.4948586118251928 0.13542795232936078 0.03513281919451585
0 0.638136511375948 0.5338474721508141 0.17984832069339113 0.054841473864610114
0 0.7854821235102926 0.5347043701799485 0.11267605633802817 0.056555269922879174
0 0.7871072589382448 0.4730077120822622 0.08992416034669556 0.05312767780634105
0 0.8743228602383532 0.49143101970865466 0.05200433369447454 0.09854327335047129
0 0.11213434452871072 0.6855184233076264 0.0552546045503792 0.05826906598114824
0 0.21072589382448537 0.6598114824335904 0.0552546045503792 0.05141388174807198
0 0.28060671722643554 0.6491002570694088 0.0628385698808234 0.04541559554413025
0 0.2150595882990249 0.7300771208226221 0.050920910075839654 0.054841473864610114
0 0.2903575297941495 0.7309340188517567 0.06500541711809317 0.05998286203941731
0 0.46316359696641385 0.6341045415595544 0.06825568797399784 0.056555269922879174
0 0.40736728060671723 0.6315338474721508 0.041170097508125676 0.04113110539845758
0 0.42416034669555797 0.6979434447300771 0.1267605633802817 0.05227077977720651
0 0.4609967497291441 0.6838046272493573 0.0790899241603467 0.027420736932305057
0 0.5530877573131094 0.6435304198800342 0.06608884073672806 0.022279348757497857
0 0.5758396533044421 0.6520994001713796 0.04008667388949079 0.030848329048843187
0 0.5590465872156013 0.6289631533847472 0.0390032502708559 0.023993144815766924
0 0.5926327193932828 0.6829477292202228 0.05417118093174431 0.027420736932305057
0 0.6023835319609967 0.6456726649528706 0.04983748645720477 0.08483290488431877
0 0.8152762730227519 0.7352185089974294 0.09209100758396534 0.02913453299057412
0 0.6776814734561214 0.6443873179091688 0.06825568797399784 0.04113110539845758
0 0.6695557963163596 0.6730934018851756 0.06933911159263272 0.05398457583547558
0 0.7204767063921993 0.6225364181662382 0.041170097508125676 0.038560411311053984
0 0.9279523293607801 0.6293916023993145 0.12026002166847237 0.05227077977720651
0 0.8504875406283857 0.6773778920308483 0.06067172264355363 0.060839760068551844
0 0.704225352112676 0.7647814910025706 0.05850487540628386 0.09682947729220223
0 0.6782231852654388 0.7249357326478149 0.09967497291440953 0.022279348757497857
0 0.5216684723726978 0.8071979434447301 0.04875406283856988 0.03941730934018852
0 0.5325027085590466 0.7613538988860326 0.04008667388949079 0.050556983718937444
