0 0.6252699784017278 0.07296380090497738 0.2678185745140389 0.14592760180995476
0 0.40712742980561556 0.13574660633484162 0.15766738660907129 0.16968325791855204
0 0.12419006479481641 0.15723981900452488 0.12742980561555076 0.1085972850678733
0 0.12473002159827214 0.542420814479638 0.07451403887688984 0.1595022624434389
0 0.2888768898488121 0.5322398190045249 0.26673866090712745 0.15497737556561086
0 0.3093952483801296 0.6527149321266968 0.3077753779697624 0.13122171945701358
0 0.0458963282937365 0.5322398190045249 0.08315334773218143 0.10972850678733032
0 0.058315334773218146 0.35294117647058826 0.0734341252699784 0.09728506787330317
0 0.6916846652267818 0.6702488687782805 0.2041036717062635 0.18665158371040724
0 0.8779697624190065 0.6883484162895928 0.20086393088552915 0.18438914027149322
0 0.7705183585313174 0.2692307692307692 0.19546436285097193 0.19457013574660634
0 0.26403887688984884 0.14592760180995476 0.14146868250539957 0.17194570135746606
0 0.3849892008639309 0.9519230769230769 0.15658747300215983 0.08484162895927602
0 0.6171706263498921 0.8190045248868778 0.11771058315334773 0.09502262443438914
0 0.5183585313174947 0.795814479638009 0.058315334773218146 0.08936651583710407
0 0.5437365010799136 0.6300904977375565 0.11123110151187905 0.09276018099547512
0 0.5183585313174947 0.44004524886877827 0.07775377969762419 0.09502262443438914
0 0.7235421166306696 0.47341628959276016 0.2894168466522678 0.17307692307692307
0 0.9184665226781857 0.3003393665158371 0.1263498920086393 0.1595022624434389
0 0.052375809935205186 0.7618778280542986 0.06371490280777538 0.09841628959276018
0 0.1355291576673866 0.8003393665158371 0.09827213822894168 0.13914027149321267
