0 0.16791845493562232 0.6209075244112578 0.045064377682403435 0.07811602527283171
0 0.22129828326180256 0.6186099942561746 0.039163090128755365 0.07352096496266514
0 0.27011802575107297 0.6099942561746123 0.04130901287553648 0.0700746697300402
0 0.3776824034334764 0.22774267662263067 0.04291845493562232 0.09477311889718552
0 0.37660944206008584 0.3627225732337737 0.04721030042918455 0.09477311889718552
0 0.3715128755364807 0.6111430212521539 0.04560085836909871 0.0861573808156232
0 0.372049356223176 0.8009764503159104 0.04667381974248927 0.08213670304422746
0 0.10971030042918455 0.10568638713383113 0.06598712446351931 0.0861573808156232
0 0.046137339055793994 0.3658816771970132 0.046137339055793994 0.09075244112578977
0 0.0319206008583691 0.6148765077541642 0.04238197424892704 0.06490522688110281
0 0.5209227467811158 0.8219414129810454 0.07296137339055794 0.08156232050545663
0 0.17677038626609443 0.10425043078690407 0.05954935622317597 0.1154508902929351
0 0.09522532188841201 0.25674899483055713 0.07993562231759657 0.09994256174612291
0 0.10675965665236052 0.7668006892590465 0.06330472103004292 0.09075244112578977
0 0.19527896995708155 0.7682366456059736 0.07939914163090128 0.08213670304422746
0 0.4291845493562232 0.08012636415852958 0.11909871244635194 0.09592188397472717
0 0.6523605150214592 0.07639287765651924 0.0407725321888412 0.07466973004020677
0 0.5123390557939914 0.22257323377369329 0.2113733905579399 0.10855829982768524
0 0.46512875536480686 0.4893739230327398 0.22854077253218885 0.12406662837449742
0 0.19447424892703863 0.24382538770821366 0.09817596566523605 0.08788052843193567
0 0.29747854077253216 0.24382538770821366 0.10783261802575107 0.07409534750143595
0 0.24195278969957082 0.09821941412981046 0.0740343347639485 0.10338885697874785
0 0.6392167381974249 0.9296381390005743 0.08208154506437768 0.10855829982768524
0 0.578862660944206 0.9296381390005743 0.045064377682403435 0.10166570936243538
0 0.6094420600858369 0.8176335439402642 0.10622317596566523 0.10166570936243538
0 0.5764484978540773 0.6849511774842045 0.14967811158798283 0.08788052843193567
0 0.5472103004291845 0.6099942561746123 0.14377682403433475 0.07926479035037334
0 0.598175965665236 0.0749569213095922 0.0740343347639485 0.06031016657093624
0 0.5270922746781116 0.07581849511774842 0.06813304721030043 0.06892590465249857
0 0.17355150214592274 0.4730040206777714 0.10783261802575107 0.06031016657093624
0 0.2821888412017167 0.4730040206777714 0.10944206008583691 0.0672027570361861
0 0.21298283261802575 0.5298678920160828 0.1223175965665236 0.06375646180356118
0 0.07376609442060086 0.5083285468121769 0.08208154506437768 0.09649626651349799
0 0.7277360515021459 0.19816197587593337 0.05847639484978541 0.08845491097070649
0 0.523068669527897 0.3765077541642734 0.08261802575107297 0.07409534750143595
0 0.18642703862660945 0.885985066053992 0.050965665236051505 0.06375646180356118
0 0.3200107296137339 0.08673176335439403 0.08315450643776824 0.0861573808156232
0 0.4517167381974249 0.361573808156232 0.09012875536480687 0.10051694428489374
0 0.4565450643776824 0.37765651924181504 0.05150214592274678 0.07064905226881103
