0 0.5449017773620206 0.5091428571428571 0.08512628624883069 0.12228571428571429
0 0.6534144059869037 0.4908571428571429 0.0832553788587465 0.10171428571428572
0 0.7970065481758652 0.5222857142857142 0.20205799812909261 0.18742857142857142
0 0.9331150608044901 0.5262857142857142 0.0832553788587465 0.17942857142857144
0 0.569223573433115 0.6971428571428572 0.13938260056127222 0.13485714285714287
0 0.6973807296538821 0.7 0.07951356407857811 0.14514285714285713
0 0.8353601496725912 0.72 0.1814780168381665 0.18971428571428572
0 0.6510757717492984 0.8857142857142857 0.11599625818521983 0.15085714285714286
0 0.8110383536014967 0.8954285714285715 0.1796071094480823 0.15428571428571428
0 0.961178671655753 0.7217142857142858 0.07390084190832553 0.15885714285714286
