0 0.12915129151291513 0.13688212927756654 0.11439114391143912 0.10773130544993663
0 0.05996309963099631 0.39195183776932824 0.09040590405904059 0.11723700887198986
0 0.3917589175891759 0.188212927756654 0.08610086100861009 0.06590621039290241
0 0.40190651906519065 0.40525982256020276 0.10639606396063961 0.06527249683143219
0 0.06303813038130382 0.741128010139417 0.1039360393603936 0.12737642585551331
0 0.3994464944649446 0.6584283903675539 0.08917589175891759 0.060836501901140684
0 0.16574415744157442 0.3938529784537389 0.09163591635916359 0.10456273764258556
0 0.17189421894218943 0.5687579214195184 0.1039360393603936 0.09315589353612168
0 0.1583640836408364 0.7135614702154626 0.08056580565805659 0.08238276299112801
0 0.514760147601476 0.4141318124207858 0.1033210332103321 0.08808618504435994
0 0.507380073800738 0.6650823827629911 0.09225092250922509 0.07921419518377694
0 0.251230012300123 0.13339670468948037 0.14575645756457564 0.15019011406844107
0 0.2730627306273063 0.39005069708491763 0.13530135301353013 0.10836501901140684
0 0.2035670356703567 0.4730671736375158 0.14022140221402213 0.0741444866920152
0 0.5039975399753998 0.18567807351077312 0.07564575645756458 0.07604562737642585
0 0.6183886838868389 0.19455006337135614 0.12361623616236163 0.10392902408111533
0 0.14268142681426815 0.2747148288973384 0.22263222632226323 0.12103929024081116
0 0.29704797047970477 0.28073510773130544 0.1070110701107011 0.11533586818757921
0 0.05719557195571956 0.5820659062103929 0.08487084870848709 0.10202788339670468
0 0.5043050430504306 0.08998732572877059 0.07380073800738007 0.07224334600760456
0 0.5824108241082411 0.08681875792141952 0.07257072570725707 0.059569074778200254
0 0.4102091020910209 0.07984790874524715 0.09471094710947109 0.0697084917617237
0 0.19833948339483395 0.8748415716096325 0.08302583025830258 0.07921419518377694
0 0.2896678966789668 0.8719898605830165 0.10824108241082411 0.09505703422053231
0 0.27398523985239853 0.5931558935361216 0.14206642066420663 0.13181242078580482
0 0.22878228782287824 0.7113434727503168 0.06273062730627306 0.09062103929024082
0 0.29489544895448955 0.7100760456273765 0.1002460024600246 0.08808618504435994
0 0.6030135301353013 0.6666666666666666 0.0990159901599016 0.06717363751584284
0 0.5821033210332104 0.7487325728770595 0.16051660516605165 0.09949302915082382
0 0.4231242312423124 0.7436628643852978 0.07995079950799508 0.07160963244613434
0 0.26476014760147604 0.7968948035487959 0.07195571955719557 0.052598225602027884
0 0.10977859778597786 0.876425855513308 0.07564575645756458 0.08745247148288973
0 0.511070110701107 0.20849176172370087 0.12300123001230012 0.12547528517110265
0 0.5365928659286593 0.3108365019011407 0.22078720787207873 0.09315589353612168
