0 0.08333333333333333 0.32130281690140844 0.15567765567765568 0.14964788732394366
0 0.2403846153846154 0.167693661971831 0.19505494505494506 0.12588028169014084
0 0.40613553113553114 0.15889084507042253 0.13278388278388278 0.12940140845070422
0 0.3543956043956044 0.43661971830985913 0.10805860805860806 0.11619718309859155
0 0.3282967032967033 0.3076584507042254 0.2206959706959707 0.11883802816901408
0 0.17673992673992675 0.445862676056338 0.14652014652014653 0.12411971830985916
0 0.21703296703296704 0.5761443661971831 0.05860805860805861 0.10475352112676056
0 0.565018315018315 0.6892605633802817 0.10989010989010989 0.0721830985915493
0 0.8608058608058609 0.8340669014084507 0.14835164835164835 0.12764084507042253
0 0.565018315018315 0.5735035211267606 0.10989010989010989 0.10651408450704225
0 0.7211538461538461 0.577024647887324 0.20604395604395603 0.1311619718309859
0 0.9102564102564102 0.5840669014084507 0.1575091575091575 0.12411971830985916
0 0.6538461538461539 0.4375 0.19047619047619047 0.11795774647887323
0 0.8379120879120879 0.4449823943661972 0.17032967032967034 0.11883802816901408
0 0.2967032967032967 0.6954225352112676 0.11721611721611722 0.1056338028169014
0 0.38782051282051283 0.9643485915492958 0.11446886446886446 0.0625
0 0.39194139194139194 0.0409330985915493 0.15384615384615385 0.08362676056338028
0 0.19093406593406592 0.06514084507042253 0.1108058608058608 0.06514084507042253
0 0.5892857142857143 0.058098591549295774 0.17857142857142858 0.09683098591549295
0 0.7344322344322345 0.06778169014084508 0.10805860805860806 0.0880281690140845
0 0.8466117216117216 0.09330985915492958 0.1163003663003663 0.08098591549295775
0 0.5865384615384616 0.16153169014084506 0.17307692307692307 0.0994718309859155
0 0.7184065934065934 0.8349471830985915 0.13644688644688643 0.10123239436619719
0 0.7884615384615384 0.6927816901408451 0.23626373626373626 0.10035211267605634
0 0.09615384615384616 0.18485915492957747 0.08974358974358974 0.09154929577464789
0 0.3891941391941392 0.8499119718309859 0.184981684981685 0.11707746478873239
0 0.3740842490842491 0.6963028169014085 0.04304029304029304 0.10387323943661972
0 0.44734432234432236 0.6949823943661971 0.11446886446886446 0.11179577464788733
0 0.2097069597069597 0.6830985915492958 0.06593406593406594 0.06690140845070422
0 0.18086080586080586 0.7029049295774648 0.1163003663003663 0.09595070422535211
