0 0.2917827298050139 0.8734806629834254 0.26323119777158777 0.16243093922651933
0 0.5341225626740947 0.6348066298342542 0.6949860724233984 0.1425414364640884
0 0.6392757660167131 0.7453038674033149 0.34540389972144847 0.1292817679558011
0 0.6511142061281338 0.47790055248618785 0.2520891364902507 0.17790055248618786
0 0.8377437325905293 0.48121546961325967 0.12395543175487465 0.16022099447513813
0 0.6093314763231198 0.26353591160220996 0.18523676880222842 0.10718232044198896
0 0.8363509749303621 0.3060773480662983 0.266016713091922 0.15469613259668508
0 0.266016713091922 0.2712707182320442 0.28969359331476324 0.1292817679558011
0 0.5571030640668524 0.2955801104972376 0.2924791086350975 0.18453038674033148
0 0.3112813370473538 0.46795580110497237 0.4554317548746518 0.18453038674033148
0 0.5689415041782729 0.8988950276243094 0.2827298050139276 0.14696132596685083
0 0.8043175487465181 0.8767955801104972 0.201949860724234 0.1270718232044199
0 0.5153203342618384 0.05082872928176796 0.4623955431754875 0.0861878453038674
0 0.7075208913649025 0.1558011049723757 0.2479108635097493 0.12596685082872927
0 0.3328690807799443 0.039779005524861875 0.0807799442896936 0.019889502762430938
0 0.3224233983286908 0.06408839779005525 0.0766016713091922 0.02430939226519337
0 0.31197771587743733 0.09944751381215469 0.09192200557103064 0.026519337016574586
0 0.37395543175487467 0.09889502762430939 0.06267409470752089 0.051933701657458566
0 0.44986072423398327 0.112707182320442 0.08635097493036212 0.07955801104972375
0 0.5104456824512534 0.12596685082872927 0.08495821727019498 0.07292817679558011
0 0.5654596100278552 0.13867403314917126 0.055710306406685235 0.08508287292817679
0 0.39902506963788303 0.041988950276243095 0.04596100278551532 0.05303867403314917
0 0.6706128133704735 0.1441988950276243 0.18523676880222842 0.051933701657458566
0 0.6532033426183844 0.11933701657458563 0.08635097493036212 0.061878453038674036
0 0.6685236768802229 0.16243093922651933 0.06128133704735376 0.039779005524861875
0 0.6371866295264624 0.16464088397790055 0.054317548746518104 0.026519337016574586
0 0.6532033426183844 0.04751381215469613 0.116991643454039 0.05082872928176796
0 0.6525069637883009 0.07403314917127071 0.14623955431754876 0.03535911602209945
0 0.504874651810585 0.05414364640883978 0.08774373259052924 0.03535911602209945
0 0.20682451253481896 0.30386740331491713 0.0766016713091922 0.039779005524861875
0 0.24303621169916434 0.24972375690607734 0.0766016713091922 0.057458563535911604
0 0.27924791086350975 0.2955801104972376 0.07103064066852367 0.049723756906077346
0 0.32590529247910865 0.2430939226519337 0.09192200557103064 0.06850828729281767
0 0.42827298050139273 0.28950276243093925 0.05153203342618384 0.11933701657458563
0 0.48259052924791085 0.2596685082872928 0.06267409470752089 0.09944751381215469
0 0.5515320334261838 0.3259668508287293 0.181058495821727 0.03314917127071823
0 0.6671309192200557 0.33480662983425413 0.04456824512534819 0.06850828729281767
0 0.6135097493036211 0.2773480662983425 0.04596100278551532 0.07513812154696133
0 0.5661559888579387 0.2430939226519337 0.08495821727019498 0.06850828729281767
0 0.5543175487465181 0.28011049723756903 0.08635097493036212 0.02983425414364641
0 0.7263231197771588 0.28342541436464086 0.037604456824512536 0.09613259668508287
0 0.775766016713092 0.2430939226519337 0.06963788300835655 0.02430939226519337
0 0.9484679665738162 0.3392265193370166 0.036211699164345405 0.08397790055248619
0 0.825208913649025 0.3519337016574586 0.23259052924791088 0.05414364640883978
0 0.49303621169916434 0.46740331491712706 0.08913649025069638 0.16132596685082873
0 0.14345403899721448 0.46022099447513815 0.10027855153203342 0.1558011049723757
0 0.42409470752089135 0.4839779005524862 0.057103064066852366 0.10607734806629834
0 0.6559888579387186 0.4977900552486188 0.23676880222841226 0.032044198895027624
0 0.6608635097493036 0.4298342541436464 0.20473537604456823 0.03314917127071823
0 0.6880222841225627 0.4767955801104972 0.036211699164345405 0.13149171270718232
0 0.6580779944289693 0.4707182320441989 0.03203342618384401 0.12596685082872927
0 0.6086350974930362 0.469060773480663 0.036211699164345405 0.12486187845303867
0 0.637883008356546 0.4712707182320442 0.033426183844011144 0.11823204419889503
0 0.8008356545961003 0.47292817679558014 0.05013927576601671 0.1414364640883978
0 0.8795264623955432 0.4790055248618785 0.05153203342618384 0.13812154696132597
0 0.314066852367688 0.6762430939226519 0.04874651810584958 0.16132596685082873
0 0.26253481894150416 0.6044198895027625 0.08495821727019498 0.041988950276243095
0 0.25348189415041783 0.6325966850828729 0.06963788300835655 0.020994475138121547
0 0.25348189415041783 0.6613259668508288 0.07242339832869081 0.023204419889502764
0 0.24442896935933148 0.6961325966850829 0.08495821727019498 0.028729281767955802
0 0.3426183844011142 0.6640883977900552 0.11420612813370473 0.039779005524861875
0 0.42270194986072424 0.6303867403314917 0.0766016713091922 0.06961325966850829
0 0.4972144846796657 0.6292817679558012 0.06685236768802229 0.06961325966850829
0 0.6476323119777159 0.5911602209944752 0.12534818941504178 0.06629834254143646
0 0.5828690807799443 0.6441988950276243 0.07381615598885793 0.07513812154696133
0 0.5536211699164345 0.6839779005524862 0.318941504178273 0.03535911602209945
0 0.782033426183844 0.674585635359116 0.12116991643454039 0.03867403314917127
0 0.782033426183844 0.7419889502762431 0.04874651810584958 0.07845303867403315
0 0.7110027855153204 0.7325966850828729 0.08774373259052924 0.03314917127071823
0 0.6915041782729805 0.7541436464088398 0.057103064066852366 0.12044198895027625
0 0.6190807799442897 0.7977900552486188 0.10167130919220056 0.019889502762430938
0 0.5947075208913649 0.7348066298342542 0.04178272980501393 0.08176795580110498
0 0.4979108635097493 0.7508287292817679 0.034818941504178275 0.08950276243093923
0 0.5250696378830083 0.7215469613259669 0.08356545961002786 0.03314917127071823
0 0.5243732590529248 0.7773480662983425 0.09331476323119778 0.023204419889502764
0 0.23746518105849582 0.8430939226519337 0.14345403899721448 0.061878453038674036
0 0.2576601671309192 0.8878453038674033 0.11977715877437325 0.1005524861878453
0 0.3551532033426184 0.8723756906077348 0.06963788300835655 0.13591160220994475
0 0.34540389972144847 0.8756906077348067 0.15598885793871867 0.056353591160221
0 0.6977715877437326 0.9027624309392265 0.036211699164345405 0.0861878453038674
0 0.6302228412256268 0.8657458563535911 0.11559888579387187 0.051933701657458566
0 0.6225626740947076 0.9248618784530387 0.14484679665738162 0.07955801104972375
0 0.5376044568245125 0.8939226519337017 0.05013927576601671 0.12154696132596685
0 0.4505571030640669 0.9060773480662984 0.03203342618384401 0.08176795580110498
0 0.483983286908078 0.8823204419889503 0.07381615598885793 0.036464088397790057
0 0.48467966573816157 0.9138121546961326 0.06406685236768803 0.02430939226519337
0 0.878133704735376 0.8574585635359117 0.02924791086350975 0.06629834254143646
0 0.7959610027855153 0.8640883977900552 0.04874651810584958 0.13038674033149172
0 0.7896935933147632 0.8530386740331491 0.116991643454039 0.04419889502762431
0 0.7896935933147632 0.8801104972375691 0.1615598885793872 0.06077348066298342
