0 0.13591160220994475 0.4899352983465133 0.12596685082872927 0.098490294751977
0 0.5486187845303867 0.07620416966211359 0.16022099447513813 0.09202012940330698
0 0.3850828729281768 0.4744787922358016 0.23314917127071824 0.10496046010064701
0 0.5447513812154696 0.18763479511143064 0.11712707182320442 0.07189072609633357
0 0.7392265193370166 0.16498921639108555 0.22983425414364642 0.055355859094176854
0 0.7662983425414365 0.22753414809489575 0.2994475138121547 0.08267433501078361
0 0.04640883977900553 0.507548526240115 0.057458563535911604 0.12221423436376708
0 0.17679558011049723 0.3756290438533429 0.12375690607734807 0.08267433501078361
0 0.0718232044198895 0.38677210639827464 0.09060773480662983 0.0905823148813803
0 0.1011049723756906 0.8145219266714594 0.11602209944751381 0.10783608914450037
0 0.2574585635359116 0.7818116462976276 0.20773480662983426 0.07979870596693027
0 0.26077348066298345 0.8461538461538461 0.2011049723756906 0.08483105679367361
0 0.7674033149171271 0.04385334291876348 0.2110497237569061 0.05176132278936017
0 0.7779005524861878 0.099568655643422 0.2276243093922652 0.08411214953271028
0 0.9116022099447514 0.1261682242990654 0.0707182320441989 0.09130122214234364
