0 0.5617391304347826 0.07222222222222222 0.11478260869565217 0.0962962962962963
0 0.09347826086956522 0.5009259259259259 0.16434782608695653 0.11851851851851852
0 0.10434782608695652 0.1310185185185185 0.057391304347826085 0.06759259259259259
0 0.45130434782608697 0.6800925925925926 0.059130434782608696 0.10648148148148148
0 0.24565217391304348 0.4773148148148148 0.15217391304347827 0.08981481481481482
0 0.10739130434782608 0.27870370370370373 0.12956521739130436 0.15555555555555556
0 0.1565217391304348 0.8550925925925926 0.25565217391304346 0.16203703703703703
0 0.4026086956521739 0.48564814814814816 0.1617391304347826 0.09722222222222222
0 0.3247826086956522 0.8486111111111111 0.09130434782608696 0.1287037037037037
0 0.6934782608695652 0.07268518518518519 0.15217391304347827 0.10833333333333334
0 0.5408695652173913 0.24953703703703703 0.09913043478260869 0.11388888888888889
0 0.39521739130434785 0.2657407407407407 0.17652173913043478 0.11851851851851852
0 0.3447826086956522 0.38055555555555554 0.24434782608695652 0.08703703703703704
0 0.06695652173913043 0.6564814814814814 0.11652173913043479 0.12777777777777777
0 0.19434782608695653 0.6643518518518519 0.15043478260869564 0.11944444444444445
0 0.3426086956521739 0.6731481481481482 0.15478260869565216 0.12222222222222222
0 0.4291304347826087 0.8574074074074074 0.11565217391304349 0.11851851851851852
0 0.22043478260869565 0.12546296296296297 0.16782608695652174 0.1287037037037037
0 0.23304347826086957 0.08611111111111111 0.08347826086956522 0.06851851851851852
0 0.33652173913043476 0.08333333333333333 0.12 0.09074074074074075
0 0.44521739130434784 0.0912037037037037 0.09217391304347826 0.0712962962962963
0 0.21695652173913044 0.25833333333333336 0.09130434782608696 0.06851851851851852
0 0.24217391304347827 0.2722222222222222 0.14347826086956522 0.13518518518518519
0 0.8330434782608696 0.0875 0.13217391304347825 0.11388888888888889
0 0.10739130434782608 0.1337962962962963 0.04782608695652174 0.05648148148148148
0 0.1565217391304348 0.09768518518518518 0.036521739130434785 0.05648148148148148
0 0.18130434782608695 0.09675925925925925 0.03217391304347826 0.05092592592592592
0 0.28130434782608693 0.16203703703703703 0.0391304347826087 0.06296296296296296
0 0.21739130434782608 0.13425925925925927 0.10434782608695652 0.027777777777777776
0 0.1973913043478261 0.16064814814814815 0.12521739130434784 0.03981481481481482
0 0.23608695652173914 0.08888888888888889 0.08434782608695653 0.025925925925925925
0 0.2426086956521739 0.07962962962962963 0.02608695652173913 0.05740740740740741
0 0.22478260869565217 0.07083333333333333 0.025217391304347827 0.032407407407407406
0 0.2217391304347826 0.09814814814814815 0.02434782608695652 0.020370370370370372
0 0.2582608695652174 0.09166666666666666 0.03130434782608696 0.025925925925925925
0 0.2569565217391304 0.07175925925925926 0.03217391304347826 0.026851851851851852
0 0.2982608695652174 0.10462962962962963 0.03826086956521739 0.05555555555555555
0 0.3308695652173913 0.09444444444444444 0.030434782608695653 0.03148148148148148
0 0.37043478260869567 0.1259259259259259 0.050434782608695654 0.053703703703703705
0 0.3491304347826087 0.06805555555555555 0.021739130434782608 0.041666666666666664
0 0.3717391304347826 0.04537037037037037 0.035652173913043476 0.020370370370370372
0 0.37434782608695655 0.06435185185185185 0.028695652173913042 0.010185185185185186
0 0.37565217391304345 0.07222222222222222 0.022608695652173914 0.009259259259259259
0 0.3982608695652174 0.0837962962962963 0.02608695652173913 0.08981481481481482
0 0.4360869565217391 0.08564814814814815 0.01652173913043478 0.05277777777777778
0 0.43956521739130433 0.10046296296296296 0.07217391304347825 0.019444444444444445
0 0.43869565217391304 0.08055555555555556 0.06 0.016666666666666666
0 0.43869565217391304 0.06527777777777778 0.07217391304347825 0.017592592592592594
0 0.48869565217391303 0.08657407407407407 0.020869565217391306 0.05092592592592592
0 0.5421739130434783 0.0837962962962963 0.042608695652173914 0.030555555555555555
0 0.5378260869565218 0.05 0.028695652173913042 0.03888888888888889
0 0.5617391304347826 0.06712962962962964 0.029565217391304348 0.07314814814814814
0 0.5595652173913044 0.06620370370370371 0.11043478260869566 0.03611111111111111
0 0.591304347826087 0.046296296296296294 0.04173913043478261 0.03888888888888889
0 0.5882608695652174 0.08472222222222223 0.03217391304347826 0.023148148148148147
0 0.6256521739130435 0.06759259259259259 0.023478260869565216 0.07962962962962963
0 0.6517391304347826 0.06898148148148148 0.025217391304347827 0.0824074074074074
0 0.7195652173913043 0.07037037037037037 0.05652173913043478 0.053703703703703705
0 0.7195652173913043 0.06481481481481481 0.05304347826086957 0.03333333333333333
0 0.72 0.030555555555555555 0.06956521739130435 0.03148148148148148
0 0.7543478260869565 0.07592592592592592 0.02 0.06666666666666667
0 0.7147826086956521 0.09814814814814815 0.07130434782608695 0.024074074074074074
0 0.6865217391304348 0.07407407407407407 0.018260869565217393 0.027777777777777776
0 0.6873913043478261 0.043055555555555555 0.01652173913043478 0.030555555555555555
0 0.8147826086956522 0.056018518518518516 0.08347826086956522 0.03611111111111111
0 0.8486956521739131 0.08518518518518518 0.06086956521739131 0.03148148148148148
0 0.8143478260869565 0.1087962962962963 0.035652173913043476 0.049074074074074076
0 0.8034782608695652 0.06712962962962964 0.02782608695652174 0.017592592592592594
0 0.7973913043478261 0.07777777777777778 0.02608695652173913 0.016666666666666666
0 0.7952173913043479 0.09212962962962963 0.021739130434782608 0.017592592592592594
0 0.10869565217391304 0.20972222222222223 0.05217391304347826 0.062037037037037036
0 0.08782608695652173 0.32037037037037036 0.06434782608695652 0.044444444444444446
0 0.08826086956521739 0.27037037037037037 0.06347826086956522 0.05555555555555555
0 0.09391304347826086 0.26851851851851855 0.07130434782608695 0.03888888888888889
0 0.1482608695652174 0.24351851851851852 0.051304347826086956 0.03148148148148148
0 0.14 0.29814814814814816 0.04869565217391304 0.040740740740740744
0 0.20173913043478262 0.24722222222222223 0.019130434782608695 0.020370370370370372
0 0.20565217391304347 0.27175925925925926 0.03217391304347826 0.028703703703703703
0 0.19478260869565217 0.2564814814814815 0.04173913043478261 0.03333333333333333
0 0.23565217391304347 0.25046296296296294 0.02608695652173913 0.026851851851851852
0 0.24434782608695652 0.2763888888888889 0.036521739130434785 0.030555555555555555
0 0.22 0.26157407407407407 0.02782608695652174 0.06388888888888888
0 0.1956521739130435 0.31574074074074077 0.05565217391304348 0.06851851851851852
0 0.2534782608695652 0.31527777777777777 0.05478260869565217 0.04351851851851852
0 0.2756521739130435 0.2462962962962963 0.02782608695652174 0.07407407407407407
0 0.29304347826086957 0.24351851851851852 0.02782608695652174 0.025925925925925925
0 0.29304347826086957 0.2625 0.029565217391304348 0.012037037037037037
0 0.2926086956521739 0.2777777777777778 0.026956521739130435 0.011111111111111112
0 0.29347826086956524 0.2916666666666667 0.03217391304347826 0.011111111111111112
0 0.28739130434782606 0.3023148148148148 0.0408695652173913 0.01574074074074074
0 0.4691304347826087 0.2740740740740741 0.03391304347826087 0.09074074074074075
0 0.38304347826086954 0.29074074074074074 0.14173913043478262 0.018518518518518517
0 0.36869565217391304 0.2722222222222222 0.11478260869565217 0.014814814814814815
0 0.37782608695652176 0.2550925925925926 0.13130434782608696 0.021296296296296296
0 0.37043478260869567 0.23472222222222222 0.11652173913043479 0.021296296296296296
0 0.3278260869565217 0.28935185185185186 0.01565217391304348 0.08611111111111111
0 0.34347826086956523 0.2773148148148148 0.01391304347826087 0.06388888888888888
0 0.37 0.27870370370370373 0.011304347826086957 0.07407407407407407
0 0.3565217391304348 0.27685185185185185 0.01217391304347826 0.06111111111111111
0 0.54 0.24212962962962964 0.08347826086956522 0.0824074074074074
0 0.5404347826086957 0.23703703703703705 0.026956521739130435 0.06111111111111111
0 0.6126086956521739 0.26157407407407407 0.0391304347826087 0.019444444444444445
0 0.6191304347826087 0.2439814814814815 0.05217391304347826 0.021296296296296296
0 0.6195652173913043 0.22916666666666666 0.051304347826086956 0.017592592592592594
0 0.6186956521739131 0.20787037037037037 0.03739130434782609 0.032407407407407406
0 0.6760869565217391 0.2523148148148148 0.028695652173913042 0.041666666666666664
0 0.6560869565217391 0.22037037037037038 0.03217391304347826 0.037037037037037035
0 0.6465217391304348 0.27037037037037037 0.030434782608695653 0.053703703703703705
0 0.69 0.2902777777777778 0.058260869565217394 0.058333333333333334
0 0.6895652173913044 0.21481481481481482 0.043478260869565216 0.06111111111111111
0 0.74 0.25833333333333336 0.05391304347826087 0.022222222222222223
0 0.7369565217391304 0.2361111111111111 0.06347826086956522 0.02962962962962963
0 0.8008695652173913 0.2689814814814815 0.059130434782608696 0.0712962962962963
0 0.811304347826087 0.24768518518518517 0.06956521739130435 0.06018518518518518
0 0.4404347826086957 0.39166666666666666 0.03391304347826087 0.05925925925925926
0 0.39521739130434785 0.3439814814814815 0.07217391304347825 0.05462962962962963
0 0.39304347826086955 0.4046296296296296 0.06608695652173913 0.04814814814814815
0 0.36478260869565216 0.3763888888888889 0.025217391304347827 0.0712962962962963
0 0.3339130434782609 0.3578703703703704 0.04 0.032407407407407406
0 0.26869565217391306 0.3861111111111111 0.07478260869565218 0.027777777777777776
0 0.29043478260869565 0.3337962962962963 0.04 0.026851851851851852
0 0.30391304347826087 0.34120370370370373 0.0408695652173913 0.025
0 0.3095652173913043 0.3587962962962963 0.01391304347826087 0.023148148148148147
0 0.2960869565217391 0.36157407407407405 0.01652173913043478 0.025
0 0.28608695652173916 0.3611111111111111 0.019130434782608695 0.022222222222222223
0 0.32913043478260867 0.40555555555555556 0.026956521739130435 0.024074074074074074
0 0.30869565217391304 0.4115740740740741 0.02608695652173913 0.019444444444444445
0 0.33304347826086955 0.3824074074074074 0.04173913043478261 0.012962962962962963
0 0.16 0.5032407407407408 0.03304347826086956 0.08611111111111111
0 0.07695652173913044 0.4930555555555556 0.030434782608695653 0.08611111111111111
0 0.08565217391304347 0.5148148148148148 0.12782608695652173 0.018518518518518517
0 0.08434782608695653 0.49675925925925923 0.12173913043478261 0.017592592592592594
0 0.08478260869565217 0.4787037037037037 0.1208695652173913 0.018518518518518517
0 0.08391304347826087 0.4597222222222222 0.11739130434782609 0.023148148148148147
0 0.28130434782608693 0.4685185185185185 0.08434782608695653 0.07222222222222222
0 0.2582608695652174 0.5055555555555555 0.11826086956521739 0.018518518518518517
0 0.22130434782608696 0.47638888888888886 0.028695652173913042 0.032407407407407406
0 0.18782608695652173 0.47638888888888886 0.036521739130434785 0.04537037037037037
0 0.19652173913043477 0.4861111111111111 0.02782608695652174 0.03518518518518519
0 0.20782608695652174 0.48009259259259257 0.029565217391304348 0.03981481481481482
0 0.3626086956521739 0.4949074074074074 0.07652173913043478 0.07314814814814814
0 0.3521739130434783 0.49907407407407406 0.06260869565217392 0.053703703703703705
0 0.4082608695652174 0.4689814814814815 0.042608695652173914 0.03611111111111111
0 0.4434782608695652 0.48935185185185187 0.02608695652173913 0.019444444444444445
0 0.418695652173913 0.5097222222222222 0.03391304347826087 0.03611111111111111
0 0.051304347826086956 0.637962962962963 0.036521739130434785 0.08518518518518518
0 0.0782608695652174 0.6949074074074074 0.09217391304347826 0.03611111111111111
0 0.13478260869565217 0.6787037037037037 0.0782608695652174 0.07407407407407407
0 0.14956521739130435 0.6759259259259259 0.01565217391304348 0.04259259259259259
0 0.18956521739130436 0.6601851851851852 0.03130434782608696 0.1
0 0.21565217391304348 0.6800925925925926 0.07478260869565218 0.026851851851851852
0 0.21695652173913044 0.6476851851851851 0.06869565217391305 0.026851851851851852
0 0.2617391304347826 0.6814814814814815 0.017391304347826087 0.05925925925925926
0 0.28652173913043477 0.6555555555555556 0.06173913043478261 0.037037037037037035
0 0.29347826086956524 0.6828703703703703 0.04434782608695652 0.03981481481481482
0 0.3591304347826087 0.6810185185185185 0.0817391304347826 0.08611111111111111
0 0.35043478260869565 0.6898148148148148 0.0817391304347826 0.08333333333333333
0 0.34608695652173915 0.6962962962962963 0.0817391304347826 0.07962962962962963
0 0.3652173913043478 0.7226851851851852 0.04173913043478261 0.03981481481481482
0 0.3482608695652174 0.6754629629629629 0.03739130434782609 0.09722222222222222
0 0.36782608695652175 0.6680555555555555 0.057391304347826085 0.025
0 0.3630434782608696 0.6949074074074074 0.06695652173913043 0.013888888888888888
0 0.40869565217391307 0.700462962962963 0.02782608695652174 0.06388888888888888
0 0.461304347826087 0.675 0.023478260869565216 0.08333333333333333
0 0.4369565217391304 0.6773148148148148 0.021739130434782608 0.08981481481481482
0 0.21304347826086956 0.8273148148148148 0.11304347826086956 0.075
0 0.2126086956521739 0.8967592592592593 0.1 0.06388888888888888
0 0.17956521739130435 0.862037037037037 0.02 0.03888888888888889
0 0.16304347826086957 0.850462962962963 0.018260869565217393 0.06574074074074074
0 0.05565217391304348 0.7972222222222223 0.020869565217391306 0.02962962962962963
0 0.06956521739130435 0.7976851851851852 0.017391304347826087 0.028703703703703703
0 0.08260869565217391 0.7981481481481482 0.019130434782608695 0.027777777777777776
0 0.09739130434782609 0.8004629629629629 0.020869565217391306 0.028703703703703703
0 0.11521739130434783 0.8055555555555556 0.021739130434782608 0.03148148148148148
0 0.09565217391304348 0.8217592592592593 0.06608695652173913 0.021296296296296296
0 0.06652173913043478 0.8592592592592593 0.021739130434782608 0.027777777777777776
0 0.05608695652173913 0.8328703703703704 0.011304347826086957 0.019444444444444445
0 0.14130434782608695 0.8490740740740741 0.013043478260869565 0.020370370370370372
0 0.12260869565217392 0.8486111111111111 0.01565217391304348 0.023148148148148147
0 0.14739130434782607 0.8712962962962963 0.013043478260869565 0.024074074074074074
0 0.14173913043478262 0.8740740740740741 0.019130434782608695 0.02962962962962963
0 0.12869565217391304 0.8731481481481481 0.019130434782608695 0.027777777777777776
0 0.09 0.8611111111111112 0.028695652173913042 0.03518518518518519
0 0.10695652173913044 0.8662037037037037 0.020869565217391306 0.025
0 0.07217391304347825 0.8351851851851851 0.01217391304347826 0.016666666666666666
0 0.08608695652173913 0.8407407407407408 0.020869565217391306 0.024074074074074074
0 0.10217391304347827 0.8449074074074074 0.02 0.019444444444444445
0 0.08478260869565217 0.8939814814814815 0.018260869565217393 0.025
0 0.09652173913043478 0.9046296296296297 0.019130434782608695 0.027777777777777776
0 0.1117391304347826 0.9125 0.02 0.026851851851851852
0 0.13130434782608696 0.9171296296296296 0.022608695652173914 0.030555555555555555
0 0.15043478260869564 0.9092592592592592 0.03130434782608696 0.02962962962962963
0 0.3108695652173913 0.812037037037037 0.04434782608695652 0.04814814814814815
0 0.35434782608695653 0.8041666666666667 0.03739130434782609 0.04537037037037037
0 0.29304347826086957 0.8638888888888889 0.04521739130434783 0.06666666666666667
0 0.35739130434782607 0.8694444444444445 0.02782608695652174 0.05185185185185185
0 0.3356521739130435 0.8115740740740741 0.022608695652173914 0.012037037037037037
0 0.3317391304347826 0.825 0.028695652173913042 0.012962962962962963
0 0.33217391304347826 0.8384259259259259 0.020869565217391306 0.008333333333333333
0 0.32956521739130434 0.850462962962963 0.019130434782608695 0.012037037037037037
0 0.38782608695652177 0.8356481481481481 0.04869565217391304 0.03425925925925926
0 0.39652173913043476 0.875 0.05391304347826087 0.05555555555555555
0 0.4439130434782609 0.8296296296296296 0.03217391304347826 0.03888888888888889
0 0.45565217391304347 0.8601851851851852 0.04 0.02962962962962963
0 0.45304347826086955 0.8870370370370371 0.029565217391304348 0.020370370370370372
0 0.4078260869565217 0.8550925925925926 0.020869565217391306 0.041666666666666664
0 0.44 0.8972222222222223 0.06434782608695652 0.05555555555555555
0 0.42086956521739133 0.8643518518518518 0.02608695652173913 0.023148148148148147
0 0.42391304347826086 0.8537037037037037 0.02 0.018518518518518517
