0 0.553623188405797 0.03860160233066278 0.0966183574879227 0.05243991260014567
0 0.557487922705314 0.12891478514202476 0.10048309178743961 0.05680990531682447
0 0.6589371980676328 0.13510560815731973 0.10628019323671498 0.08230152949745084
0 0.5618357487922705 0.24763292061179898 0.08405797101449275 0.06263656227239621
0 0.7140096618357488 0.24107793153678078 0.20676328502415459 0.07574654042243263
0 0.5942028985507246 0.44683175528040786 0.13526570048309178 0.05753823743627094
0 0.7613526570048309 0.4668608885651857 0.21835748792270532 0.10487982520029134
0 0.8995169082125604 0.4708667152221413 0.06183574879227053 0.1056081573197378
0 0.908695652173913 0.36890021849963583 0.1072463768115942 0.101238164603059
0 0.04830917874396135 0.43372177713037147 0.08502415458937199 0.11871813546977422
0 0.18164251207729468 0.43153678077203206 0.1603864734299517 0.1143481427530954
0 0.36038647342995167 0.4297159504734159 0.17971014492753623 0.11070648215586307
0 0.057971014492753624 0.8288419519300801 0.06183574879227053 0.11070648215586307
0 0.14444444444444443 0.8408594319009468 0.1111111111111111 0.07793153678077203
0 0.26859903381642514 0.8452294246176256 0.13719806763285025 0.09832483612527312
0 0.40241545893719805 0.8481427530954115 0.1323671497584541 0.0852148579752367
0 0.49468599033816424 0.8495994173343044 0.05217391304347826 0.0852148579752367
0 0.13091787439613525 0.9278951201747997 0.09178743961352658 0.07137654770575383
