0 0.585635359116022 0.6973400431344356 0.12596685082872927 0.0503235082674335
0 0.5740331491712707 0.9040258806613947 0.11602209944751381 0.056793673616103525
0 0.638121546961326 0.5927390366642703 0.08066298342541436 0.09992810927390366
0 0.09171270718232044 0.8127246585190511 0.10607734806629834 0.06542056074766354
0 0.09668508287292818 0.896117900790798 0.09613259668508287 0.06398274622573688
0 0.26519337016574585 0.9140905823148814 0.17900552486187846 0.10136592379583034
0 0.2265193370165746 0.7185478073328541 0.1591160220994475 0.10999281092739037
0 0.3469613259668508 0.7117181883537024 0.10386740331491713 0.11790079079798706
0 0.4569060773480663 0.702372393961179 0.11160220994475138 0.12940330697340044
0 0.4320441988950276 0.9151689432063264 0.1569060773480663 0.10639827462257369
0 0.6082872928176796 0.8166786484543493 0.19116022099447513 0.07907979870596693
0 0.8237569060773481 0.8145219266714594 0.2574585635359116 0.08770668583752696
0 0.7287292817679558 0.592020129403307 0.10276243093922652 0.10136592379583034
0 0.5580110497237569 0.5902228612508986 0.08839779005524862 0.0704529115744069
0 0.7248618784530386 0.9054636951833214 0.11049723756906077 0.08554996405463695
0 0.8580110497237569 0.8975557153127247 0.16464088397790055 0.08267433501078361
0 0.44640883977900553 0.22969086987778575 0.11491712707182321 0.10855499640546369
0 0.33535911602209945 0.2361610352264558 0.12265193370165746 0.10567936736161035
0 0.4093922651933702 0.34795111430625447 0.17569060773480663 0.10639827462257369
0 0.38176795580110495 0.48166786484543495 0.2883977900552486 0.12221423436376708
0 0.7077348066298342 0.48166786484543495 0.37900552486187844 0.11214953271028037
0 0.5657458563535912 0.3788641265276779 0.11049723756906077 0.08626887131560029
0 0.6022099447513812 0.9737598849748382 0.09723756906077348 0.055355859094176854
0 0.7022099447513812 0.9748382458662832 0.10497237569060773 0.04744787922358016
0 0.7994475138121547 0.9590222861250899 0.09613259668508287 0.04457225017972682
0 0.7607734806629834 0.6901509705248023 0.2110497237569061 0.07189072609633357
0 0.8348066298342541 0.7437095614665709 0.18232044198895028 0.056793673616103525
0 0.23812154696132598 0.1430625449317038 0.3723756906077348 0.10208483105679367
0 0.15138121546961325 0.05859094176851186 0.09723756906077348 0.03522645578720345
0 0.8430939226519337 0.5654205607476636 0.112707182320442 0.056793673616103525
