0 0.33908604764219735 0.3278976417461114 0.11813320369470102 0.06472654290015052
0 0.4737481769567331 0.4111891620672353 0.10452114730189596 0.07074761665830406
0 0.5554205153135634 0.37982940291018563 0.04521147301895965 0.08028098344204716
0 0.36533787068546425 0.49598595082789765 0.07146329606222654 0.09282488710486704
0 0.7136606708799222 0.8702960361264426 0.08167233835683034 0.08580030105368791
0 0.5807000486144871 0.8647767185148018 0.08215848322800194 0.09182137481184144
0 0.36533787068546425 0.40792774711490215 0.11716091395235781 0.07425990968389362
0 0.6064657267865824 0.6081284495735073 0.16285853184248905 0.08329152032112393
0 0.7309188138065144 0.6131460110386352 0.08313077297034516 0.09332664325137983
0 0.6808458920758386 0.6949322629202208 0.16674769081186194 0.08730556949322629
0 0.8004375303840544 0.3364274962368289 0.07535245503159942 0.07476166583040643
0 0.5505590666018474 0.15830406422478677 0.060768108896451144 0.06472654290015052
0 0.5430238210986874 0.25865529352734573 0.053475935828877004 0.05569493226292022
0 0.6067087992221682 0.26317109884596085 0.06514341273699563 0.05870546914199699
0 0.5486144871171609 0.04741595584545911 0.060768108896451144 0.08278976417461113
0 0.9285367039377734 0.5198193677872553 0.05639280505590666 0.08329152032112393
0 0.8045697617890131 0.21751128951329654 0.07389402041808459 0.1058705469141997
0 0.980068060281964 0.34771700953336676 0.031113271754982984 0.06924234821876568
0 0.5493437044239183 0.766432513798294 0.03986387943607195 0.050677370797792276
0 0.6050072921730676 0.7694430506773708 0.06854642683519689 0.05569493226292022
0 0.6847350510452115 0.7844957350727546 0.06854642683519689 0.06673356748620171
0 0.7284880894506564 0.7691921726041144 0.023821098687408847 0.04515805318615153
0 0.3191541079241614 0.7927747114902157 0.05590666018473505 0.09332664325137983
0 0.36387943607194945 0.7860010035122931 0.03937773456490034 0.050677370797792276
0 0.44433641225085074 0.7942799799297542 0.09333981526494896 0.09031610637230306
0 0.5048614487117161 0.7807325639739087 0.030627126883811376 0.0481685900652283
0 0.13368983957219252 0.9056698444555946 0.03986387943607195 0.042147516307074764
0 0.18643655809431212 0.9049172102358254 0.05590666018473505 0.051680883090817864
0 0.2613028682547399 0.9079277471149022 0.07729703451628585 0.06271951831409935
0 0.036460865337870685 0.6680883090817863 0.04083616917841517 0.05268439538384345
0 0.09188138065143413 0.6653286502759659 0.06903257170636849 0.050175614651279475
0 0.05250364608653379 0.23532363271450074 0.09333981526494896 0.08429503261414953
0 0.16285853184248905 0.23181133968891118 0.11375789985415653 0.08429503261414953
0 0.23918327661643168 0.22579026593075766 0.04083616917841517 0.06322127446061214
0 0.22970345162858533 0.1342197691921726 0.04618376276130287 0.06673356748620171
0 0.11740398638794361 0.10311088810837933 0.10743801652892562 0.10888108379327646
0 0.21682061254253768 0.07651781234320121 0.11084103062712689 0.08178625188158554
0 0.6329606222654351 0.04039136979427998 0.10403500243072436 0.06271951831409935
0 0.46110841030627125 0.3331660812844957 0.13660670879922218 0.08529854490717512
0 0.4526008750607681 0.4882087305569493 0.06806028196402528 0.07425990968389362
0 0.8065143412736996 0.777722027094832 0.07389402041808459 0.0863020572002007
0 0.8274185707340788 0.60863020572002 0.0962566844919786 0.06322127446061214
0 0.9212445308701993 0.6043652784746613 0.08264462809917356 0.0677370797792273
0 0.5014584346135148 0.49498243853487206 0.029654837141468156 0.050677370797792276
0 0.298492950899368 0.4746613146011039 0.05542051531356344 0.05519317611640743
0 0.6784151677199806 0.26793778223783243 0.07826932425862908 0.06924234821876568
0 0.7377248420029169 0.37681886603110887 0.06174039863879436 0.08028098344204716
0 0.6981040350024307 0.4744104365278475 0.0797277588721439 0.0767686904164576
0 0.8590179873602334 0.6846462619167085 0.16917841516771998 0.08981435022579026
0 0.7396694214876033 0.17837431008529855 0.032571706368497814 0.09182137481184144
0 0.6531356344190569 0.15554440541896639 0.15216334467671366 0.08529854490717512
0 0.4674282936315022 0.1926743602609132 0.10646572678658241 0.06924234821876568
0 0.4671852211959164 0.24510787757150024 0.04861448711716091 0.040642247867536375
