0 0.6552119129438717 0.0891218872870249 0.16494845360824742 0.14154652686762778
0 0.1265750286368843 0.5878112712975099 0.23940435280641467 0.13761467889908258
0 0.41924398625429554 0.5609436435124509 0.34822451317296677 0.18086500655307994
0 0.46849942726231386 0.4259501965923984 0.24054982817869416 0.13892529488859764
0 0.34306987399770905 0.7798165137614679 0.13402061855670103 0.23591087811271297
0 0.26689576174112256 0.0963302752293578 0.18098510882016036 0.15858453473132372
0 0.3865979381443299 0.09239842726081259 0.13402061855670103 0.145478374836173
0 0.5034364261168385 0.09501965923984272 0.15693012600229095 0.17169069462647443
0 0.14261168384879724 0.2529488859764089 0.24856815578465064 0.15727391874180865
0 0.42783505154639173 0.25884665792922673 0.33104238258877433 0.18479685452162517
0 0.502290950744559 0.7732634338138925 0.18442153493699887 0.1965923984272608
0 0.8150057273768614 0.10288335517693316 0.16151202749140894 0.14285714285714285
0 0.15463917525773196 0.7935779816513762 0.27033218785796104 0.26605504587155965
0 0.1156930126002291 0.13040629095674966 0.10767468499427263 0.08781127129750983
0 0.7027491408934707 0.2948885976408912 0.13402061855670103 0.20969855832241152
0 0.18671248568155785 0.42791612057667106 0.36884306987399773 0.17169069462647443
