0 0.2730855855855856 0.053791887125220456 0.21509009009009009 0.08289241622574955
0 0.22128378378378377 0.6891534391534392 0.23085585585585586 0.1384479717813051
0 0.40822072072072074 0.705026455026455 0.1858108108108108 0.1402116402116402
0 0.5518018018018018 0.7001763668430335 0.15090090090090091 0.10052910052910052
0 0.6238738738738738 0.9206349206349206 0.1981981981981982 0.07583774250440917
0 0.4172297297297297 0.9104938271604939 0.19481981981981983 0.07319223985890652
0 0.5917792792792793 0.8355379188712522 0.19256756756756757 0.09435626102292768
0 0.3963963963963964 0.826278659611993 0.21846846846846846 0.10934744268077601
0 0.20213963963963963 0.8082010582010583 0.20157657657657657 0.12786596119929453
0 0.5016891891891891 0.05114638447971781 0.26463963963963966 0.09347442680776014
0 0.21677927927927929 0.26278659611992944 0.24887387387387389 0.14991181657848324
0 0.6875 0.722663139329806 0.17004504504504506 0.12610229276895943
0 0.8457207207207207 0.7270723104056437 0.19594594594594594 0.12433862433862433
0 0.6418918918918919 0.5886243386243386 0.2927927927927928 0.12962962962962962
0 0.6041666666666666 0.4634038800705467 0.42004504504504503 0.1490299823633157
0 0.8947072072072072 0.4642857142857143 0.18355855855855857 0.10493827160493827
