0 0.21794871794871795 0.5691653786707882 0.1493212669683258 0.14296754250386398
0 0.083710407239819 0.34350850077279754 0.14328808446455504 0.13060278207109738
0 0.14215686274509803 0.125193199381762 0.1726998491704374 0.14219474497681608
0 0.27149321266968324 0.7461360123647605 0.27450980392156865 0.1213292117465224
0 0.3996983408748115 0.5904173106646059 0.2066365007541478 0.1777434312210201
0 0.09087481146304675 0.7480680061823802 0.08069381598793364 0.11746522411128284
0 0.46417797888386125 0.7565687789799073 0.1244343891402715 0.16537867078825347
0 0.40912518853695323 0.3230293663060278 0.1817496229260935 0.10510046367851623
0 0.06561085972850679 0.5625965996908809 0.09803921568627451 0.11901081916537867
0 0.4577677224736048 0.4281298299845441 0.11463046757164404 0.11591962905718702
0 0.36764705882352944 0.08500772797527048 0.24358974358974358 0.10510046367851623
0 0.28846153846153844 0.1831530139103555 0.11236802413273002 0.13601236476043277
0 0.11613876319758673 0.0946676970633694 0.06636500754147813 0.05795981452859351
0 0.19306184012066366 0.08500772797527048 0.05429864253393665 0.04636785162287481
0 0.1768476621417798 0.16383307573415765 0.06108597285067873 0.05409582689335394
0 0.0889894419306184 0.15378670788253476 0.05128205128205128 0.05100463678516229
0 0.45211161387631976 0.09273570324574962 0.03996983408748114 0.080370942812983
0 0.3650075414781297 0.08732612055641421 0.027149321266968326 0.07882534775888717
0 0.39894419306184015 0.06027820710973725 0.0889894419306184 0.027820710973724884
0 0.3978129713423831 0.08693972179289026 0.0746606334841629 0.01777434312210201
0 0.32164404223227755 0.08075734157650695 0.024886877828054297 0.03786707882534776
0 0.28469079939668174 0.07805255023183925 0.06259426847662142 0.04327666151468315
0 0.2895927601809955 0.061823802163833076 0.07390648567119155 0.04173106646058733
0 0.2609351432880845 0.17465224111282843 0.033182503770739065 0.11282843894899536
0 0.28996983408748117 0.17272024729520866 0.029411764705882353 0.05332302936630603
0 0.28996983408748117 0.20401854714064915 0.10030165912518854 0.10510046367851623
0 0.3638763197586727 0.20595054095826892 0.042986425339366516 0.09814528593508501
0 0.3963046757164404 0.178516228748068 0.08974358974358974 0.015455950540958269
0 0.11161387631975868 0.3411901081916538 0.06033182503770739 0.09969088098918083
0 0.05429864253393665 0.3411901081916538 0.05429864253393665 0.09814528593508501
0 0.20701357466063347 0.3404173106646059 0.03544494720965309 0.11669242658423493
0 0.2680995475113122 0.29173106646058733 0.09879336349924585 0.025502318392581144
0 0.25037707390648567 0.3419629057187017 0.049773755656108594 0.04714064914992272
0 0.35671191553544496 0.3017774343122102 0.06485671191553545 0.03632148377125193
0 0.33861236802413275 0.3230293663060278 0.04072398190045249 0.04327666151468315
0 0.38235294117647056 0.3187789799072643 0.0392156862745098 0.07187017001545595
0 0.41289592760180993 0.3323029366306028 0.03092006033182504 0.10819165378670788
0 0.4517345399698341 0.3075734157650695 0.043740573152337855 0.023183925811437404
0 0.4381598793363499 0.3377125193199382 0.05580693815987934 0.02627511591962906
0 0.4830316742081448 0.3411901081916538 0.02790346907993967 0.061051004636785165
0 0.44871794871794873 0.43044822256568777 0.024132730015082957 0.04327666151468315
0 0.47021116138763197 0.4567233384853168 0.06561085972850679 0.04791344667697063
0 0.47285067873303166 0.39683153013910355 0.048265460030165915 0.05023183925811438
0 0.41968325791855204 0.4126738794435858 0.032428355957767725 0.04636785162287481
0 0.06975867269984917 0.5653013910355487 0.07767722473604827 0.10741885625965997
0 0.18740573152337858 0.5332302936630603 0.058069381598793365 0.05873261205564142
0 0.2549019607843137 0.5312982998454405 0.05429864253393665 0.05023183925811438
0 0.18665158371040724 0.6000772797527048 0.049019607843137254 0.04868624420401855
0 0.2549019607843137 0.6051004636785162 0.04675716440422323 0.04945904173106646
0 0.47435897435897434 0.5846213292117465 0.05128205128205128 0.1491499227202473
0 0.444947209653092 0.5765069551777434 0.02564102564102564 0.07727975270479134
0 0.3940422322775264 0.5247295208655333 0.11236802413273002 0.01854714064914992
0 0.3925339366515837 0.5660741885625966 0.024886877828054297 0.09350850077279753
0 0.3536953242835596 0.5761205564142194 0.02262443438914027 0.10741885625965997
0 0.36689291101055804 0.55370942812983 0.13499245852187028 0.03786707882534776
0 0.09728506787330317 0.7399536321483772 0.05580693815987934 0.08578052550231839
0 0.24849170437405732 0.7156105100463679 0.0641025641025641 0.05100463678516229
0 0.24321266968325791 0.7758887171561051 0.06862745098039216 0.04482225656877898
0 0.17986425339366516 0.7357032457496137 0.06862745098039216 0.08809891808346214
0 0.17911010558069382 0.7279752704791345 0.07918552036199095 0.06027820710973725
0 0.33634992458521873 0.7457496136012365 0.12669683257918551 0.027820710973724884
0 0.498868778280543 0.7646831530139103 0.042986425339366516 0.14142194744976816
0 0.4762443438914027 0.749227202472952 0.029411764705882353 0.07187017001545595
0 0.4445701357466063 0.7670015455950541 0.01583710407239819 0.062596599690881
0 0.46945701357466063 0.6928129829984544 0.058069381598793365 0.020865533230293665
0 0.46681749622926094 0.722952086553323 0.05731523378582202 0.025502318392581144
0 0.42609351432880843 0.7963678516228748 0.043740573152337855 0.025502318392581144
0 0.4242081447963801 0.7704791344667697 0.026395173453996983 0.02009273570324575
0 0.42345399698340874 0.750772797527048 0.02790346907993967 0.01622874806800618
0 0.41855203619909503 0.7295208655332303 0.02262443438914027 0.021638330757341576
