0 0.2262357414448669 0.8772348033373063 0.12040557667934093 0.13110846245530394
0 0.39543726235741444 0.8939213349225268 0.16730038022813687 0.11203814064362336
0 0.37579214195183774 0.6632896305125149 0.4347275031685678 0.18235995232419547
0 0.7801013941698353 0.1263408820023838 0.21673003802281368 0.16448152562574495
0 0.5240811153358682 0.13825983313468415 0.27756653992395436 0.10488676996424315
0 0.7908745247148289 0.4308700834326579 0.29404309252217997 0.25148986889153757
0 0.5019011406844106 0.42193087008343266 0.3472750316856781 0.24076281287246723
0 0.7015209125475285 0.668057210965435 0.1964512040557668 0.20858164481525626
0 0.32636248415716096 0.13230035756853398 0.394169835234474 0.26460071513706795
0 0.7129277566539924 0.26162097735399287 0.4600760456273764 0.1966626936829559
