0 0.41488058787507653 0.07529930686830498 0.12186160440906307 0.11531190926275993
0 0.7121861604409063 0.08821676118462508 0.05511328842620943 0.0630119722747322
0 0.7792406613594611 0.09987397605545054 0.07777097366809553 0.1001890359168242
0 0.7501530924678506 0.44045368620037806 0.12859767299448868 0.13610586011342155
0 0.7403551745254133 0.6417769376181475 0.09552969993876301 0.129174543163201
0 0.7477036129822413 0.7763074984247007 0.11757501530924679 0.074354127284184
0 0.7345376607470913 0.8903591682419659 0.10716472749540723 0.11216131064902331
0 0.7216778934476423 0.3037177063642092 0.06184935701163503 0.08443604284814114
0 0.8331292100428659 0.6455576559546313 0.0838946723821188 0.09136735979836169
0 0.5633802816901409 0.36326402016383114 0.1812614819350888 0.09640831758034027
0 0.5817513778322106 0.03560176433522369 0.17758726270667483 0.05860113421550094
0 0.5860379669320269 0.10050409577819786 0.09185548071034905 0.08758664146187775
0 0.39314145744029394 0.21266540642722118 0.05511328842620943 0.06742281033396345
0 0.45866503368034295 0.20730938878386893 0.07838334353949786 0.074354127284184
0 0.46601347213717087 0.2763074984247007 0.1041028781383956 0.07372400756143667
0 0.5924678505817513 0.26339004410838057 0.13900796080832822 0.11720226843100189
0 0.4167176974892835 0.37303087586641465 0.11206368646662584 0.12224322621298046
0 0.20208205756276792 0.6090107120352867 0.24984690753214941 0.11531190926275993
0 0.7810777709736682 0.19817265280403276 0.18432333129210043 0.09640831758034027
0 0.8808940600122473 0.10207939508506617 0.09859154929577464 0.08443604284814114
0 0.8190447030006124 0.30907372400756145 0.12553582363747703 0.08758664146187775
0 0.9311083894672382 0.3125393824826717 0.10226576852418862 0.09829867674858223
0 0.9035517452541335 0.7633900441083806 0.16105327617881202 0.12413358538122243
0 0.8775260257195346 0.8868935097668557 0.16901408450704225 0.13295526149968495
0 0.0520514390691978 0.41493383742911155 0.0747091243110839 0.07498424700693132
0 0.13196570728720147 0.38909892879647134 0.08511941212492345 0.07246376811594203
0 0.2948560930802204 0.38972904851921863 0.13043478260869565 0.08380592312539382
0 0.48622167789344767 0.499054820415879 0.11022657685241886 0.1260239445494644
0 0.3897734231475811 0.4902331442974165 0.065523576240049 0.07057340894770006
0 0.6463563992651562 0.6298046628859484 0.09246785058175137 0.09136735979836169
