0 0.301 0.7893730886850153 0.446 0.10015290519877676
0 0.6135 0.7847859327217125 0.151 0.12920489296636087
0 0.228 0.889525993883792 0.198 0.08944954128440367
0 0.4145 0.8952599388379205 0.169 0.09021406727828746
0 0.5955 0.8941131498470948 0.199 0.08792048929663608
0 0.775 0.8814984709480123 0.158 0.08103975535168195
0 0.779 0.7912844036697247 0.178 0.10856269113149847
0 0.1525 0.4785932721712538 0.143 0.09174311926605505
0 0.1355 0.35206422018348627 0.101 0.10626911314984709
0 0.2605 0.3394495412844037 0.103 0.08868501529051988
0 0.3085 0.5829510703363915 0.207 0.10168195718654434
0 0.5615 0.5821865443425076 0.173 0.10626911314984709
0 0.807 0.5852446483180428 0.242 0.10932721712538226
0 0.1205 0.5833333333333334 0.105 0.07186544342507645
0 0.861 0.4690366972477064 0.186 0.11085626911314984
0 0.6735 0.46636085626911317 0.169 0.09480122324159021
0 0.3235 0.6899847094801224 0.167 0.09097859327217125
0 0.24 0.9568042813455657 0.158 0.06192660550458716
0 0.8905 0.35053516819571867 0.147 0.13685015290519878
0 0.1355 0.14908256880733944 0.097 0.09480122324159021
0 0.813 0.6926605504587156 0.1 0.09327217125382263
0 0.397 0.9640672782874617 0.174 0.0672782874617737
0 0.4085 0.13302752293577982 0.177 0.10550458715596331
0 0.4125 0.3302752293577982 0.139 0.11162079510703364
0 0.722 0.3440366972477064 0.15 0.13149847094801223
0 0.464 0.6846330275229358 0.116 0.09250764525993883
0 0.1595 0.6880733944954128 0.155 0.09480122324159021
0 0.243 0.12920489296636087 0.106 0.08103975535168195
0 0.5575 0.13914373088685014 0.133 0.10397553516819572
0 0.814 0.1834862385321101 0.148 0.10244648318042814
0 0.2355 0.2198012232415902 0.111 0.10779816513761468
0 0.8915 0.6896024464831805 0.067 0.09327217125382263
0 0.9515 0.6892201834862385 0.077 0.09862385321100918
0 0.323 0.4552752293577982 0.14 0.08792048929663608
0 0.569 0.2305045871559633 0.12 0.095565749235474
