0 0.33899297423887587 0.07692307692307693 0.275175644028103 0.11888111888111888
0 0.05035128805620609 0.45236013986013984 0.08430913348946135 0.08304195804195805
0 0.21194379391100704 0.333041958041958 0.3395784543325527 0.12937062937062938
0 0.7271662763466042 0.34440559440559443 0.2576112412177986 0.12237762237762238
0 0.4244730679156909 0.32517482517482516 0.06908665105386416 0.07867132867132867
0 0.531615925058548 0.4820804195804196 0.13348946135831383 0.1215034965034965
0 0.7072599531615925 0.4807692307692308 0.23185011709601874 0.1451048951048951
0 0.8747072599531616 0.48513986013986016 0.10304449648711944 0.13286713286713286
0 0.20374707259953162 0.6311188811188811 0.1522248243559719 0.12237762237762238
0 0.6762295081967213 0.6555944055944056 0.12763466042154567 0.16783216783216784
0 0.3261124121779859 0.6446678321678322 0.1252927400468384 0.1652097902097902
0 0.4449648711943794 0.6420454545454546 0.12646370023419204 0.19493006993006992
0 0.7903981264637002 0.6499125874125874 0.12412177985948478 0.18269230769230768
0 0.5515222482435597 0.08041958041958042 0.15456674473067916 0.11013986013986014
0 0.2605386416861827 0.19493006993006992 0.20960187353629978 0.12237762237762238
0 0.1563231850117096 0.4554195804195804 0.14168618266978922 0.11188811188811189
0 0.7605386416861827 0.10227272727272728 0.2681498829039813 0.12937062937062938
