0 0.14869888475836432 0.16558441558441558 0.15117719950433706 0.16233766233766234
0 0.43370508054522927 0.10714285714285714 0.19330855018587362 0.17532467532467533
0 0.10223048327137546 0.37445887445887444 0.1251548946716233 0.11904761904761904
0 0.7899628252788105 0.35064935064935066 0.1895910780669145 0.18831168831168832
0 0.6078066914498141 0.3555194805194805 0.1970260223048327 0.16125541125541126
0 0.6995043370508055 0.10173160173160173 0.30607187112763323 0.19480519480519481
0 0.4045848822800496 0.35335497835497837 0.1895910780669145 0.17424242424242425
0 0.3228004956629492 0.5741341991341992 0.298636926889715 0.19805194805194806
0 0.6988847583643123 0.586038961038961 0.3469640644361834 0.1893939393939394
0 0.9206939281288724 0.6201298701298701 0.16852540272614622 0.20995670995670995
