0 0.4098966026587888 0.07906976744186046 0.14032496307237813 0.12790697674418605
0 0.5073855243722304 0.438953488372093 0.6632200886262924 0.18255813953488373
0 0.3552437223042836 0.9308139534883721 0.3175775480059084 0.1313953488372093
0 0.6454948301329394 0.07790697674418605 0.2274741506646972 0.12558139534883722
0 0.37740029542097486 0.6063953488372092 0.5273264401772526 0.14534883720930233
0 0.11595273264401773 0.43488372093023253 0.17872968980797638 0.17674418604651163
0 0.6499261447562777 0.9133720930232558 0.20974889217134415 0.12441860465116279
0 0.3124076809453471 0.2424418604651163 0.2259970457902511 0.17325581395348838
0 0.6314623338257016 0.26395348837209304 0.4357459379615953 0.19069767441860466
0 0.09896602658788774 0.23197674418604652 0.10044313146233383 0.09651162790697675
0 0.1809453471196455 0.09593023255813954 0.10782865583456426 0.08255813953488372
0 0.6322008862629247 0.7796511627906977 0.31314623338257014 0.13604651162790699
0 0.9180206794682423 0.638953488372093 0.12259970457902511 0.11744186046511627
0 0.9069423929098966 0.4563953488372093 0.17134416543574593 0.16627906976744186
0 0.7038404726735599 0.6139534883720931 0.1255539143279173 0.07674418604651163
0 0.7511078286558346 0.6354651162790698 0.2378138847858198 0.14069767441860465
