0 0.0861003861003861 0.21301605504587157 0.15984555984555984 0.09805045871559633
0 0.11235521235521236 0.6149655963302753 0.11505791505791506 0.08887614678899082
0 0.1335907335907336 0.7422591743119266 0.13127413127413126 0.09805045871559633
0 0.06718146718146718 0.3609518348623853 0.12664092664092663 0.09461009174311927
0 0.14517374517374518 0.9099770642201835 0.122007722007722 0.09747706422018348
0 0.6115830115830115 0.9412270642201835 0.10347490347490347 0.09002293577981652
0 0.6023166023166023 0.7975917431192661 0.08803088803088803 0.08944954128440367
0 0.02664092664092664 0.619552752293578 0.054826254826254826 0.1106651376146789
0 0.5494208494208495 0.051605504587155966 0.09034749034749034 0.10321100917431193
0 0.5366795366795367 0.4962729357798165 0.0694980694980695 0.09346330275229357
0 0.5285714285714286 0.792144495412844 0.06718146718146718 0.07052752293577981
0 0.5424710424710425 0.3360091743119266 0.06718146718146718 0.06880733944954129
0 0.5204633204633204 0.22305045871559634 0.06486486486486487 0.06077981651376147
0 0.03552123552123552 0.7411123853211009 0.06486486486486487 0.07970183486238532
0 0.3393822393822394 0.8936353211009175 0.3065637065637066 0.09805045871559633
0 0.3752895752895753 0.8084862385321101 0.23011583011583012 0.08256880733944955
0 0.5945945945945946 0.2084288990825688 0.09266409266409266 0.05791284403669725
0 0.6127413127413127 0.3394495412844037 0.09652509652509653 0.0963302752293578
0 0.7667953667953668 0.3139334862385321 0.21776061776061775 0.09346330275229357
0 0.8498069498069498 0.21932339449541285 0.13822393822393822 0.10263761467889908
0 0.9135135135135135 0.3793004587155963 0.14054054054054055 0.07052752293577981
0 0.21505791505791505 0.3228211009174312 0.14285714285714285 0.06880733944954129
0 0.3274131274131274 0.18405963302752293 0.33976833976833976 0.07110091743119266
0 0.09382239382239382 0.10464449541284404 0.07644787644787644 0.060206422018348624
0 0.26525096525096525 0.6115252293577982 0.18764478764478765 0.10263761467889908
0 0.8027027027027027 0.788704128440367 0.3142857142857143 0.08658256880733944
0 0.8548262548262548 0.12213302752293578 0.18532818532818532 0.10550458715596331
0 0.3239382239382239 0.25172018348623854 0.15212355212355214 0.07224770642201835
0 0.7297297297297297 0.9211582568807339 0.14054054054054055 0.07740825688073394
0 0.23127413127413127 0.11496559633027523 0.1783783783783784 0.06135321100917431
0 0.41235521235521233 0.11009174311926606 0.1837837837837838 0.07568807339449542
0 0.3891891891891892 0.3319954128440367 0.20386100386100386 0.0871559633027523
0 0.43166023166023165 0.5871559633027523 0.13127413127413126 0.0676605504587156
0 0.42702702702702705 0.6470756880733946 0.14208494208494207 0.06708715596330275
0 0.7691119691119691 0.617545871559633 0.12972972972972974 0.05963302752293578
0 0.4046332046332046 0.035263761467889905 0.2023166023166023 0.06594036697247706
0 0.2694980694980695 0.39478211009174313 0.16216216216216217 0.08543577981651376
0 0.4266409266409266 0.4059633027522936 0.15984555984555984 0.06651376146788991
0 0.7617760617760618 0.8474770642201835 0.11814671814671815 0.06192660550458716
0 0.9061776061776062 0.6244266055045872 0.1552123552123552 0.09862385321100918
0 0.738996138996139 0.7038417431192661 0.17915057915057914 0.08772935779816514
0 0.8926640926640926 0.7032683486238532 0.122007722007722 0.07970183486238532
0 0.4138996138996139 0.48251146788990823 0.1637065637065637 0.08084862385321101
0 0.2606177606177606 0.49684633027522934 0.15366795366795366 0.12098623853211009
0 0.698069498069498 0.2227637614678899 0.18223938223938224 0.09919724770642202
0 0.7598455598455598 0.39105504587155965 0.19922779922779923 0.08371559633027523
0 0.6227799227799228 0.5060206422018348 0.10270270270270271 0.09575688073394495
0 0.2799227799227799 0.7307912844036697 0.1613899613899614 0.0911697247706422
0 0.3945945945945946 0.716743119266055 0.24864864864864866 0.07912844036697247
0 0.3077220077220077 0.9552752293577982 0.19227799227799228 0.07912844036697247
0 0.7332046332046332 0.04157110091743119 0.18146718146718147 0.06938073394495413
0 0.7621621621621621 0.030389908256880736 0.09111969111969112 0.03784403669724771
0 0.6745173745173745 0.12471330275229357 0.1613899613899614 0.09346330275229357
0 0.5274131274131274 0.9280389908256881 0.05868725868725869 0.053325688073394495
0 0.8972972972972973 0.8506307339449541 0.13127413127413126 0.059059633027522936
