0 0.15242616033755274 0.16809421841541755 0.21835443037974683 0.145610278372591
0 0.2109704641350211 0.6793361884368309 0.19831223628691982 0.1873661670235546
0 0.395042194092827 0.6702355460385439 0.16772151898734178 0.18201284796573874
0 0.05063291139240506 0.6884368308351178 0.09282700421940929 0.16916488222698073
0 0.3560126582278481 0.1766595289079229 0.2120253164556962 0.15417558886509636
0 0.3043248945147679 0.32601713062098503 0.3407172995780591 0.1702355460385439
0 0.5432489451476793 0.06156316916488223 0.0949367088607595 0.12312633832976445
0 0.5891350210970464 0.215203426124197 0.1909282700421941 0.15203426124197003
0 0.584915611814346 0.6316916488222698 0.1571729957805907 0.145610278372591
0 0.7320675105485233 0.34528907922912205 0.5 0.11884368308351177
0 0.274789029535865 0.49678800856531047 0.18881856540084388 0.16059957173447537
0 0.7194092827004219 0.1943254817987152 0.08016877637130802 0.11027837259100642
0 0.8670886075949367 0.21466809421841543 0.20253164556962025 0.14453961456102785
0 0.4388185654008439 0.49089935760171305 0.14767932489451477 0.1766595289079229
0 0.6081223628691983 0.46413276231263384 0.22468354430379747 0.12312633832976445
0 0.8306962025316456 0.4726980728051392 0.22046413502109705 0.14668094218415417
0 0.3491561181434599 0.8881156316916489 0.3143459915611814 0.1423982869379015
0 0.07331223628691984 0.33458244111349034 0.12552742616033755 0.12955032119914348
0 0.09335443037974683 0.5160599571734475 0.17616033755274263 0.16059957173447537
0 0.10337552742616034 0.8410064239828694 0.14978902953586498 0.14882226980728053
0 0.27109704641350213 0.8046038543897216 0.1962025316455696 0.07601713062098502
0 0.6777426160337553 0.06477516059957174 0.169831223628692 0.11027837259100642
0 0.8491561181434599 0.09850107066381156 0.14556962025316456 0.08137044967880086
0 0.7647679324894515 0.6241970021413277 0.2109704641350211 0.1670235546038544
0 0.9240506329113924 0.6124197002141327 0.1160337552742616 0.14989293361884368
0 0.8591772151898734 0.7858672376873662 0.169831223628692 0.14132762312633834
0 0.7974683544303798 0.8934689507494646 0.22573839662447256 0.08886509635974305
0 0.6455696202531646 0.9668094218415417 0.21308016877637131 0.06852248394004283
0 0.34124472573839665 0.05192719486081371 0.14240506329113925 0.09100642398286937
0 0.5770042194092827 0.8870449678800857 0.12236286919831224 0.10171306209850108
