0 0.12527352297592997 0.5362969004893964 0.15207877461706784 0.09543230016313213
0 0.15153172866520787 0.3976345840130506 0.2024070021881838 0.10522022838499184
0 0.36925601750547044 0.400489396411093 0.16958424507658643 0.11092985318107668
0 0.32221006564551424 0.04526916802610114 0.22210065645514224 0.08238172920065252
0 0.6816192560175055 0.5424143556280587 0.16192560175054704 0.11419249592169657
0 0.5010940919037199 0.15579119086460033 0.18818380743982493 0.10603588907014681
0 0.34463894967177244 0.5391517128874388 0.2363238512035011 0.0864600326264274
0 0.5295404814004376 0.5375203915171288 0.13785557986870897 0.11419249592169657
0 0.599015317286652 0.401305057096248 0.2592997811816193 0.12398042414355628
0 0.7111597374179431 0.16761827079934746 0.22975929978118162 0.1264274061990212
0 0.5541575492341356 0.05301794453507341 0.2658643326039387 0.10277324632952692
0 0.34682713347921224 0.2765089722675367 0.17067833698030635 0.09461663947797716
0 0.5432166301969366 0.27895595432300163 0.21334792122538293 0.11745513866231648
0 0.7713347921225383 0.2838499184339315 0.24726477024070023 0.11745513866231648
0 0.8785557986870897 0.534257748776509 0.24070021881838075 0.1272430668841762
0 0.1898249452954048 0.25774877650897227 0.1061269146608315 0.06035889070146819
0 0.0962800875273523 0.25815660685154973 0.08533916849015317 0.06933115823817292
0 0.7861050328227571 0.0901305057096248 0.21334792122538293 0.09869494290375204
