0 0.17342342342342343 0.4087301587301587 0.18018018018018017 0.12610229276895943
0 0.28885135135135137 0.10141093474426807 0.24436936936936937 0.15520282186948853
0 0.4403153153153153 0.5753968253968254 0.17342342342342343 0.1419753086419753
0 0.36768018018018017 0.4126984126984127 0.23310810810810811 0.14991181657848324
0 0.21903153153153154 0.5590828924162258 0.24887387387387389 0.16049382716049382
0 0.2505630630630631 0.25573192239858905 0.28265765765765766 0.15167548500881833
0 0.509009009009009 0.26940035273368607 0.21171171171171171 0.15784832451499117
0 0.6379504504504504 0.41181657848324515 0.21058558558558557 0.09876543209876543
0 0.6148648648648649 0.5776014109347443 0.20270270270270271 0.15343915343915343
0 0.20101351351351351 0.7054673721340388 0.17454954954954954 0.13932980599647266
0 0.43018018018018017 0.7279541446208113 0.2882882882882883 0.16313932980599646
0 0.20326576576576577 0.8580246913580247 0.16103603603603603 0.15167548500881833
0 0.7359234234234234 0.11992945326278659 0.23536036036036037 0.15167548500881833
0 0.704954954954955 0.27116402116402116 0.18693693693693694 0.10493827160493827
0 0.7218468468468469 0.746031746031746 0.32657657657657657 0.1728395061728395
0 0.45213963963963966 0.8677248677248677 0.24436936936936937 0.15343915343915343
0 0.5225225225225225 0.07980599647266313 0.1554054054054054 0.06790123456790123
0 0.7944819819819819 0.5736331569664903 0.19031531531531531 0.10670194003527336
