0 0.6457182320441989 0.3687410586552217 0.09116022099447514 0.11516452074391989
0 0.27624309392265195 0.132689556509299 0.11602209944751381 0.12088698140200287
0 0.3491022099447514 0.9259656652360515 0.16781767955801105 0.10515021459227468
0 0.17437845303867403 0.9113018597997139 0.162292817679558 0.09871244635193133
0 0.9419889502762431 0.6455650929899857 0.10497237569060773 0.1223175965665236
0 0.7966160220994475 0.6484263233190272 0.1968232044198895 0.0994277539341917
0 0.8787983425414365 0.5536480686695279 0.2451657458563536 0.09298998569384835
0 0.8083563535911602 0.3605150214592275 0.17886740331491713 0.1072961373390558
0 0.68646408839779 0.2449928469241774 0.12845303867403315 0.11516452074391989
0 0.8131906077348067 0.24642346208869814 0.14433701657458564 0.12088698140200287
0 0.5638812154696132 0.2453505007153076 0.09185082872928177 0.08726752503576538
0 0.5590469613259669 0.3669527896995708 0.07941988950276244 0.08583690987124463
0 0.5645718232044199 0.5779685264663805 0.09599447513812155 0.09728183118741059
0 0.42921270718232046 0.5969241773962805 0.1968232044198895 0.08369098712446352
0 0.06733425414364641 0.23855507868383405 0.08218232044198895 0.06652360515021459
0 0.08598066298342541 0.27682403433476394 0.14019337016574585 0.16452074391988555
0 0.20200276243093923 0.2528612303290415 0.11256906077348067 0.10371959942775394
0 0.2662292817679558 0.44635193133047213 0.06698895027624309 0.06294706723891273
0 0.462707182320442 0.4291845493562232 0.07734806629834254 0.0844062947067239
0 0.4046961325966851 0.4563662374821173 0.18232044198895028 0.1430615164520744
0 0.5845994475138122 0.1251788268955651 0.12914364640883977 0.11301859799713877
0 0.08287292817679558 0.801859799713877 0.06906077348066299 0.0815450643776824
0 0.23825966850828728 0.8043633762517882 0.2361878453038674 0.13376251788268956
0 0.3453038674033149 0.8315450643776824 0.07596685082872928 0.06366237482117311
0 0.4347375690607735 0.8050786838340487 0.06146408839779006 0.060801144492131615
0 0.3518646408839779 0.3236766809728183 0.2575966850828729 0.10658082975679542
0 0.37810773480662985 0.23640915593705294 0.22168508287292818 0.07510729613733906
0 0.9257596685082873 0.3644492131616595 0.06698895027624309 0.09513590844062947
0 0.8035220994475138 0.45493562231759654 0.18162983425414364 0.10014306151645208
0 0.9240331491712708 0.4617310443490701 0.04696132596685083 0.09656652360515021
