0 0.1417785234899329 0.29085872576177285 0.1493288590604027 0.2077562326869806
0 0.5780201342281879 0.09695290858725762 0.2231543624161074 0.1745152354570637
0 0.6459731543624161 0.3628808864265928 0.2214765100671141 0.22437673130193905
0 0.3951342281879195 0.7742382271468145 0.34731543624161076 0.26038781163434904
0 0.3808724832214765 0.31786703601108035 0.348993288590604 0.23407202216066483
0 0.1593959731543624 0.731994459833795 0.2214765100671141 0.23684210526315788
0 0.1518456375838926 0.5166204986149584 0.2902684563758389 0.22714681440443213
0 0.40268456375838924 0.5623268698060941 0.3087248322147651 0.23545706371191136
0 0.6543624161073825 0.6052631578947368 0.2986577181208054 0.24376731301939059
0 0.834731543624161 0.6308864265927978 0.20302013422818793 0.21745152354570638
0 0.9395973154362416 0.6558171745152355 0.12080536912751678 0.17590027700831026
0 0.8062080536912751 0.39958448753462605 0.25 0.2257617728531856
0 0.9387583892617449 0.453601108033241 0.10570469798657718 0.22022160664819945
0 0.313758389261745 0.05886426592797784 0.23154362416107382 0.08448753462603878
0 0.6300335570469798 0.8310249307479224 0.3271812080536913 0.24653739612188366
