0 0.41935483870967744 0.5602988260405549 0.3106332138590203 0.17929562433297758
0 0.09976105137395459 0.5506937033084311 0.1039426523297491 0.17075773745997866
0 0.09976105137395459 0.743863393810032 0.1063321385902031 0.10672358591248667
0 0.6845878136200717 0.3447171824973319 0.3249701314217443 0.19637139807897544
0 0.31899641577060933 0.29775880469583776 0.2031063321385902 0.12166488794023479
0 0.3751493428912784 0.32924226254002137 0.34886499402628435 0.18463180362860193
0 0.6063321385902031 0.7801494130202775 0.23297491039426524 0.12379935965848453
0 0.35722819593787336 0.7668089647812166 0.26045400238948624 0.144076840981857
0 0.8034647550776584 0.7753468516542156 0.16367980884109917 0.19316969050160085
0 0.7287933094384708 0.19903948772678762 0.3130227001194743 0.14834578441835647
0 0.6200716845878136 0.09018143009605123 0.2962962962962963 0.12273212379935966
0 0.34408602150537637 0.08217716115261472 0.21505376344086022 0.1344717182497332
0 0.1774193548387097 0.128068303094984 0.11589008363201912 0.17716115261472787
0 0.1111111111111111 0.32924226254002137 0.18876941457586618 0.2017075773745998
