0 0.25546448087431695 0.09617137648131267 0.1557377049180328 0.1267092069279854
0 0.11202185792349727 0.3910665451230629 0.20036429872495445 0.15496809480401094
0 0.44854280510018213 0.7506836827711941 0.11566484517304189 0.1431175934366454
0 0.13160291438979962 0.7424794895168642 0.17759562841530055 0.14858705560619873
0 0.5837887067395264 0.42570647219690066 0.15482695810564662 0.1276207839562443
0 0.8520036429872495 0.4553327256153145 0.13570127504553733 0.1504102096627165
0 0.5651183970856102 0.5720145852324522 0.11748633879781421 0.09389243391066546
0 0.6853369763205829 0.5856882406563355 0.1448087431693989 0.10300820419325434
0 0.5632969034608379 0.813126709206928 0.09927140255009108 0.1349134001823154
0 0.30510018214936246 0.21832269826800366 0.2859744990892532 0.11394712853236098
0 0.42896174863387976 0.589334548769371 0.14207650273224043 0.08659981768459435
0 0.3392531876138434 0.39243391066545125 0.21766848816029144 0.17593436645396535
0 0.418488160291439 0.037374658158614404 0.14116575591985428 0.054694621695533276
0 0.412568306010929 0.11394712853236098 0.17122040072859745 0.09845031905195989
0 0.5915300546448088 0.04284412032816773 0.13934426229508196 0.07292616226071102
0 0.7645719489981785 0.060619872379216046 0.20673952641165755 0.1048313582497721
0 0.6716757741347905 0.13992707383773928 0.2650273224043716 0.1431175934366454
0 0.7204007285974499 0.6941659070191432 0.17304189435336975 0.11941659070191431
0 0.849271402550091 0.695077484047402 0.09016393442622951 0.13035551504102097
0 0.6867030965391621 0.8195077484047402 0.14207650273224043 0.1203281677301732
0 0.1197632058287796 0.5692798541476755 0.20127504553734063 0.17046490428441202
0 0.3588342440801457 0.5651777575205105 0.28415300546448086 0.16955332725615316
0 0.30510018214936246 0.7452142206016409 0.18214936247723132 0.13947128532360983
0 0.5760473588342441 0.28030993618960803 0.13570127504553733 0.14129443938012762
0 0.7969034608378871 0.29489516864175025 0.2568306010928962 0.1431175934366454
0 0.825136612021858 0.5875113947128532 0.11657559198542805 0.09936189608021878
