0 0.38943248532289626 0.19671581769436997 0.05218525766470972 0.0918230563002681
0 0.3979125896934116 0.3542225201072386 0.08741030658838878 0.09986595174262734
0 0.5636007827788649 0.34517426273458446 0.20743639921722112 0.08847184986595175
0 0.390737116764514 0.5060321715817694 0.0639269406392694 0.10723860589812333
0 0.7093933463796478 0.4175603217158177 0.055446836268754074 0.1126005361930295
0 0.7782126549249837 0.41588471849865954 0.07827788649706457 0.11058981233243968
0 0.7371167645140247 0.80328418230563 0.11741682974559686 0.09584450402144772
0 0.8349641226353555 0.8073056300268097 0.0547945205479452 0.10254691689008043
0 0.8962818003913894 0.8036193029490617 0.07175472928897586 0.08847184986595175
0 0.952054794520548 0.800603217158177 0.042400521852576645 0.08914209115281502
0 0.39367253750815395 0.8954423592493298 0.047619047619047616 0.0871313672922252
0 0.3930202217873451 0.7801608579088471 0.060665362035225046 0.09249329758713137
0 0.03816046966731898 0.5740616621983914 0.06327462491846053 0.06233243967828418
0 0.5782778864970646 0.4148793565683646 0.16503587736464448 0.0777479892761394
0 0.05968688845401174 0.38404825737265413 0.09067188519243313 0.09651474530831099
0 0.578604044357469 0.6876675603217158 0.1552511415525114 0.0777479892761394
0 0.713307240704501 0.717828418230563 0.06979778212654925 0.08847184986595175
0 0.8486627527723418 0.7168230563002681 0.18395303326810175 0.09584450402144772
0 0.5303326810176126 0.2550268096514745 0.17482061317677755 0.08512064343163539
0 0.5450097847358122 0.6253351206434317 0.23809523809523808 0.07908847184986595
0 0.4980430528375734 0.7704423592493298 0.16112198303979125 0.08646112600536193
0 0.5384866275277235 0.8780160857908847 0.24853228962818003 0.0777479892761394
0 0.6063274624918461 0.7677613941018767 0.055446836268754074 0.07707774798927614
0 0.6539465101108937 0.7717828418230563 0.04370515329419439 0.09316353887399464
0 0.7364644487932159 0.25804289544235925 0.11741682974559686 0.06568364611260054
0 0.8294194390084801 0.2634048257372654 0.07240704500978473 0.07640750670241286
0 0.9050880626223092 0.26776139410187666 0.07893020221787345 0.08780160857908847
0 0.578604044357469 0.1712466487935657 0.1943900848010437 0.07439678284182305
0 0.04403131115459882 0.7322386058981233 0.055446836268754074 0.11058981233243968
0 0.13405088062622308 0.36863270777479895 0.051532941943900845 0.07640750670241286
0 0.07240704500978473 0.4564343163538874 0.08741030658838878 0.05227882037533512
0 0.10339204174820613 0.460455764075067 0.14938030006523156 0.10723860589812333
0 0.21787345075016307 0.46112600536193027 0.10306588388780169 0.09651474530831099
0 0.31245923026744943 0.4574396782841823 0.09784735812133072 0.09986595174262734
0 0.07729941291585127 0.8810321715817694 0.051532941943900845 0.05697050938337802
0 0.39399869536855836 0.636058981233244 0.06784083496412263 0.11394101876675604
0 0.5234833659491194 0.5134048257372654 0.047619047619047616 0.07238605898123325
0 0.5639269406392694 0.4865951742627346 0.033268101761252444 0.06702412868632708
0 0.6232876712328768 0.48626005361930297 0.0958904109589041 0.06233243967828418
0 0.6232876712328768 0.5465817694369973 0.10763209393346379 0.06367292225201072
0 0.2576647097195042 0.8951072386058981 0.19308545335942595 0.07305630026809651
0 0.17318982387475537 0.9101876675603218 0.13111545988258316 0.09651474530831099
0 0.7227658186562296 0.13471849865951743 0.09262883235485975 0.054959785522788206
0 0.7517938682322244 0.153485254691689 0.1441617742987606 0.11528150134048257
0 0.21950424005218525 0.3662868632707775 0.1324200913242009 0.07975871313672922
0 0.09001956947162426 0.7935656836461126 0.043052837573385516 0.07640750670241286
0 0.7087410306588389 0.871313672922252 0.07893020221787345 0.057640750670241284
0 0.7968036529680366 0.8770107238605898 0.10763209393346379 0.06367292225201072
0 0.8701891715590345 0.9199061662198391 0.1461187214611872 0.07573726541554959
0 0.8571428571428571 0.39544235924932974 0.060013046314416174 0.09249329758713137
0 0.9253098499673842 0.39510723860589814 0.05414220482713633 0.07573726541554959
0 0.9142204827136334 0.47319034852546915 0.15720808871493802 0.09249329758713137
0 0.9559686888454012 0.3284182305630027 0.05675146771037182 0.057640750670241284
0 0.967058056099152 0.26541554959785524 0.042400521852576645 0.07104557640750671
0 0.8007175472928898 0.06199731903485255 0.05283757338551859 0.07305630026809651
0 0.8698630136986302 0.0861260053619303 0.07501630789302022 0.08378016085790885
0 0.7051532941943901 0.07138069705093834 0.06131767775603392 0.07171581769436998
0 0.870515329419439 0.15884718498659517 0.0958904109589041 0.07908847184986595
0 0.6448140900195695 0.20710455764075067 0.0684931506849315 0.06032171581769437
0 0.11285061969993476 0.2825067024128686 0.13568166992824526 0.0824396782841823
0 0.18917155903457272 0.5609919571045576 0.11741682974559686 0.08310991957104558
0 0.3016960208741031 0.5596514745308311 0.1141552511415525 0.07908847184986595
0 0.30984996738421394 0.6357238605898123 0.09393346379647749 0.07707774798927614
