0 0.27365356622998543 0.8979303857008467 0.16302765647743814 0.14205079962370648
0 0.48180494905385735 0.9205079962370649 0.1717612809315866 0.11947318908748825
0 0.6513828238719068 0.9176857949200377 0.11790393013100436 0.09689557855126998
0 0.10262008733624454 0.8654750705550329 0.11499272197962154 0.11288805268109126
0 0.0851528384279476 0.7046095954844779 0.13537117903930132 0.12041392285983067
0 0.40465793304221254 0.42568203198494825 0.3697234352256186 0.11382878645343368
0 0.7416302765647744 0.43508936970837253 0.2954876273653566 0.11947318908748825
0 0.7110625909752547 0.15663217309501412 0.31877729257641924 0.09877704609595485
0 0.9410480349344978 0.4520225776105362 0.1091703056768559 0.1702728127939793
0 0.7903930131004366 0.8979303857008467 0.13973799126637554 0.09877704609595485
0 0.8027656477438136 0.7196613358419567 0.20232896652110627 0.1147695202257761
0 0.3988355167394469 0.797271872060207 0.13973799126637554 0.09501411100658513
0 0.5880640465793304 0.06632173095014111 0.19213973799126638 0.08184383819379115
0 0.7758369723435226 0.0799623706491063 0.18340611353711792 0.07902163687676388
0 0.24818049490538574 0.735653809971778 0.0858806404657933 0.07525870178739416
0 0.4643377001455604 0.7107243650047037 0.1804949053857351 0.08184383819379115
0 0.6259097525473072 0.7079021636876763 0.1572052401746725 0.11382878645343368
0 0.616448326055313 0.8019755409219191 0.1819505094614265 0.07808090310442145
0 0.5007278020378457 0.7996237064910631 0.08151382823871907 0.07525870178739416
0 0.25181950509461426 0.7083725305738476 0.21251819505094613 0.12417685794920037
