0 0.3683168316831683 0.18948824343015214 0.0594059405940594 0.07468879668049792
0 0.8356435643564356 0.20816044260027664 0.1900990099009901 0.10650069156293222
0 0.2099009900990099 0.1417704011065007 0.16765676567656765 0.09820193637621023
0 0.38943894389438943 0.3049792531120332 0.08844884488448845 0.06915629322268327
0 0.4924092409240924 0.3212309820193638 0.13333333333333333 0.0739972337482711
0 0.5085808580858086 0.38589211618257263 0.12343234323432344 0.07883817427385892
0 0.6115511551155115 0.40387275242047027 0.08514851485148515 0.11203319502074689
0 0.7168316831683168 0.2098893499308437 0.052805280528052806 0.10304287690179806
0 0.8709570957095709 0.553941908713693 0.13003300330033005 0.09820193637621023
0 0.7574257425742574 0.5563623789764869 0.10363036303630363 0.10027662517289074
0 0.8914191419141915 0.7368603042876902 0.11815181518151815 0.08091286307053942
0 0.6155115511551155 0.3153526970954357 0.11023102310231023 0.07607192254495158
0 0.38712871287128714 0.4107883817427386 0.11683168316831684 0.0912863070539419
0 0.12178217821782178 0.8523513139695712 0.11683168316831684 0.12240663900414937
0 0.9092409240924092 0.8177731673582296 0.10231023102310231 0.08506224066390042
0 0.7858085808580858 0.7285615491009682 0.08382838283828382 0.06708160442600276
0 0.7036303630363037 0.7451590594744122 0.044884488448844885 0.06016597510373444
0 0.46633663366336636 0.7244121715076072 0.13003300330033005 0.058782849239280774
0 0.3686468646864686 0.7216459197786999 0.053465346534653464 0.05325034578146611
0 0.5973597359735974 0.7365145228215768 0.132013201320132 0.0954356846473029
0 0.53003300330033 0.6656293222683264 0.09636963696369637 0.050484094052558784
0 0.5636963696369637 0.6023513139695712 0.16369636963696368 0.08160442600276625
0 0.7198019801980198 0.03769017980636238 0.056105610561056105 0.05463347164591978
0 0.7244224422442245 0.37828492392807744 0.07854785478547854 0.08298755186721991
0 0.7554455445544555 0.4107883817427386 0.14983498349834984 0.1355463347164592
0 0.0834983498349835 0.21645919778699863 0.07722772277227723 0.07192254495159059
0 0.21122112211221122 0.23443983402489627 0.21122112211221122 0.1037344398340249
0 0.21947194719471946 0.9218533886583679 0.07854785478547854 0.06224066390041494
0 0.29075907590759076 0.9246196403872753 0.0745874587458746 0.05255878284923928
0 0.7475247524752475 0.11099585062240663 0.11947194719471947 0.09474412171507607
0 0.25610561056105613 0.3478561549100968 0.15445544554455445 0.0995850622406639
0 0.8376237623762376 0.3153526970954357 0.3075907590759076 0.09681881051175657
0 0.8917491749174917 0.42946058091286304 0.14653465346534653 0.08575380359612725
