0 0.7879616963064295 0.5105853051058531 0.34199726402188785 0.21170610211706103
0 0.4575923392612859 0.0859277708592777 0.3761969904240766 0.1444582814445828
0 0.4890560875512996 0.5043586550435866 0.2749658002735978 0.21668742216687423
0 0.48700410396716826 0.27895392278953923 0.23803009575923392 0.20174346201743462
0 0.6969904240766074 0.2932752179327522 0.22845417236662108 0.22291407222914073
0 0.8891928864569083 0.32129514321295144 0.14774281805745554 0.19676214196762143
0 0.20930232558139536 0.487546699875467 0.32558139534883723 0.21046077210460773
0 0.48700410396716826 0.6948941469489415 0.33105335157318744 0.20174346201743462
0 0.7558139534883721 0.7154420921544209 0.2476060191518468 0.1980074719800747
0 0.18741450068399454 0.6587795765877957 0.3091655266757866 0.16687422166874222
0 0.2749658002735978 0.2795765877957659 0.22982216142270862 0.19053549190535493
0 0.15937072503419972 0.24968866749688667 0.09165526675786594 0.10336239103362391
0 0.7811217510259918 0.12266500622665007 0.2079343365253078 0.17310087173100872
0 0.5075239398084815 0.8474470734744707 0.4377564979480164 0.18306351183063513
