0 0.18318756073858114 0.47368421052631576 0.22448979591836735 0.13157894736842105
0 0.4402332361516035 0.4824561403508772 0.2565597667638484 0.13157894736842105
0 0.8007774538386784 0.48757309941520466 0.2818270165208941 0.13742690058479531
0 0.17638483965014579 0.6158625730994152 0.16423712342079688 0.1600877192982456
0 0.3182701652089407 0.6048976608187134 0.13702623906705538 0.10014619883040936
0 0.5417881438289601 0.6235380116959064 0.3100097181729835 0.15497076023391812
0 0.7852283770651117 0.6264619883040936 0.19047619047619047 0.14619883040935672
0 0.16034985422740525 0.34210526315789475 0.1749271137026239 0.13596491228070176
0 0.4314868804664723 0.34173976608187134 0.2818270165208941 0.14692982456140352
0 0.750242954324587 0.35233918128654973 0.24489795918367346 0.14619883040935672
0 0.15451895043731778 0.2013888888888889 0.15354713313896987 0.11330409356725146
0 0.36054421768707484 0.07456140350877193 0.24101068999028183 0.10526315789473684
