0 0.2900466562986003 0.20434131736526945 0.09797822706065319 0.11077844311377245
0 0.11391912908242613 0.22642215568862276 0.13141524105754276 0.11152694610778444
0 0.28771384136858474 0.41467065868263475 0.18040435458786935 0.09730538922155689
0 0.6944012441679627 0.4000748502994012 0.37947122861586313 0.11601796407185629
0 0.22433903576982892 0.5130988023952096 0.15629860031104198 0.12350299401197605
0 0.9366251944012441 0.4296407185628742 0.10342146189735614 0.1467065868263473
0 0.7986003110419907 0.624625748502994 0.2690513219284603 0.10104790419161677
0 0.8300933125972006 0.5479041916167665 0.33825816485225507 0.11377245508982035
0 0.6158631415241057 0.7477544910179641 0.18662519440124417 0.08233532934131736
0 0.42107309486780714 0.0688622754491018 0.1827371695178849 0.08982035928143713
0 0.2208398133748056 0.33570359281437123 0.16640746500777606 0.08607784431137724
0 0.41368584758942456 0.34543413173652693 0.18973561430793157 0.10853293413173652
0 0.8211508553654744 0.14558383233532934 0.20217729393468117 0.16392215568862276
0 0.6605754276827371 0.14558383233532934 0.12519440124416797 0.1534431137724551
0 0.2006220839813375 0.8772455089820359 0.104199066874028 0.1347305389221557
0 0.8693623639191291 0.28929640718562877 0.18040435458786935 0.13847305389221556
0 0.77099533437014 0.7514970059880239 0.13141524105754276 0.07934131736526946
0 0.3759720062208398 0.8727544910179641 0.2573872472783826 0.12275449101796407
0 0.4405132192846034 0.625748502994012 0.13608087091757387 0.08982035928143713
0 0.29121306376360806 0.6220059880239521 0.1702954898911353 0.10329341317365269
0 0.15124416796267495 0.6291167664670658 0.13452566096423016 0.11751497005988024
0 0.25038880248833595 0.07372754491017965 0.1181959564541213 0.08607784431137724
0 0.1469673405909798 0.10703592814371257 0.060653188180404355 0.05688622754491018
0 0.0797045101088647 0.3461826347305389 0.10964230171073094 0.07859281437125748
0 0.0583203732503888 0.5160928143712575 0.09486780715396578 0.09505988023952096
0 0.5874805598755832 0.5467814371257484 0.1469673405909798 0.14296407185628743
0 0.6115863141524106 0.03929640718562874 0.1734059097978227 0.07260479041916168
0 0.5641524105754276 0.1377245508982036 0.056765163297045104 0.0658682634730539
0 0.5435458786936236 0.2720808383233533 0.05598755832037325 0.05913173652694611
0 0.4358475894245723 0.7597305389221557 0.14852255054432348 0.07934131736526946
0 0.9047433903576982 0.7668413173652695 0.14541213063763608 0.1220059880239521
0 0.6465785381026439 0.2694610778443114 0.12208398133748057 0.08383233532934131
