0 0.49123661148977604 0.03796610169491525 0.3456669912366115 0.07186440677966102
0 0.6772151898734177 0.13932203389830508 0.3592989289191821 0.1064406779661017
0 0.8242453748782863 0.05593220338983051 0.14703018500486856 0.0847457627118644
0 0.2697176241480039 0.14067796610169492 0.46153846153846156 0.08067796610169492
0 0.5126582278481012 0.6623728813559322 0.23076923076923078 0.14101694915254237
0 0.8140214216163584 0.6305084745762712 0.2765335929892892 0.09627118644067796
0 0.8894839337877313 0.33932203389830506 0.19571567672833495 0.09016949152542372
0 0.41285296981499514 0.33491525423728813 0.20837390457643623 0.09491525423728814
0 0.7580331061343719 0.43254237288135594 0.2249269717624148 0.11389830508474576
0 0.317429406037001 0.4342372881355932 0.35832521908471276 0.0928813559322034
0 0.124634858812074 0.7884745762711864 0.18111002921129504 0.08135593220338982
0 0.11976630963972736 0.8705084745762712 0.19084712755598832 0.08949152542372882
0 0.749269717624148 0.8816949152542373 0.2872444011684518 0.09830508474576272
0 0.5345666991236612 0.8833898305084745 0.1733203505355404 0.08813559322033898
0 0.9045764362220059 0.7779661016949152 0.15579357351509251 0.10508474576271186
0 0.8300876338851022 0.2454237288135593 0.24050632911392406 0.11254237288135593
0 0.18403115871470302 0.06338983050847458 0.2103213242453749 0.11050847457627119
0 0.31256085686465435 0.21525423728813559 0.1460564751703992 0.06169491525423729
0 0.3510223953261928 0.2359322033898305 0.2619279454722493 0.10983050847457627
0 0.5861733203505355 0.2393220338983051 0.24342745861733203 0.11389830508474576
0 0.12171372930866602 0.2528813559322034 0.14995131450827653 0.08949152542372882
0 0.0501460564751704 0.44813559322033897 0.07887049659201557 0.05423728813559322
0 0.06962025316455696 0.3525423728813559 0.07887049659201557 0.07322033898305084
0 0.9157740993184031 0.15661016949152542 0.14118792599805258 0.10983050847457627
0 0.09055501460564752 0.6383050847457628 0.16163583252190847 0.0847457627118644
0 0.33544303797468356 0.8776271186440678 0.23271665043816941 0.08610169491525424
0 0.2750730282375852 0.6684745762711864 0.2560856864654333 0.151864406779661
0 0.9298928919182083 0.88 0.0798442064264849 0.09627118644067796
0 0.3977604673807206 0.7871186440677966 0.38266796494644595 0.09898305084745762
0 0.7059396299902629 0.7833898305084745 0.24148003894839337 0.09830508474576272
