0 0.5779569892473119 0.16436170212765958 0.13440860215053763 0.05638297872340425
0 0.37410394265232977 0.23803191489361702 0.1586021505376344 0.08776595744680851
0 0.5564516129032258 0.47127659574468084 0.08781362007168458 0.07553191489361702
0 0.571236559139785 0.7462765957446809 0.12634408602150538 0.08404255319148936
0 0.6948924731182796 0.7468085106382979 0.12813620071684587 0.08297872340425531
0 0.8458781362007168 0.7462765957446809 0.17383512544802868 0.08404255319148936
0 0.5721326164874552 0.8191489361702128 0.10663082437275985 0.05638297872340425
0 0.6998207885304659 0.8186170212765957 0.15412186379928317 0.0574468085106383
0 0.8409498207885304 0.8114361702127659 0.1442652329749104 0.059042553191489364
0 0.8015232974910395 0.6632978723404256 0.17473118279569894 0.07765957446808511
0 0.9296594982078853 0.6640957446808511 0.10304659498207885 0.07925531914893617
0 0.9274193548387096 0.5776595744680851 0.07706093189964158 0.08191489361702127
0 0.46012544802867383 0.3023936170212766 0.06720430107526881 0.04202127659574468
0 0.16756272401433692 0.23643617021276594 0.1935483870967742 0.075
0 0.4327956989247312 0.1672872340425532 0.14157706093189965 0.056914893617021275
0 0.2410394265232975 0.1646276595744681 0.2114695340501792 0.054787234042553194
0 0.6406810035842294 0.4710106382978723 0.08422939068100359 0.08031914893617022
