0 0.39081632653061227 0.08634393063583815 0.35714285714285715 0.10043352601156069
0 0.1096938775510204 0.2351878612716763 0.11734693877551021 0.08453757225433527
0 0.08418367346938775 0.398121387283237 0.09489795918367347 0.1416184971098266
0 0.25918367346938775 0.2532514450867052 0.13877551020408163 0.13078034682080925
0 0.09540816326530613 0.5513005780346821 0.10714285714285714 0.07947976878612717
0 0.21326530612244898 0.8728323699421965 0.2510204081632653 0.13583815028901733
0 0.4545918367346939 0.8641618497109826 0.22142857142857142 0.13583815028901733
0 0.6811224489795918 0.8688583815028902 0.2357142857142857 0.15534682080924855
0 0.23520408163265305 0.555635838150289 0.14795918367346939 0.1329479768786127
0 0.4035714285714286 0.5437138728323699 0.1683673469387755 0.1119942196531792
0 0.1270408163265306 0.7005057803468208 0.1357142857142857 0.13945086705202311
0 0.8198979591836735 0.2565028901734104 0.22142857142857142 0.13439306358381503
0 0.5285714285714286 0.2565028901734104 0.3551020408163265 0.13728323699421965
0 0.2596938775510204 0.6979768786127167 0.14387755102040817 0.12716763005780346
0 0.1683673469387755 0.10332369942196531 0.08775510204081632 0.12427745664739884
0 0.15459183673469387 0.3927023121387283 0.08061224489795918 0.07586705202312138
0 0.7270408163265306 0.4064306358381503 0.2357142857142857 0.10043352601156069
0 0.914795918367347 0.4067919075144509 0.15816326530612246 0.11705202312138728
0 0.3520408163265306 0.38403179190751446 0.2612244897959184 0.10332369942196531
0 0.5336734693877551 0.3945086705202312 0.12244897959183673 0.07947976878612717
0 0.6760204081632653 0.10910404624277456 0.17448979591836736 0.10115606936416185
0 0.8433673469387755 0.12608381502890173 0.18061224489795918 0.11488439306358382
0 0.6107142857142858 0.5581647398843931 0.2602040816326531 0.12644508670520233
0 0.6520408163265307 0.7481936416184971 0.10612244897959183 0.05997109826589595
0 0.735204081632653 0.6936416184971098 0.21326530612244898 0.06358381502890173
