0 0.2576530612244898 0.04952215464813206 0.14030612244897958 0.07298001737619461
0 0.20216836734693877 0.17115551694178974 0.2512755102040816 0.12163336229365769
0 0.42857142857142855 0.17028670721112077 0.22704081632653061 0.1268462206776716
0 0.6065051020408163 0.16072980017376196 0.16964285714285715 0.09556907037358818
0 0.7774234693877551 0.18375325803649 0.21301020408163265 0.1416159860990443
0 0.1600765306122449 0.2958297132927889 0.27933673469387754 0.11728931364031277
0 0.4017857142857143 0.3062554300608167 0.28061224489795916 0.13466550825369245
0 0.6007653061224489 0.3045178105994787 0.11734693877551021 0.13466550825369245
0 0.7436224489795918 0.30278019113814075 0.1989795918367347 0.0999131190269331
0 0.15625 0.5903562119895743 0.16964285714285715 0.13292788879235448
0 0.36862244897959184 0.5964378801042571 0.2653061224489796 0.12076455256298871
0 0.19196428571428573 0.712858384013901 0.2869897959183674 0.12945264986967853
0 0.22959183673469388 0.8588184187662902 0.23979591836734693 0.1259774109470026
0 0.43686224489795916 0.870981754995656 0.1798469387755102 0.10860121633362294
0 0.6447704081632653 0.843614248479583 0.24107142857142858 0.05386620330147698
0 0.6371173469387755 0.8987836663770634 0.24107142857142858 0.05647263249348393
0 0.5529336734693877 0.7067767158992181 0.4502551020408163 0.10686359687228497
0 0.4719387755102041 0.061251086012163336 0.3392857142857143 0.10338835794960903
0 0.764030612244898 0.0629887054735013 0.25510204081632654 0.10686359687228497
0 0.6836734693877551 0.5912250217202433 0.29846938775510207 0.12076455256298871
0 0.9056122448979592 0.3071242397914857 0.16071428571428573 0.12250217202432667
0 0.20790816326530612 0.4522154648132059 0.34438775510204084 0.16072980017376196
0 0.4610969387755102 0.4539530842745439 0.22831632653061223 0.15030408340573415
0 0.6677295918367347 0.4530842745438749 0.23596938775510204 0.1520417028670721
0 0.6454081632653061 0.762380538662033 0.3520408163265306 0.10165073848827107
0 0.9005102040816326 0.7219808861859253 0.15051020408163265 0.16507384882710685
0 0.26785714285714285 0.9561251086012164 0.17346938775510204 0.06516072980017376
0 0.4610969387755102 0.974370112945265 0.2181122448979592 0.051259774109470024
0 0.6664540816326531 0.9695916594265855 0.16964285714285715 0.059079061685490875
