0 0.11869436201780416 0.1663395485770363 0.12858555885262116 0.1422963689892051
0 0.2655786350148368 0.14327772325809618 0.17705242334322452 0.1491658488714426
0 0.06775469831849654 0.32433758586849853 0.09000989119683482 0.09126594700686948
0 0.31206726013847674 0.3042198233562316 0.27794263105835804 0.13542688910696762
0 0.05291790306627102 0.471540726202159 0.0722057368941642 0.09126594700686948
0 0.07418397626112759 0.7051030421982336 0.10880316518298715 0.09911678115799803
0 0.16567754698318496 0.7031403336604515 0.0781404549950544 0.14033366045142295
0 0.6300692383778437 0.8925417075564279 0.2334322453016815 0.15014720314033367
0 0.5603363006923838 0.5775269872423945 0.08605341246290801 0.1560353287536801
0 0.5731948565776459 0.2929342492639843 0.08011869436201781 0.10304219823356231
0 0.6691394658753709 0.29244357212953875 0.07418397626112759 0.1197252208047105
0 0.6300692383778437 0.0647693817468106 0.1444114737883284 0.09224730127576054
0 0.2754698318496538 0.696270853778214 0.1434223541048467 0.1364082433758587
0 0.12858555885262116 0.4474975466143278 0.06726013847675569 0.11579980372914622
0 0.4421364985163205 0.13297350343473993 0.2215628090999011 0.1874386653581943
0 0.8021760633036598 0.7311089303238469 0.21562809099901087 0.1393523061825319
0 0.6083086053412463 0.7330716388616291 0.17606330365974282 0.14720314033366044
0 0.7591493570722058 0.5789990186457311 0.29772502472799206 0.1589793915603533
0 0.4609297725024728 0.6884200196270854 0.11473788328387735 0.14622178606476938
0 0.28140454995054404 0.4411187438665358 0.24826904055390703 0.13052011776251227
0 0.7799208704253214 0.2899901864573111 0.10583580613254204 0.14033366045142295
0 0.913946587537092 0.31599607458292445 0.16221562809099901 0.14720314033366044
0 0.5949554896142433 0.41756624141315013 0.13155291790306628 0.12855740922473013
0 0.7858555885262116 0.4200196270853778 0.20870425321463898 0.12757605495583907
0 0.7853610286844708 0.18253189401373895 0.24530168150346193 0.1452404317958783
0 0.2334322453016815 0.9052993130520117 0.11473788328387735 0.11874386653581943
0 0.8165182987141444 0.08047105004906771 0.2344213649851632 0.13150147203140333
0 0.3837784371909001 0.7075564278704612 0.08902077151335312 0.11579980372914622
0 0.31849653808110784 0.8002944062806673 0.21167161226508407 0.09519136408243375
0 0.39416419386745793 0.9681059862610403 0.20672601384767555 0.06182531894013739
0 0.21612265084075172 0.5642787046123651 0.23639960435212662 0.12168792934249265
0 0.4179030662710188 0.5525024533856723 0.19485657764589515 0.11383709519136408
0 0.8521266073194856 0.8616290480863592 0.19090009891196835 0.1491658488714426
0 0.1434223541048467 0.8949950932286556 0.08704253214638971 0.08439646712463199
0 0.05192878338278932 0.46957801766437685 0.05440158259149357 0.06378802747791953
0 0.0781404549950544 0.3228655544651619 0.06923837784371908 0.058881256133464184
0 0.0830860534124629 0.20461236506378802 0.04549950544015826 0.05789990186457311
0 0.10583580613254204 0.13886162904808635 0.05539070227497527 0.04612365063788027
0 0.1562809099901088 0.12659470068694798 0.057368941641938676 0.05299313052011776
0 0.13402571711177053 0.1987242394504416 0.05440158259149357 0.050049067713444556
0 0.2423343224530168 0.1889106967615309 0.11078140454995054 0.03434739941118744
0 0.3264094955489614 0.12610402355250244 0.05934718100890208 0.11089303238469088
0 0.24777448071216618 0.13886162904808635 0.09990108803165183 0.022571148184494603
0 0.26508407517309596 0.12463199214916584 0.04154302670623145 0.06084396467124632
0 0.21117705242334323 0.1256133464180569 0.04846686449060336 0.09813542688910697
0 0.25370919881305637 0.09371933267909716 0.10781404549950543 0.03434739941118744
0 0.4940652818991098 0.14622178606476938 0.03461918892185954 0.07065750736015702
0 0.5326409495548962 0.13591756624141316 0.06231454005934718 0.12070657507360157
0 0.4475766567754698 0.0873405299313052 0.13550939663699307 0.04121687929342493
0 0.4030662710187933 0.1182531894013739 0.1552917903066271 0.02649656526005888
0 0.38724035608308605 0.13052011776251227 0.028684470820969338 0.07065750736015702
0 0.42631058358061324 0.1310107948969578 0.02967359050445104 0.07556427870461237
0 0.5929772502472799 0.05250245338567223 0.06824925816023739 0.053974484789008834
0 0.6592482690405539 0.06329735034347399 0.08011869436201781 0.05789990186457311
0 0.794757665677547 0.07998037291462218 0.05440158259149357 0.0775269872423945
0 0.7344213649851632 0.06820412168792934 0.04648862512363996 0.08537782139352307
0 0.7423343224530168 0.037782139352306184 0.05242334322453017 0.02649656526005888
0 0.7581602373887241 0.05544651619234544 0.032640949554896145 0.008832188420019628
0 0.7581602373887241 0.06575073601570167 0.03461918892185954 0.011776251226692836
0 0.7655786350148368 0.07850834151128558 0.03956478733926805 0.015701668302257114
0 0.7729970326409495 0.09813542688910697 0.04253214638971316 0.017664376840039256
0 0.8753709198813057 0.10745829244357213 0.09891196834817013 0.07163886162904809
0 0.8738872403560831 0.12070657507360157 0.028684470820969338 0.015701668302257114
0 0.8343224530168151 0.10058881256133465 0.026706231454005934 0.010794896957801767
0 0.8753709198813057 0.09617271835132483 0.03560830860534125 0.029440628066732092
0 0.844213649851632 0.0775269872423945 0.024727992087042534 0.02551521099116781
0 0.7843719090009891 0.16584887144259078 0.04945598417408507 0.11776251226692837
0 0.7932739861523245 0.14278704612365065 0.14638971315529178 0.04808635917566242
0 0.7690405539070228 0.17713444553483806 0.19287833827893175 0.04416094210009813
0 0.884272997032641 0.20215897939156036 0.04154302670623145 0.09224730127576054
0 0.4050445103857567 0.3326790971540726 0.07418397626112759 0.06869479882237488
0 0.3991097922848665 0.26840039254170756 0.09198813056379822 0.07163886162904809
0 0.3323442136498516 0.3184494602551521 0.0830860534124629 0.06378802747791953
0 0.3293768545994065 0.29244357212953875 0.07319485657764589 0.07065750736015702
0 0.2542037586547972 0.3115799803729146 0.05341246290801187 0.11089303238469088
0 0.24085064292779426 0.3071638861629048 0.12166172106824925 0.045142296368989206
0 0.5781404549950544 0.2860647693817468 0.07418397626112759 0.06771344455348381
0 0.6735905044510386 0.2939156035328754 0.05934718100890208 0.09519136408243375
0 0.7710187932739861 0.281648675171737 0.03461918892185954 0.03140333660451423
0 0.7784371909000989 0.31305201177625125 0.03956478733926805 0.015701668302257114
0 0.7764589515331355 0.3380765456329735 0.02967359050445104 0.02453385672227674
0 0.7853610286844708 0.23846908734052993 0.11473788328387735 0.058881256133464184
0 0.8031651829871415 0.29784102060843964 0.043521266073194856 0.12266928361138371
0 0.7477744807121661 0.2944062806673209 0.027695351137487636 0.08832188420019627
0 0.9698318496538081 0.3017664376840039 0.03066271018793274 0.06182531894013739
0 0.9708209693372898 0.359666339548577 0.03461918892185954 0.04416094210009813
0 0.9510385756676558 0.3253189401373896 0.04451038575667656 0.038272816486751716
0 0.8486646884272997 0.29735034347399414 0.02373887240356083 0.05103042198233562
0 0.887240356083086 0.30323846908734053 0.017804154302670624 0.04906771344455348
0 0.8847675568743818 0.27379784102060845 0.10583580613254204 0.06869479882237488
0 0.8877349159248269 0.33709519136408245 0.09396636993076163 0.038272816486751716
0 0.12957467853610286 0.4479882237487733 0.057368941641938676 0.09519136408243375
0 0.21562809099901087 0.444062806673209 0.10880316518298715 0.1069676153091266
0 0.21216617210682492 0.4519136408243376 0.11968348170128586 0.10893032384690873
0 0.32146389713155293 0.44062806673209026 0.10880316518298715 0.1256133464180569
0 0.33827893175074186 0.44602551521099115 0.1444114737883284 0.11874386653581943
0 0.552917903066271 0.4028459273797841 0.03956478733926805 0.06967615309126594
0 0.5850642927794263 0.41315014720314036 0.028684470820969338 0.047105004906771344
0 0.5880316518298714 0.44602551521099115 0.10385756676557864 0.042198233562315994
0 0.6018793273986153 0.3817468105986261 0.10979228486646884 0.06673209028459273
0 0.771513353115727 0.3675171736997056 0.043521266073194856 0.02453385672227674
0 0.8353115727002968 0.38812561334641804 0.10583580613254204 0.07163886162904809
0 0.8516320474777448 0.415603532875368 0.011869436201780416 0.020608439646712464
0 0.8333333333333334 0.41903827281648676 0.01483679525222552 0.03729146221786065
0 0.8150346191889218 0.41216879293424924 0.01582591493570722 0.03925417075564279
0 0.7908011869436202 0.4097154072620216 0.018793273986152326 0.050049067713444556
0 0.8249258160237388 0.450441609421001 0.11671612265084075 0.0647693817468106
0 0.7304648862512364 0.4524043179587831 0.0840751730959446 0.017664376840039256
0 0.7329376854599406 0.42983316977428854 0.057368941641938676 0.015701668302257114
0 0.7413452027695351 0.4111874386653582 0.05637982195845697 0.015701668302257114
0 0.6998021760633036 0.41609421000981356 0.02274975272007913 0.07065750736015702
0 0.7373887240356083 0.37438665358194306 0.09396636993076163 0.04808635917566242
0 0.19930761622156282 0.592737978410206 0.03857566765578635 0.0549558390578999
0 0.2507418397626113 0.6030421982335623 0.09396636993076163 0.018645731108930325
0 0.21117705242334323 0.5480863591756624 0.03461918892185954 0.053974484789008834
0 0.24381800197823936 0.5122669283611384 0.10385756676557864 0.04121687929342493
0 0.31750741839762614 0.5593719332679097 0.043521266073194856 0.1099116781157998
0 0.14589515331355093 0.5794896957801766 0.06429277942631058 0.020608439646712464
0 0.12314540059347182 0.5628066732090284 0.028684470820969338 0.09126594700686948
0 0.1533135509396637 0.5397448478900884 0.08506429277942631 0.033366045142296366
0 0.1562809099901088 0.5755642787046124 0.021760633036597428 0.06575073601570167
0 0.42334322453016815 0.5181550539744848 0.11869436201780416 0.03729146221786065
0 0.404055390702275 0.5583905789990187 0.1493570722057369 0.033366045142296366
0 0.413946587537092 0.534838076545633 0.04648862512363996 0.11776251226692837
0 0.5039564787339268 0.5417075564278705 0.032640949554896145 0.09224730127576054
0 0.5637982195845698 0.5799803729146222 0.06330365974282888 0.14131501472031405
0 0.8887240356083086 0.5937193326790972 0.036597428288822946 0.09028459273797841
0 0.8585558852621167 0.6020608439646713 0.03165182987141444 0.08537782139352307
0 0.8115727002967359 0.6020608439646713 0.058358061325420374 0.05789990186457311
0 0.7794263105835806 0.6393523061825319 0.12265084075173097 0.08145240431795878
0 0.7754698318496538 0.5598626104023553 0.057368941641938676 0.04808635917566242
0 0.7725024727992087 0.5922473012757605 0.019782393669634024 0.06967615309126594
0 0.748269040553907 0.5883218842001963 0.016815034619188922 0.07360157016683022
0 0.7265084075173096 0.5789990186457311 0.026706231454005934 0.13150147203140333
0 0.7858555885262116 0.5343473994111875 0.11177052423343224 0.0775269872423945
0 0.66864490603363 0.5608439646712463 0.08506429277942631 0.03434739941118744
0 0.6671612265084075 0.60549558390579 0.08011869436201781 0.017664376840039256
0 0.685459940652819 0.5878312070657508 0.01582591493570722 0.029440628066732092
0 0.6612265084075173 0.5883218842001963 0.01483679525222552 0.02649656526005888
0 0.6335311572700296 0.5858684985279686 0.01483679525222552 0.02551521099116781
0 0.04846686449060336 0.6982335623159961 0.04154302670623145 0.06967615309126594
0 0.09396636993076163 0.7051030421982336 0.057368941641938676 0.06378802747791953
0 0.15974282888229477 0.6717369970559371 0.05242334322453017 0.05593719332679097
0 0.1681503461918892 0.7443572129538764 0.06132542037586548 0.06575073601570167
0 0.27794263105835804 0.7291462217860648 0.12462908011869436 0.08243375858684986
0 0.25469831849653807 0.7051030421982336 0.032640949554896145 0.05789990186457311
0 0.22255192878338279 0.6947988223748773 0.03758654797230465 0.08832188420019627
0 0.2665677546983185 0.6619234543670265 0.09792284866468842 0.06771344455348381
0 0.3644906033630069 0.6923454367026497 0.04846686449060336 0.06575073601570167
0 0.39119683481701284 0.7374877330716388 0.09594460929772503 0.02845927379784102
0 0.437190900098912 0.6805691854759568 0.025717111770524232 0.05986261040235525
0 0.46439169139465875 0.6305201177625123 0.06627101879327399 0.038272816486751716
0 0.5108803165182987 0.6751717369970559 0.032640949554896145 0.09813542688910697
0 0.4752720079129575 0.6967615309126595 0.032640949554896145 0.07654563297350343
0 0.4124629080118694 0.6648675171736997 0.02373887240356083 0.040235525024533855
0 0.4179030662710188 0.6938174681059862 0.024727992087042534 0.023552502453385672
0 0.43125618199802174 0.7154072620215898 0.04945598417408507 0.019627085377821395
0 0.47477744807121663 0.7546614327772326 0.06330365974282888 0.03729146221786065
0 0.5583580613254204 0.7060843964671246 0.0702274975272008 0.06967615309126594
0 0.5573689416419386 0.7502453385672228 0.09594460929772503 0.07360157016683022
0 0.6434223541048467 0.7242394504416094 0.09396636993076163 0.04317958783120707
0 0.6162215628090999 0.719332679097154 0.04747774480712166 0.10009813542688911
0 0.7339268051434223 0.7075564278704612 0.06923837784371908 0.03925417075564279
0 0.755192878338279 0.7448478900883219 0.11177052423343224 0.033366045142296366
0 0.7937685459940653 0.7482826300294406 0.04846686449060336 0.06575073601570167
0 0.824431256181998 0.7399411187438666 0.03461918892185954 0.047105004906771344
0 0.8516320474777448 0.7404317958783121 0.04747774480712166 0.04612365063788027
0 0.8738872403560831 0.7291462217860648 0.05637982195845697 0.0549558390578999
0 0.8689416419386746 0.6987242394504416 0.04253214638971316 0.05299313052011776
0 0.8486646884272997 0.6967615309126595 0.051434223541048464 0.05103042198233562
0 0.824431256181998 0.6947988223748773 0.05242334322453017 0.04906771344455348
0 0.8006923837784372 0.6864573110893032 0.09000989119683482 0.07948969578017664
0 0.3076162215628091 0.7909715407262021 0.03758654797230465 0.08243375858684986
0 0.3135509396636993 0.7983316977428851 0.11869436201780416 0.03631010794896958
0 0.27942631058358064 0.8326790971540726 0.12957467853610286 0.02649656526005888
0 0.39762611275964393 0.8209028459273798 0.04747774480712166 0.06575073601570167
0 0.14094955489614244 0.8925417075564279 0.058358061325420374 0.05789990186457311
0 0.2062314540059347 0.8645731108930323 0.05637982195845697 0.033366045142296366
0 0.2032640949554896 0.9028459273797841 0.05440158259149357 0.09813542688910697
0 0.2195845697329377 0.8895976447497547 0.025717111770524232 0.016683022571148183
0 0.2265084075173096 0.9087340529931305 0.02967359050445104 0.015701668302257114
0 0.2354104846686449 0.9263984298331698 0.03758654797230465 0.015701668302257114
0 0.2433234421364985 0.9411187438665358 0.03956478733926805 0.013738959764474975
0 0.2542037586547972 0.9013738959764475 0.057368941641938676 0.10500490677134446
0 0.30019782393669636 0.900883218842002 0.03066271018793274 0.06869479882237488
0 0.35756676557863504 0.9106967615309126 0.026706231454005934 0.06084396467124632
0 0.3600395647873393 0.9170755642787046 0.09297725024727992 0.020608439646712464
0 0.35657764589515334 0.8827281648675172 0.12957467853610286 0.02453385672227674
0 0.42631058358061324 0.8743866535819431 0.05934718100890208 0.05299313052011776
0 0.46043521266073195 0.9190382728164868 0.076162215628091 0.07163886162904809
0 0.4495548961424332 0.9838076545632973 0.0820969337289812 0.03434739941118744
0 0.4332344213649852 0.9553483807654564 0.09495548961424333 0.0323846908734053
0 0.3155291790306627 0.9666339548577036 0.03560830860534125 0.04317958783120707
0 0.36993076162215627 0.9872423945044161 0.09297725024727992 0.015701668302257114
0 0.36053412462908013 0.9774288518155054 0.058358061325420374 0.017664376840039256
0 0.35855588526211674 0.9700686947988224 0.058358061325420374 0.022571148184494603
0 0.35954500494559843 0.9553483807654564 0.05440158259149357 0.020608439646712464
0 0.4000989119683482 0.9739941118743867 0.016815034619188922 0.02453385672227674
0 0.423837784371909 0.9730127576054955 0.016815034619188922 0.02453385672227674
0 0.4455984174085064 0.97252208047105 0.012858555885262116 0.019627085377821395
0 0.5900098911968348 0.865063788027478 0.020771513353115726 0.052011776251226695
0 0.5642927794263106 0.865063788027478 0.016815034619188922 0.040235525024533855
0 0.533135509396637 0.8778213935230619 0.019782393669634024 0.09126594700686948
0 0.6280909990108803 0.8719332679097154 0.027695351137487636 0.07163886162904809
0 0.609297725024728 0.8439646712463199 0.1641938674579624 0.029440628066732092
0 0.5964391691394659 0.8743866535819431 0.13649851632047477 0.019627085377821395
0 0.5979228486646885 0.8989205103042198 0.1434223541048467 0.015701668302257114
0 0.6073194856577646 0.9278704612365064 0.18199802176063304 0.022571148184494603
0 0.7230464886251237 0.8940137389597644 0.05539070227497527 0.12168792934249265
0 0.8348170128585559 0.888125613346418 0.1562809099901088 0.06673209028459273
0 0.8733926805143423 0.8444553483807654 0.10682492581602374 0.06771344455348381
0 0.9366963402571711 0.8174681059862611 0.017804154302670624 0.045142296368989206
