0 0.5637381567614126 0.7383669885864794 0.16279069767441862 0.11940298507462686
0 0.7777777777777778 0.7366110623353819 0.2962962962962963 0.11237928007023705
0 0.14944013781223084 0.8178226514486392 0.11800172265288544 0.1466198419666374
0 0.2747631352282515 0.835820895522388 0.17226528854435832 0.1826163301141352
0 0.41559000861326445 0.8564530289727832 0.1507321274763135 0.13432835820895522
0 0.05211024978466839 0.797190517998244 0.07665805340223945 0.09482001755926252
0 0.7674418604651163 0.6185250219490781 0.2652885443583118 0.15539947322212466
0 0.5633074935400517 0.5926251097453907 0.10335917312661498 0.07901668129938542
0 0.7286821705426356 0.845478489903424 0.2859603789836348 0.10184372256365233
0 0.5882859603789836 0.4244951712028095 0.1636520241171404 0.15013169446883232
0 0.37381567614125755 0.29850746268656714 0.22911283376399655 0.14574187884108866
0 0.2665805340223945 0.39596136962247586 0.2368647717484927 0.1299385425812116
0 0.31266149870801035 0.6971027216856892 0.22566752799310938 0.11940298507462686
0 0.6619293712316968 0.18305531167690958 0.2713178294573643 0.1395961369622476
0 0.8742463393626184 0.1865671641791045 0.1843238587424634 0.1360842844600527
0 0.9289405684754521 0.30201931518876207 0.12833763996554695 0.10184372256365233
0 0.8458225667527993 0.41264266900790164 0.27906976744186046 0.11589113257243196
0 0.8415159345391904 0.5087796312554873 0.29457364341085274 0.12554872695346794
0 0.21016365202411713 0.2708516242317823 0.1223083548664944 0.1360842844600527
0 0.15030146425495264 0.5566286215978928 0.1507321274763135 0.19315188762071994
