0 0.24501246882793018 0.8862410071942446 0.300498753117207 0.125
0 0.536783042394015 0.9069244604316546 0.24064837905236908 0.11600719424460432
0 0.11034912718204488 0.6825539568345323 0.16832917705735662 0.12769784172661872
0 0.35785536159601 0.6839028776978417 0.2817955112219451 0.14118705035971224
0 0.683291770573566 0.6641187050359713 0.3491271820448878 0.14658273381294964
0 0.9164588528678305 0.6717625899280576 0.12718204488778054 0.16546762589928057
0 0.37032418952618457 0.34757194244604317 0.1770573566084788 0.1447841726618705
0 0.6633416458852868 0.32868705035971224 0.1172069825436409 0.1447841726618705
0 0.14027431421446385 0.3489208633093525 0.1483790523690773 0.12949640287769784
0 0.4339152119700748 0.10116906474820143 0.5760598503740648 0.14118705035971224
0 0.5056109725685786 0.17535971223021582 0.31296758104738154 0.1420863309352518
0 0.7693266832917706 0.16951438848920863 0.2144638403990025 0.1357913669064748
0 0.9451371571072319 0.5157374100719424 0.06982543640897755 0.15017985611510792
0 0.7930174563591023 0.5139388489208633 0.22942643391521197 0.15377697841726617
0 0.5448877805486284 0.5143884892086331 0.286783042394015 0.17446043165467626
0 0.22256857855361595 0.5197841726618705 0.3778054862842893 0.1672661870503597
0 0.5903990024937655 0.77068345323741 0.19077306733167082 0.12589928057553956
0 0.7911471321695761 0.9006294964028777 0.27805486284289277 0.1357913669064748
