0 0.6738532110091743 0.04713493530499076 0.26697247706422017 0.09426987060998152
0 0.613302752293578 0.1899260628465804 0.16238532110091744 0.14325323475046212
0 0.581651376146789 0.3230129390018484 0.11559633027522936 0.08410351201478743
0 0.7169724770642202 0.3304066543438078 0.0926605504587156 0.14510166358595195
0 0.8715596330275229 0.34611829944547134 0.2 0.1414048059149723
0 0.5477064220183486 0.4588724584103512 0.07522935779816514 0.09149722735674677
0 0.5344036697247706 0.6802218114602587 0.06330275229357799 0.07948243992606285
0 0.6724770642201835 0.8475046210720887 0.13394495412844037 0.09981515711645102
0 0.30091743119266057 0.7222735674676525 0.27339449541284405 0.11367837338262476
0 0.33532110091743117 0.9306839186691312 0.24311926605504589 0.12384473197781885
0 0.2793577981651376 0.20378927911275416 0.23761467889908258 0.11182994454713494
0 0.413302752293578 0.6012014787430684 0.16238532110091744 0.13401109057301294
0 0.26146788990825687 0.5984288354898336 0.14678899082568808 0.13955637707948243
0 0.8064220183486238 0.21072088724584104 0.23119266055045873 0.1534195933456562
0 0.8715596330275229 0.11275415896487985 0.14495412844036698 0.1534195933456562
0 0.7422018348623853 0.47828096118299446 0.26422018348623855 0.14325323475046212
0 0.8174311926605504 0.44408502772643255 0.1889908256880734 0.0878003696857671
0 0.0834862385321101 0.8257855822550831 0.06972477064220184 0.09149722735674677
0 0.1926605504587156 0.8280961182994455 0.1559633027522936 0.11460258780036968
0 0.35825688073394496 0.8285582255083179 0.19174311926605506 0.1044362292051756
0 0.37889908256880733 0.444547134935305 0.25688073394495414 0.10166358595194085
0 0.3779816513761468 0.05868761552680222 0.2018348623853211 0.0822550831792976
