0 0.35016465422612514 0.5631753948462178 0.544456641053787 0.1172069825436409
0 0.424807903402854 0.11554447215295095 0.2239297475301866 0.08478802992518704
0 0.09934138309549945 0.6724854530340815 0.10428100987925357 0.05652535328345802
0 0.3177826564215148 0.7015793848711555 0.27332601536772777 0.1396508728179551
0 0.6673984632272228 0.8192019950124688 0.1602634467618002 0.10058187863674148
0 0.526344676180022 0.7094763092269327 0.16575192096597147 0.12053200332502079
0 0.7085620197585072 0.713216957605985 0.2030735455543359 0.1230257689110557
0 0.6509330406147091 0.12635078969243557 0.23710208562019758 0.09975062344139651
0 0.8512623490669594 0.13881961762261014 0.16136114160263446 0.11305070656691604
0 0.19099890230515917 0.2793017456359102 0.265642151481888 0.1313383208645054
0 0.2854006586169045 0.24480465502909393 0.19758507135016465 0.06899418121363259
0 0.442371020856202 0.8192019950124688 0.29637760702524696 0.12219451371571072
0 0.17288693743139408 0.8092269326683291 0.2579582875960483 0.12053200332502079
0 0.8858397365532382 0.7098919368246052 0.14928649835345773 0.12635078969243557
0 0.7683863885839737 0.46716541978387366 0.2678375411635565 0.09310058187863675
0 0.4769484083424808 0.4688279301745636 0.18331503841931943 0.06816292601828762
0 0.5488474204171241 0.38196176226101414 0.3205268935236004 0.11055694098088113
0 0.7908891328210758 0.37281795511221943 0.17672886937431395 0.09725685785536159
0 0.5653128430296378 0.04530340814630091 0.25905598243688255 0.0773067331670823
0 0.7793633369923162 0.05070656691604322 0.18660812294182216 0.08811305070656691
0 0.2683863885839737 0.13923524522028263 0.1394072447859495 0.049044056525353284
0 0.23216245883644346 0.13923524522028263 0.1525795828759605 0.13383208645054032
