0 0.2220616570327553 0.2802254098360656 0.13005780346820808 0.16905737704918034
0 0.401252408477842 0.3089139344262295 0.22832369942196531 0.15061475409836064
0 0.1103082851637765 0.6967213114754098 0.16473988439306358 0.08811475409836066
0 0.32947976878612717 0.6977459016393442 0.21772639691714837 0.125
0 0.3179190751445087 0.8621926229508197 0.20423892100192678 0.1711065573770492
0 0.3988439306358382 0.45645491803278687 0.18497109826589594 0.10758196721311475
0 0.6141618497109826 0.4994877049180328 0.16859344894026976 0.1444672131147541
0 0.7967244701348748 0.4969262295081967 0.1926782273603083 0.13934426229508196
0 0.24229287090558768 0.48155737704918034 0.12620423892100194 0.10860655737704918
0 0.3978805394990366 0.5568647540983607 0.19460500963391136 0.10758196721311475
0 0.10308285163776493 0.47489754098360654 0.17148362235067438 0.16495901639344263
0 0.691233140655106 0.25563524590163933 0.29190751445086704 0.11577868852459017
0 0.7928709055876686 0.3555327868852459 0.27552986512524086 0.13934426229508196
0 0.41377649325626203 0.15932377049180327 0.10115606936416185 0.07479508196721311
0 0.4320809248554913 0.10450819672131148 0.0626204238921002 0.05942622950819672
0 0.6305394990366089 0.12038934426229508 0.07225433526011561 0.05635245901639344
0 0.5659922928709056 0.10706967213114754 0.05491329479768786 0.05635245901639344
0 0.73747591522158 0.16393442622950818 0.024084778420038536 0.07991803278688525
0 0.1791907514450867 0.2843237704918033 0.025048169556840076 0.09528688524590163
0 0.2172447013487476 0.2786885245901639 0.027938342967244702 0.11065573770491803
0 0.22254335260115607 0.3411885245901639 0.10404624277456648 0.028688524590163935
0 0.21146435452793835 0.21618852459016394 0.07610789980732177 0.03278688524590164
0 0.26541425818882464 0.27510245901639346 0.03564547206165703 0.13217213114754098
0 0.45375722543352603 0.32786885245901637 0.038535645472061654 0.0778688524590164
0 0.4754335260115607 0.3637295081967213 0.031791907514450865 0.022540983606557378
0 0.49614643545279385 0.3145491803278688 0.03468208092485549 0.12295081967213115
0 0.4026974951830443 0.3037909836065574 0.08670520231213873 0.027663934426229508
0 0.3217726396917148 0.2858606557377049 0.05394990366088632 0.0471311475409836
0 0.35452793834296725 0.3099385245901639 0.023121387283236993 0.09118852459016394
0 0.3983622350674374 0.3073770491803279 0.022157996146435453 0.0860655737704918
0 0.41377649325626203 0.26434426229508196 0.1396917148362235 0.0389344262295082
0 0.7750481695568401 0.22489754098360656 0.06840077071290944 0.08504098360655737
0 0.8010597302504817 0.27561475409836067 0.041425818882466284 0.02459016393442623
0 0.7312138728323699 0.22540983606557377 0.04816955684007707 0.02459016393442623
0 0.7153179190751445 0.24743852459016394 0.03371868978805395 0.050204918032786885
0 0.7369942196531792 0.2612704918032787 0.036608863198458574 0.05122950819672131
0 0.7360308285163777 0.2858606557377049 0.06165703275529865 0.028688524590163935
0 0.6570327552986512 0.2807377049180328 0.08863198458574181 0.03483606557377049
0 0.640655105973025 0.257172131147541 0.05202312138728324 0.13319672131147542
0 0.5852601156069365 0.2930327868852459 0.052986512524084775 0.02663934426229508
0 0.5867052023121387 0.27049180327868855 0.05394990366088632 0.022540983606557378
0 0.5891136801541426 0.2464139344262295 0.05491329479768786 0.02971311475409836
0 0.9190751445086706 0.38524590163934425 0.038535645472061654 0.06967213114754098
0 0.8352601156069365 0.3417008196721312 0.04431599229287091 0.08913934426229508
0 0.8010597302504817 0.29047131147540983 0.0838150289017341 0.04610655737704918
0 0.7683044315992292 0.3514344262295082 0.029865125240847785 0.0942622950819672
0 0.714354527938343 0.32684426229508196 0.08574181117533719 0.03278688524590164
0 0.6801541425818882 0.3514344262295082 0.03275529865125241 0.05122950819672131
0 0.7042389210019268 0.3703893442622951 0.08092485549132948 0.027663934426229508
0 0.8583815028901735 0.3360655737704918 0.08092485549132948 0.03483606557377049
0 0.853082851637765 0.3719262295081967 0.0838150289017341 0.030737704918032786
0 0.03468208092485549 0.47438524590163933 0.023121387283236993 0.10040983606557377
0 0.0804431599229287 0.4354508196721312 0.07803468208092486 0.07172131147540983
0 0.07996146435452794 0.4672131147540984 0.07129094412331406 0.0389344262295082
0 0.07803468208092486 0.5056352459016393 0.07129094412331406 0.06454918032786885
0 0.151252408477842 0.5399590163934426 0.08477842003853564 0.04918032786885246
0 0.14402697495183045 0.47950819672131145 0.051059730250481696 0.02459016393442623
0 0.14113680154142583 0.45133196721311475 0.04527938342967245 0.025614754098360656
0 0.1825626204238921 0.46260245901639346 0.03757225433526012 0.1444672131147541
0 0.13776493256262043 0.45081967213114754 0.04816955684007707 0.13319672131147542
0 0.29190751445086704 0.45389344262295084 0.03468208092485549 0.036885245901639344
0 0.27167630057803466 0.5035860655737705 0.03275529865125241 0.03790983606557377
0 0.2302504816955684 0.45081967213114754 0.028901734104046242 0.030737704918032786
0 0.23121387283236994 0.4964139344262295 0.04238921001926782 0.04405737704918033
0 0.2432562620423892 0.4677254098360656 0.12620423892100194 0.04610655737704918
0 0.26252408477842004 0.48616803278688525 0.051059730250481696 0.11168032786885246
0 0.3521194605009634 0.430327868852459 0.07032755298651253 0.05122950819672131
0 0.348747591522158 0.49077868852459017 0.07707129094412331 0.03278688524590164
0 0.3236994219653179 0.45338114754098363 0.02697495183044316 0.05430327868852459
0 0.36368015414258187 0.4610655737704918 0.06069364161849711 0.028688524590163935
0 0.4653179190751445 0.461577868852459 0.04046242774566474 0.13217213114754098
0 0.4046242774566474 0.46209016393442626 0.025048169556840076 0.07991803278688525
0 0.4238921001926782 0.41547131147540983 0.04816955684007707 0.031762295081967214
0 0.3945086705202312 0.5476434426229508 0.03564547206165703 0.07889344262295082
0 0.4190751445086705 0.5517418032786885 0.03275529865125241 0.07274590163934426
0 0.3598265895953757 0.5466188524590164 0.049132947976878616 0.042008196721311473
0 0.46724470134874757 0.5788934426229508 0.04431599229287091 0.10245901639344263
0 0.36608863198458574 0.5799180327868853 0.13102119460500963 0.0389344262295082
0 0.31213872832369943 0.5379098360655737 0.028901734104046242 0.05942622950819672
0 0.32803468208092484 0.5204918032786885 0.06069364161849711 0.028688524590163935
0 0.6146435452793835 0.5081967213114754 0.04431599229287091 0.13934426229508196
0 0.6228323699421965 0.4769467213114754 0.1531791907514451 0.03790983606557377
0 0.6136801541425819 0.5081967213114754 0.15606936416184972 0.040983606557377046
0 0.867533718689788 0.5076844262295082 0.03564547206165703 0.08709016393442623
0 0.7750481695568401 0.5322745901639344 0.151252408477842 0.02151639344262295
0 0.7798651252408478 0.5081967213114754 0.13583815028901733 0.01639344262295082
0 0.7769749518304432 0.48616803278688525 0.1416184971098266 0.0235655737704918
0 0.7138728323699421 0.492827868852459 0.028901734104046242 0.0860655737704918
0 0.7750481695568401 0.45133196721311475 0.12620423892100194 0.03381147540983607
0 0.733140655105973 0.492827868852459 0.019267822736030827 0.06762295081967214
0 0.7572254335260116 0.4969262295081967 0.019267822736030827 0.07377049180327869
0 0.06069364161849711 0.6982581967213115 0.05202312138728324 0.06659836065573771
0 0.1430635838150289 0.7033811475409836 0.08188824662813102 0.06659836065573771
0 0.3554913294797688 0.6757172131147541 0.05394990366088632 0.060450819672131145
0 0.3516377649325626 0.7105532786885246 0.05009633911368015 0.04405737704918033
0 0.3940269749518304 0.6618852459016393 0.06551059730250482 0.06352459016393443
0 0.4026974951830443 0.7161885245901639 0.0674373795761079 0.07172131147540983
0 0.27601156069364163 0.7126024590163934 0.10500963391136801 0.04815573770491803
0 0.29190751445086704 0.7126024590163934 0.04046242774566474 0.08299180327868852
0 0.28901734104046245 0.8765368852459017 0.12716763005780346 0.0584016393442623
0 0.2923892100192678 0.8253073770491803 0.13198458574181118 0.05225409836065574
0 0.29142581888246627 0.858094262295082 0.051059730250481696 0.12807377049180327
0 0.37572254335260113 0.8785860655737705 0.04816955684007707 0.0932377049180328
