0 0.43614457831325304 0.9655923344947736 0.09156626506024096 0.07578397212543554
0 0.17409638554216866 0.6171602787456446 0.2855421686746988 0.1489547038327526
0 0.21024096385542168 0.47473867595818814 0.3385542168674699 0.1289198606271777
0 0.5210843373493976 0.45905923344947736 0.30481927710843376 0.14285714285714285
0 0.49698795180722893 0.5918989547038328 0.372289156626506 0.1332752613240418
0 0.33795180722891566 0.747822299651568 0.5698795180722892 0.13153310104529617
0 0.6957831325301205 0.764808362369338 0.15060240963855423 0.17247386759581881
0 0.46626506024096387 0.8384146341463414 0.29156626506024097 0.1297909407665505
0 0.24457831325301205 0.9446864111498258 0.21445783132530122 0.10017421602787456
0 0.8096385542168675 0.3127177700348432 0.2963855421686747 0.1289198606271777
0 0.48373493975903614 0.3279616724738676 0.35542168674698793 0.11236933797909408
0 0.8451807228915663 0.5901567944250871 0.26626506024096386 0.1367595818815331
0 0.5933734939759037 0.9560104529616724 0.17951807228915662 0.08101045296167247
0 0.8596385542168675 0.7334494773519163 0.18674698795180722 0.13588850174216027
