0 0.371571072319202 0.05892857142857143 0.13216957605985039 0.10892857142857143
0 0.5486284289276808 0.06428571428571428 0.16209476309226933 0.1125
0 0.2013715710723192 0.18080357142857142 0.23067331670822944 0.12767857142857142
0 0.10972568578553615 0.3263392857142857 0.12967581047381546 0.10625
0 0.23316708229426433 0.32589285714285715 0.14214463840399003 0.10892857142857143
0 0.5748129675810474 0.33839285714285716 0.22693266832917705 0.14464285714285716
0 0.10037406483790523 0.5785714285714286 0.13591022443890274 0.15178571428571427
0 0.18952618453865336 0.7455357142857143 0.18453865336658354 0.13392857142857142
0 0.4837905236907731 0.7584821428571429 0.40399002493765584 0.15267857142857144
0 0.8011221945137157 0.7522321428571429 0.26059850374064836 0.15803571428571428
0 0.22194513715710723 0.9035714285714286 0.13466334164588528 0.11785714285714285
0 0.3622194513715711 0.909375 0.09102244389027432 0.10089285714285715
0 0.5766832917705735 0.9147321428571429 0.3329177057356609 0.11160714285714286
0 0.5031172069825436 0.18303571428571427 0.36783042394014964 0.1357142857142857
0 0.38216957605985036 0.3357142857142857 0.185785536159601 0.15178571428571427
0 0.7855361596009975 0.33035714285714285 0.14962593516209477 0.09642857142857143
0 0.7312967581047382 0.44955357142857144 0.3254364089775561 0.13125
0 0.8559850374064838 0.5977678571428572 0.1882793017456359 0.11696428571428572
0 0.6302992518703242 0.5941964285714286 0.300498753117207 0.16160714285714287
0 0.39962593516209477 0.55625 0.1708229426433915 0.09285714285714286
0 0.8366583541147132 0.8941964285714286 0.19201995012468828 0.16160714285714287
0 0.8048628428927681 0.09375 0.25561097256857856 0.16071428571428573
0 0.7562344139650873 0.18392857142857144 0.1708229426433915 0.13035714285714287
0 0.3640897755610973 0.43973214285714285 0.4089775561097257 0.12946428571428573
0 0.3117206982543641 0.590625 0.3266832917705736 0.16875
0 0.3827930174563591 0.028125 0.09975062344139651 0.038392857142857145
0 0.36097256857855364 0.08035714285714286 0.10349127182044887 0.060714285714285714
0 0.6028678304239401 0.033482142857142856 0.06359102244389027 0.04017857142857143
0 0.6041147132169576 0.08125 0.08354114713216958 0.048214285714285716
0 0.5168329177057357 0.07633928571428572 0.08354114713216958 0.05089285714285714
0 0.53428927680798 0.02857142857142857 0.07356608478802992 0.033928571428571426
0 0.8721945137157108 0.11785714285714285 0.028678304239401497 0.0375
0 0.8871571072319202 0.1549107142857143 0.07356608478802992 0.024107142857142858
0 0.8335411471321695 0.12232142857142857 0.07605985037406483 0.05714285714285714
0 0.8229426433915212 0.09017857142857143 0.06982543640897755 0.026785714285714284
0 0.7019950124688279 0.07366071428571429 0.04239401496259352 0.03125
0 0.7437655860349127 0.061160714285714284 0.11596009975062344 0.04375
0 0.7381546134663342 0.08705357142857142 0.09975062344139651 0.022321428571428572
0 0.12780548628428928 0.17410714285714285 0.07356608478802992 0.06428571428571428
0 0.20074812967581046 0.14776785714285715 0.11471321695760599 0.027678571428571427
0 0.178927680798005 0.178125 0.12094763092269327 0.025892857142857145
0 0.27556109725685785 0.175 0.06733167082294264 0.10357142857142858
0 0.6172069825436409 0.18214285714285713 0.13216957605985039 0.03214285714285714
0 0.4993765586034913 0.21294642857142856 0.12094763092269327 0.05267857142857143
0 0.5224438902743143 0.14241071428571428 0.10972568578553615 0.05803571428571429
0 0.4014962593516209 0.18125 0.1546134663341646 0.07857142857142857
0 0.3809226932668329 0.16964285714285715 0.1084788029925187 0.06785714285714285
0 0.8572319201995012 0.20223214285714286 0.04114713216957606 0.07767857142857143
0 0.8291770573566085 0.19642857142857142 0.03740648379052369 0.06607142857142857
0 0.7743142144638404 0.1705357142857143 0.08229426433915212 0.019642857142857142
0 0.7007481296758105 0.22410714285714287 0.0798004987531172 0.039285714285714285
0 0.7687032418952618 0.17366071428571428 0.05610972568578554 0.13303571428571428
0 0.7605985037406484 0.14151785714285714 0.1396508728179551 0.03660714285714286
0 0.7144638403990025 0.20714285714285716 0.0399002493765586 0.019642857142857142
0 0.7144638403990025 0.1875 0.05236907730673317 0.014285714285714285
0 0.7013715710723192 0.15223214285714284 0.043640897755610975 0.01875
0 0.7100997506234414 0.17098214285714286 0.046134663341645885 0.01875
0 0.9039900249376559 0.1982142857142857 0.057356608478802994 0.0375
0 0.9214463840399002 0.22767857142857142 0.04488778054862843 0.02142857142857143
0 0.13778054862842892 0.3535714285714286 0.0685785536159601 0.08571428571428572
0 0.14900249376558602 0.29464285714285715 0.02369077306733167 0.04642857142857143
0 0.09600997506234414 0.2982142857142857 0.06733167082294264 0.05892857142857143
0 0.07668329177057356 0.35267857142857145 0.043640897755610975 0.075
0 0.10910224438902744 0.3549107142857143 0.03366583541147132 0.016964285714285713
0 0.11221945137157108 0.3366071428571429 0.03740648379052369 0.017857142857142856
0 0.11596009975062344 0.32276785714285716 0.03740648379052369 0.013392857142857142
0 0.10037406483790523 0.29910714285714285 0.09102244389027432 0.017857142857142856
0 0.12219451371571072 0.3098214285714286 0.04488778054862843 0.017857142857142856
0 0.192643391521197 0.33125 0.06359102244389027 0.09821428571428571
0 0.24064837905236908 0.2941964285714286 0.12219451371571072 0.024107142857142858
0 0.4332917705735661 0.3366071428571429 0.06359102244389027 0.1375
0 0.4619700748129676 0.3308035714285714 0.0885286783042394 0.024107142857142858
0 0.35286783042394015 0.3200892857142857 0.1172069825436409 0.045535714285714284
0 0.36783042394014964 0.29464285714285715 0.11471321695760599 0.0375
0 0.3559850374064838 0.3848214285714286 0.11346633416458853 0.04107142857142857
0 0.35972568578553615 0.35625 0.11346633416458853 0.026785714285714284
0 0.5043640897755611 0.36964285714285716 0.08603491271820449 0.055357142857142855
0 0.5199501246882793 0.29732142857142857 0.08728179551122195 0.05357142857142857
0 0.6315461346633416 0.29330357142857144 0.09102244389027432 0.05267857142857143
0 0.6109725685785536 0.35982142857142857 0.08977556109725686 0.0625
0 0.7849127182044888 0.32589285714285715 0.128428927680798 0.06785714285714285
0 0.5336658354114713 0.4625 0.06982543640897755 0.0625
0 0.4177057356608479 0.43794642857142857 0.14463840399002495 0.029464285714285714
0 0.39089775561097256 0.45848214285714284 0.17331670822942644 0.025892857142857145
0 0.27680798004987534 0.41517857142857145 0.06982543640897755 0.09642857142857143
0 0.21633416458852867 0.4035714285714286 0.09102244389027432 0.05
0 0.8466334164588528 0.45 0.05236907730673317 0.11964285714285715
0 0.6290523690773068 0.44955357142857144 0.1084788029925187 0.03660714285714286
0 0.7319201995012469 0.45669642857142856 0.08977556109725686 0.06339285714285714
0 0.7437655860349127 0.43125 0.14588528678304238 0.07678571428571429
0 0.8061097256857855 0.4174107142857143 0.03865336658354115 0.015178571428571428
0 0.8104738154613467 0.4316964285714286 0.034912718204488775 0.011607142857142858
0 0.8104738154613467 0.44419642857142855 0.034912718204488775 0.013392857142857142
0 0.8104738154613467 0.4616071428571429 0.0399002493765586 0.01607142857142857
0 0.12468827930174564 0.6071428571428571 0.06234413965087282 0.08392857142857142
0 0.059850374064837904 0.5919642857142857 0.06234413965087282 0.08392857142857142
0 0.0773067331670823 0.525 0.05236907730673317 0.06428571428571428
0 0.11783042394014963 0.5357142857142857 0.03865336658354115 0.06607142857142857
0 0.09975062344139651 0.5334821428571429 0.03740648379052369 0.01875
0 0.09600997506234414 0.5455357142857142 0.03740648379052369 0.017857142857142856
0 0.0928927680798005 0.5566964285714285 0.043640897755610975 0.020535714285714286
0 0.09102244389027432 0.5741071428571428 0.034912718204488775 0.017857142857142856
0 0.09476309226932668 0.5910714285714286 0.0399002493765586 0.017857142857142856
0 0.4376558603491272 0.6334821428571429 0.05236907730673317 0.06875
0 0.3048628428927681 0.5995535714285715 0.15336658354114713 0.033035714285714286
0 0.26246882793017456 0.5700892857142857 0.046134663341645885 0.09017857142857143
0 0.19638403990024939 0.5607142857142857 0.06359102244389027 0.08928571428571429
0 0.26932668329177056 0.6209821428571428 0.23192019950124687 0.03125
0 0.4002493765586035 0.5732142857142857 0.08478802992518704 0.048214285714285716
0 0.4002493765586035 0.5607142857142857 0.1596009975062344 0.04642857142857143
0 0.42144638403990026 0.5607142857142857 0.14713216957605985 0.05357142857142857
0 0.40399002493765584 0.5598214285714286 0.03740648379052369 0.05714285714285714
0 0.6957605985037406 0.5665178571428572 0.05236907730673317 0.09196428571428572
0 0.7524937655860349 0.5991071428571428 0.03865336658354115 0.06785714285714285
0 0.7094763092269327 0.6107142857142858 0.05486284289276808 0.023214285714285715
0 0.7175810473815462 0.5928571428571429 0.048628428927680795 0.02142857142857143
0 0.722568578553616 0.5790178571428571 0.043640897755610975 0.01875
0 0.7275561097256857 0.5674107142857143 0.048628428927680795 0.01875
0 0.5879052369077307 0.6035714285714285 0.09351620947630923 0.023214285714285715
0 0.6864089775561097 0.6397321428571429 0.05610972568578554 0.029464285714285714
0 0.6583541147132169 0.634375 0.059850374064837904 0.029464285714285714
0 0.6402743142144638 0.6241071428571429 0.07107231920199501 0.033928571428571426
0 0.5180798004987531 0.6361607142857143 0.05361596009975062 0.05803571428571429
0 0.9276807980049875 0.5866071428571429 0.0399002493765586 0.07142857142857142
0 0.837281795511222 0.6227678571428571 0.13092269326683292 0.01875
0 0.8391521197007481 0.603125 0.12468827930174564 0.020535714285714286
0 0.8497506234413965 0.584375 0.11845386533665836 0.020535714285714286
0 0.8665835411471322 0.5553571428571429 0.08478802992518704 0.030357142857142857
0 0.8403990024937655 0.5924107142857142 0.03740648379052369 0.10089285714285715
0 0.8154613466334164 0.5776785714285714 0.02493765586034913 0.044642857142857144
0 0.2281795511221945 0.7334821428571429 0.08478802992518704 0.03482142857142857
0 0.192643391521197 0.7455357142857143 0.05361596009975062 0.11785714285714285
0 0.15211970074812967 0.759375 0.04738154613466334 0.020535714285714286
0 0.15149625935162095 0.7428571428571429 0.05112219451371571 0.017857142857142856
0 0.1440149625935162 0.7285714285714285 0.048628428927680795 0.02142857142857143
0 0.1440149625935162 0.7116071428571429 0.048628428927680795 0.025
0 0.15399002493765587 0.6959821428571429 0.05361596009975062 0.027678571428571427
0 0.5124688279301746 0.7736607142857143 0.059850374064837904 0.07767857142857143
0 0.564214463840399 0.790625 0.11845386533665836 0.059821428571428574
0 0.6496259351620948 0.75625 0.06733167082294264 0.12142857142857143
0 0.5604738154613467 0.7366071428571429 0.13341645885286782 0.04107142857142857
0 0.5879052369077307 0.7517857142857143 0.09351620947630923 0.02142857142857143
0 0.577930174563591 0.7709821428571428 0.0885286783042394 0.022321428571428572
0 0.6034912718204489 0.7620535714285714 0.029925187032418952 0.05089285714285714
0 0.5829177057356608 0.7625 0.026184538653366583 0.05892857142857143
0 0.4376558603491272 0.7330357142857142 0.11471321695760599 0.039285714285714285
0 0.422069825436409 0.7616071428571428 0.10099750623441396 0.03214285714285714
0 0.3859102244389027 0.75625 0.07107231920199501 0.12142857142857143
0 0.34351620947630923 0.7008928571428571 0.05112219451371571 0.019642857142857142
0 0.33541147132169574 0.7125 0.057356608478802994 0.023214285714285715
0 0.32917705735660846 0.7267857142857143 0.06234413965087282 0.023214285714285715
0 0.327930174563591 0.7397321428571428 0.059850374064837904 0.024107142857142858
0 0.3229426433915212 0.7553571428571428 0.06483790523690773 0.023214285714285715
0 0.3229426433915212 0.7714285714285715 0.06483790523690773 0.023214285714285715
0 0.3192019950124688 0.7821428571428571 0.0773067331670823 0.02142857142857143
0 0.6938902743142145 0.7665178571428571 0.03865336658354115 0.07946428571428571
0 0.9064837905236908 0.7517857142857143 0.02493765586034913 0.09107142857142857
0 0.8403990024937655 0.784375 0.11221945137157108 0.07053571428571428
0 0.8360349127182045 0.71875 0.11596009975062344 0.0625
0 0.7948877805486284 0.7553571428571428 0.026184538653366583 0.08392857142857142
0 0.7406483790523691 0.7709821428571428 0.0798004987531172 0.01875
0 0.7425187032418953 0.7410714285714286 0.08104738154613467 0.025
0 0.2574812967581047 0.9026785714285714 0.048628428927680795 0.09464285714285714
0 0.20635910224438903 0.8816964285714286 0.05610972568578554 0.029464285714285714
0 0.20885286783042395 0.8955357142857143 0.05112219451371571 0.019642857142857142
0 0.2144638403990025 0.9040178571428571 0.04488778054862843 0.016964285714285713
0 0.21820448877805487 0.9116071428571428 0.04488778054862843 0.017857142857142856
0 0.22194513715710723 0.9200892857142857 0.04239401496259352 0.01875
0 0.34476309226932667 0.9053571428571429 0.046134663341645885 0.08214285714285714
0 0.3958852867830424 0.8901785714285714 0.03366583541147132 0.030357142857142857
0 0.39089775561097256 0.921875 0.028678304239401497 0.04375
0 0.7175810473815462 0.9058035714285714 0.048628428927680795 0.09017857142857143
0 0.6321695760598504 0.9375 0.09226932668329177 0.04285714285714286
0 0.6234413965087282 0.8919642857142858 0.1371571072319202 0.033928571428571426
0 0.442643391521197 0.915625 0.05236907730673317 0.06696428571428571
0 0.4918952618453865 0.8977678571428571 0.1259351620947631 0.03125
0 0.4975062344139651 0.9214285714285714 0.08977556109725686 0.019642857142857142
0 0.5810473815461347 0.9330357142857143 0.07481296758104738 0.06428571428571428
0 0.8160847880299252 0.890625 0.048628428927680795 0.10446428571428572
0 0.7768079800498753 0.9183035714285714 0.04738154613466334 0.01875
0 0.7805486284289277 0.8995535714285714 0.0399002493765586 0.015178571428571428
0 0.7743142144638404 0.8790178571428572 0.032418952618453865 0.01875
0 0.7755610972568578 0.8611607142857143 0.03740648379052369 0.016964285714285713
0 0.8871571072319202 0.8700892857142857 0.06359102244389027 0.033035714285714286
0 0.8697007481296758 0.8941964285714286 0.026184538653366583 0.033035714285714286
