0 0.5926118626430801 0.06368754398311048 0.34443288241415193 0.1301900070372977
0 0.1732570239334027 0.22660098522167488 0.17793964620187305 0.1534130893736805
0 0.6290322580645161 0.3705137227304715 0.35691987513007284 0.13441238564391272
0 0.2351716961498439 0.37473610133708657 0.3850156087408949 0.1498944405348346
0 0.0764828303850156 0.5246305418719212 0.1571279916753382 0.12596762843068263
0 0.40634755463059313 0.6463757916959887 0.6857440166493236 0.15833919774806474
0 0.42819979188345475 0.22378606615059818 0.3007284079084287 0.14496833216045038
0 0.7112382934443289 0.23082336382828994 0.2299687825182102 0.14496833216045038
0 0.36056191467221643 0.49261083743842365 0.3381893860561915 0.12104152005629838
0 0.7523413111342352 0.5031667839549613 0.3059313215400624 0.12104152005629838
0 0.08636836628511967 0.7719915552427867 0.13735691987513007 0.09289232934553132
0 0.5239334027055151 0.7860661505981703 0.5941727367325702 0.13793103448275862
0 0.22892819979188345 0.928219563687544 0.31633714880332986 0.13652357494722026
0 0.4713839750260146 0.9275158339197748 0.15816857440166493 0.13793103448275862
0 0.6664932362122789 0.926460239268121 0.2778355879292404 0.14004222378606615
0 0.1919875130072841 0.08304011259676285 0.13007284079084286 0.09148486980999296
0 0.8272632674297606 0.14285714285714285 0.11030176899063475 0.09992962702322308
