0 0.1 0.12252346193952034 0.1453416149068323 0.15745568300312826
0 0.1186335403726708 0.5563086548488009 0.17515527950310558 0.14911366006256518
0 0.35031055900621116 0.5615224191866528 0.2732919254658385 0.14077163712200208
0 0.15403726708074533 0.8472367049009385 0.22608695652173913 0.1261730969760167
0 0.3521739130434783 0.8493222106360793 0.13788819875776398 0.11366006256517205
0 0.49875776397515525 0.8529718456725756 0.1701863354037267 0.12095933263816476
0 0.337888198757764 0.13607924921793535 0.3105590062111801 0.1845672575599583
0 0.7726708074534161 0.7200208550573514 0.3453416149068323 0.15119916579770595
0 0.4031055900621118 0.7179353493222106 0.3987577639751553 0.14285714285714285
0 0.6627329192546584 0.5677789363920751 0.2819875776397516 0.1470281543274244
0 0.12546583850931678 0.7111574556830031 0.2062111801242236 0.1397288842544317
0 0.8987577639751553 0.559436913451512 0.20248447204968945 0.16371220020855057
0 0.9049689440993789 0.39520333680917624 0.1826086956521739 0.145985401459854
0 0.9 0.26329509906152243 0.18509316770186335 0.11991657977059438
0 0.5720496894409938 0.12773722627737227 0.21987577639751552 0.15745568300312826
0 0.7478260869565218 0.13503649635036497 0.14409937888198757 0.1470281543274244
0 0.7043478260869566 0.837851929092805 0.2608695652173913 0.15328467153284672
0 0.9062111801242236 0.8576642335766423 0.16024844720496895 0.13451511991657977
0 0.9012422360248448 0.1319082377476538 0.16273291925465838 0.1553701772679875
0 0.1639751552795031 0.30500521376433787 0.30807453416149067 0.16579770594369134
0 0.6254658385093168 0.27632950990615224 0.24472049689440994 0.13555787278415016
0 0.7590062111801242 0.2857142857142857 0.07950310559006211 0.12095933263816476
0 0.40372670807453415 0.28936392075078204 0.19130434782608696 0.13451511991657977
0 0.6503105590062112 0.4056308654848801 0.31925465838509315 0.14389989572471323
