0 0.08930987821380243 0.5312883435582823 0.09201623815967523 0.1374233128834356
0 0.08457374830852503 0.6815950920245398 0.10690121786197564 0.12883435582822086
0 0.22259810554803788 0.37852760736196317 0.33964817320703655 0.1558282208588957
0 0.557510148849797 0.3754601226993865 0.34370771312584575 0.1521472392638037
0 0.8443843031123139 0.37484662576687117 0.2489851150202977 0.14846625766871166
0 0.4736129905277402 0.21717791411042944 0.2679296346414073 0.14478527607361963
0 0.7861975642760487 0.2245398773006135 0.3193504736129905 0.147239263803681
0 0.2510148849797023 0.21717791411042944 0.15020297699594046 0.1619631901840491
0 0.489851150202977 0.06993865030674846 0.2733423545331529 0.12024539877300613
0 0.13870094722598106 0.09079754601226994 0.16914749661705006 0.1276073619631902
0 0.6792963464140731 0.08834355828220859 0.10825439783491204 0.11288343558282209
0 0.7855209742895806 0.1049079754601227 0.10960757780784844 0.1067484662576687
0 0.9140730717185386 0.11104294478527607 0.15290933694181327 0.1067484662576687
0 0.2889039242219215 0.5398773006134969 0.29093369418132614 0.1570552147239264
0 0.5399188092016238 0.5226993865030675 0.21921515561569688 0.11533742331288344
0 0.6928281461434371 0.5607361963190184 0.11366711772665765 0.13987730061349693
0 0.2510148849797023 0.6950920245398773 0.26116373477672533 0.16319018404907976
0 0.638700947225981 0.7073619631901841 0.46008119079837617 0.16319018404907976
0 0.14614343707713126 0.8153374233128834 0.2571041948579161 0.1361963190184049
0 0.45263870094722597 0.8368098159509203 0.28010825439783493 0.11042944785276074
0 0.6968876860622463 0.8245398773006135 0.17861975642760486 0.1325153374233129
0 0.8707713125845737 0.7920245398773006 0.15832205683355885 0.15337423312883436
0 0.8667117726657646 0.550920245398773 0.2395128552097429 0.1521472392638037
0 0.10757780784844384 0.2331288343558282 0.16373477672530445 0.15950920245398773
0 0.05953991880920163 0.8975460122699387 0.08930987821380243 0.08957055214723926
0 0.2848443843031123 0.9263803680981595 0.3342354533152909 0.11533742331288344
0 0.7929634641407307 0.9282208588957055 0.18403247631935046 0.1067484662576687
0 0.9262516914749662 0.9104294478527607 0.09607577807848444 0.11288343558282209
0 0.5419485791610285 0.9245398773006135 0.16644113667117727 0.06748466257668712
0 0.5602165087956699 0.938036809815951 0.2895805142083897 0.10920245398773006
