0 0.1089588377723971 0.0764828303850156 0.09927360774818401 0.09885535900104059
0 0.1579903147699758 0.22008324661810613 0.19249394673123488 0.1113423517169615
0 0.1162227602905569 0.34963579604578565 0.15738498789346247 0.11446409989594172
0 0.7730024213075061 0.08688865764828303 0.17796610169491525 0.12174817898022892
0 0.8619854721549637 0.3428720083246618 0.1694915254237288 0.11550468262226847
0 0.06537530266343826 0.8163371488033299 0.1089588377723971 0.14672216441207075
0 0.27663438256658596 0.5104058272632674 0.2772397094430993 0.1550468262226847
0 0.2984261501210654 0.8033298647242456 0.2845036319612591 0.16441207075962538
0 0.5786924939467313 0.7924037460978148 0.27602905569007263 0.1696149843912591
0 0.07808716707021791 0.49791883454734653 0.09079903147699758 0.10509885535900104
0 0.534503631961259 0.5005202913631633 0.24334140435835352 0.16024973985431842
0 0.5605326876513317 0.21123829344432882 0.2784503631961259 0.16857440166493237
0 0.774818401937046 0.48439125910509884 0.2469733656174334 0.1550468262226847
0 0.8329297820823245 0.21592091571279917 0.2687651331719128 0.1425598335067638
0 0.948547215496368 0.47710718002081165 0.10048426150121065 0.10718002081165452
0 0.8335351089588378 0.6238293444328824 0.24334140435835352 0.16545265348595214
