0 0.11312849162011174 0.7496147919876733 0.14432029795158285 0.12788906009244994
0 0.24860335195530725 0.736517719568567 0.1266294227188082 0.12942989214175654
0 0.5721601489757915 0.7153312788906009 0.3789571694599628 0.12403697996918336
0 0.11685288640595903 0.8505392912172574 0.164804469273743 0.10477657935285054
0 0.319366852886406 0.8393682588597843 0.24767225325884543 0.10708782742681047
0 0.5330540037243948 0.8185670261941448 0.11266294227188083 0.09322033898305085
0 0.8337988826815642 0.800462249614792 0.14432029795158285 0.1263482280431433
0 0.1419925512104283 0.9391371340523883 0.18528864059590316 0.08628659476117104
0 0.14106145251396648 0.6201848998459168 0.1871508379888268 0.11710323574730354
0 0.3319366852886406 0.6436825885978429 0.1685288640595903 0.09476117103235747
0 0.09543761638733705 0.5019260400616333 0.14618249534450653 0.12249614791987673
0 0.09171322160148976 0.3667180277349769 0.13128491620111732 0.1448382126348228
0 0.5591247672253259 0.14175654853620956 0.22253258845437615 0.11556240369799692
0 0.7257914338919925 0.2315100154083205 0.12756052141527002 0.11171032357473036
0 0.36405959031657353 0.15138674884437597 0.12849162011173185 0.10400616332819723
0 0.5581936685288641 0.24345146379044685 0.20018621973929238 0.09861325115562404
0 0.3463687150837989 0.9256548536209553 0.19366852886405958 0.12403697996918336
0 0.5144320297951583 0.9117873651771957 0.14990689013035383 0.12095531587057011
0 0.6485102420856611 0.912557781201849 0.12756052141527002 0.11171032357473036
0 0.7788640595903166 0.9056240369799692 0.14618249534450653 0.09167950693374423
0 0.8985102420856611 0.8971494607087828 0.1191806331471136 0.10554699537750385
0 0.8733705772811918 0.5909090909090909 0.19366852886405958 0.14175654853620956
0 0.8528864059590316 0.45801232665639446 0.14338919925512103 0.137904468412943
0 0.8310055865921788 0.3359013867488444 0.23370577281191807 0.14791987673343607
0 0.31424581005586594 0.4946070878274268 0.2914338919925512 0.13097072419106318
0 0.5567970204841713 0.48651771956856704 0.2309124767225326 0.13636363636363635
0 0.7248603351955307 0.4815100154083205 0.11266294227188083 0.14021571648690292
