0 0.2761276127612761 0.11627906976744186 0.3234323432343234 0.11906976744186047
0 0.5214521452145214 0.12186046511627907 0.16721672167216722 0.10418604651162791
0 0.1793179317931793 0.24790697674418605 0.17601760176017603 0.1144186046511628
0 0.38008800880088006 0.25069767441860463 0.16831683168316833 0.12558139534883722
0 0.7040704070407041 0.24186046511627907 0.42244224422442245 0.11534883720930232
0 0.17381738173817382 0.35674418604651165 0.1694169416941694 0.10697674418604651
0 0.1496149614961496 0.4502325581395349 0.1408140814081408 0.09488372093023256
0 0.588008800880088 0.9079069767441861 0.1859185918591859 0.09674418604651162
0 0.4284928492849285 0.3632558139534884 0.2607260726072607 0.11069767441860465
0 0.6985698569856986 0.3627906976744186 0.2838283828382838 0.11534883720930232
0 0.9207920792079208 0.3530232558139535 0.11661166116611661 0.11069767441860465
0 0.9092409240924092 0.4655813953488372 0.11331133113311331 0.12930232558139534
0 0.6452145214521452 0.4827906976744186 0.33993399339933994 0.11534883720930232
0 0.36633663366336633 0.49023255813953487 0.2222222222222222 0.11906976744186047
0 0.817931793179318 0.8976744186046511 0.26512651265126513 0.1172093023255814
0 0.41914191419141916 0.9186046511627907 0.1408140814081408 0.09953488372093024
0 0.20297029702970298 0.9023255813953488 0.2915291529152915 0.12279069767441861
0 0.654015401540154 0.9693023255813954 0.29592959295929594 0.061395348837209304
