0 0.10934489402697495 0.11095406360424029 0.174373795761079 0.09469964664310954
0 0.1035645472061657 0.21802120141342757 0.1859344894026975 0.10530035335689046
0 0.09007707129094412 0.3360424028268551 0.1724470134874759 0.10954063604240283
0 0.08959537572254335 0.43957597173144874 0.18497109826589594 0.11307420494699646
0 0.09489402697495183 0.5438162544169611 0.1955684007707129 0.103886925795053
0 0.4624277456647399 0.30247349823321557 0.279383429672447 0.13427561837455831
0 0.7736030828516378 0.1137809187279152 0.15414258188824662 0.12014134275618374
0 0.43545279383429675 0.11095406360424029 0.3236994219653179 0.11448763250883393
0 0.10115606936416185 0.6346289752650177 0.20809248554913296 0.0989399293286219
0 0.11753371868978806 0.7399293286219081 0.2119460500963391 0.111660777385159
0 0.14113680154142583 0.8568904593639576 0.22254335260115607 0.1265017667844523
0 0.4099229287090559 0.8494699646643109 0.18208092485549132 0.10459363957597173
0 0.5351637764932563 0.7328621908127209 0.37475915221579964 0.12862190812720847
0 0.8795761078998073 0.7049469964664311 0.2138728323699422 0.11236749116607773
0 0.464354527938343 0.6187279151943463 0.2543352601156069 0.10954063604240283
0 0.4508670520231214 0.5159010600706714 0.26011560693641617 0.096113074204947
0 0.3733140655105973 0.4268551236749117 0.16666666666666666 0.0862190812720848
0 0.7817919075144508 0.41978798586572436 0.21676300578034682 0.10600706713780919
0 0.8492292870905588 0.5162544169611307 0.28034682080924855 0.09257950530035336
0 0.7090558766859345 0.6113074204946997 0.23892100192678228 0.10459363957597173
0 0.9157032755298651 0.6053003533568905 0.10115606936416185 0.08268551236749117
