0 0.2074688796680498 0.517459826946848 0.09266943291839558 0.047280593325092705
0 0.10580912863070539 0.5245673671199012 0.0954356846473029 0.04542645241038319
0 0.19640387275242047 0.6010506798516687 0.08575380359612725 0.04573547589616811
0 0.09301521438450899 0.6093943139678616 0.07814661134163209 0.048207663782447466
0 0.20193637621023514 0.6923671199011124 0.0995850622406639 0.04604449938195303
0 0.09232365145228216 0.6940667490729295 0.0975103734439834 0.03646477132262052
0 0.07745504840940526 0.7853831891223733 0.06639004149377593 0.04171817058096415
0 0.3921161825726141 0.8541409147095179 0.08575380359612725 0.03893695920889988
0 0.09197786998616875 0.350123609394314 0.0912863070539419 0.04511742892459827
0 0.2645228215767635 0.3389987639060569 0.12240663900414937 0.030902348578491966
0 0.19294605809128632 0.3039245982694685 0.08298755186721991 0.04604449938195303
0 0.30809128630705396 0.2931087762669963 0.09197786998616875 0.028739184177997527
0 0.10477178423236515 0.257725587144623 0.13070539419087138 0.04758961681087762
0 0.4806362378976487 0.24938195302843016 0.10235131396957123 0.046353522867737945
0 0.36894882434301524 0.252008652657602 0.11134163208852006 0.048516687268232384
0 0.24031811894882435 0.25401730531520395 0.13070539419087138 0.04697156983930779
0 0.73582295988935 0.2796662546353523 0.11341632088520055 0.05562422744128554
0 0.8813969571230982 0.276885043263288 0.14730290456431536 0.051297898640296664
0 0.12932226832641772 0.4738875154511743 0.15352697095435686 0.049134734239802226
0 0.11237897648686031 0.42985166872682323 0.1376210235131397 0.04573547589616811
0 0.279045643153527 0.46677997527812115 0.13070539419087138 0.044190358467243514
0 0.31016597510373445 0.5931705809641533 0.12102351313969571 0.04357231149567367
0 0.46922544951590595 0.5033992583436341 0.08367911479944674 0.048207663782447466
0 0.41251728907330565 0.5910074165636588 0.08367911479944674 0.04975278121137206
0 0.12033195020746888 0.5653584672435105 0.1272475795297372 0.04233621755253399
0 0.07295988934993085 0.6521940667490729 0.04910096818810512 0.03491965389369592
0 0.2641770401106501 0.642150803461063 0.1272475795297372 0.04326328800988875
0 0.32987551867219916 0.6829419035846724 0.12586445366528354 0.048207663782447466
0 0.4339557399723375 0.6789245982694685 0.07676348547717843 0.04758961681087762
0 0.5567081604426003 0.5788009888751545 0.09820193637621023 0.04697156983930779
0 0.6549100968188105 0.5792645241038319 0.09405255878284924 0.04480840543881335
0 0.5625864453665284 0.669035846724351 0.08782849239280774 0.04326328800988875
0 0.49930843706777317 0.627008652657602 0.08022130013831259 0.042027194066749075
0 0.5155601659751037 0.7169344870210136 0.0739972337482711 0.04697156983930779
0 0.6441908713692946 0.7104449938195303 0.11964038727524205 0.042027194066749075
0 0.3530428769017981 0.5095797280593325 0.1334716459197787 0.04697156983930779
0 0.6203319502074689 0.44932014833127315 0.1078838174273859 0.04140914709517923
0 0.7586445366528354 0.44638442521631644 0.0954356846473029 0.04480840543881335
0 0.343015214384509 0.030593325092707045 0.12448132780082988 0.04758961681087762
0 0.39799446749654216 0.07447466007416563 0.08229598893499308 0.030284301606922127
0 0.11168741355463348 0.07818294190358467 0.156984785615491 0.0407911001236094
0 0.10027662517289074 0.1203646477132262 0.15767634854771784 0.044190358467243514
0 0.10338865836791147 0.21569839307787392 0.13900414937759337 0.04326328800988875
0 0.38865836791147995 0.20905438813349814 0.08022130013831259 0.03986402966625464
0 0.5947441217150761 0.19823856613102595 0.20608575380359612 0.049134734239802226
0 0.4287690179806362 0.4607540173053152 0.15767634854771784 0.04140914709517923
0 0.4221991701244813 0.7666872682323856 0.09059474412171507 0.04882571075401731
0 0.3039419087136929 0.7686959208899876 0.14868603042876902 0.052224969097651425
0 0.07883817427385892 0.8272558714462299 0.0954356846473029 0.050061804697156986
0 0.15560165975103735 0.6460135970333746 0.08437067773167359 0.044190358467243514
0 0.29737206085753803 0.07524721878862793 0.1037344398340249 0.049134734239802226
0 0.5477178423236515 0.0738566131025958 0.15629322268326418 0.03893695920889988
0 0.8651452282157677 0.0645859085290482 0.1715076071922545 0.037082818294190356
0 0.4982710926694329 0.032911001236093945 0.17496542185338865 0.048516687268232384
0 0.7230290456431535 0.14585908529048208 0.10995850622406639 0.04388133498145859
0 0.2143845089903181 0.07679233621755253 0.05255878284923928 0.03986402966625464
0 0.9349930843706777 0.022867737948084055 0.04426002766251729 0.040173053152039555
0 0.2959889349930844 0.2092088998763906 0.1037344398340249 0.04326328800988875
0 0.2071230982019364 0.21322620519159455 0.06846473029045644 0.03522867737948084
0 0.5712309820193637 0.1515760197775031 0.17289073305670816 0.04975278121137206
0 0.41839557399723376 0.15559332509270704 0.07468879668049792 0.038009888751545116
0 0.2887275242047026 0.15899258343634115 0.18741355463347165 0.05098887515451174
0 0.6199861687413555 0.10970333745364648 0.08782849239280774 0.04326328800988875
0 0.7126556016597511 0.10444993819530285 0.04495159059474412 0.0407911001236094
0 0.8979944674965422 0.10043263288009889 0.09059474412171507 0.03522867737948084
0 0.7289073305670816 0.23377626699629173 0.0954356846473029 0.03986402966625464
0 0.7959889349930843 0.230840543881335 0.05394190871369295 0.0377008652657602
0 0.9353388658367912 0.22404202719406674 0.09059474412171507 0.04449938195302843
0 0.49135546334716457 0.10707663782447466 0.09889349930843706 0.04171817058096415
0 0.09405255878284924 0.38967861557478367 0.11479944674965421 0.04264524103831891
0 0.21023513139695713 0.38581582200247216 0.11341632088520055 0.03986402966625464
0 0.3682572614107884 0.3814894932014833 0.1251728907330567 0.04295426452410383
0 0.5587828492392808 0.3705191594561187 0.12309820193637622 0.03955500618046971
0 0.9173582295988935 0.35661310259579726 0.056016597510373446 0.04140914709517923
0 0.22372060857538037 0.42861557478368356 0.042185338865836794 0.03584672435105068
0 0.21784232365145229 0.5605686032138443 0.04426002766251729 0.034610630407911
0 0.3008298755186722 0.5542336217552534 0.08713692946058091 0.03491965389369592
0 0.10650069156293222 0.16779975278121137 0.15767634854771784 0.0550061804697157
0 0.2527662517289073 0.11063040791100123 0.1542185338865837 0.04388133498145859
0 0.3644536652835408 0.11032138442521632 0.07330567081604426 0.04140914709517923
0 0.5874827109266944 0.24459208899876392 0.09474412171507607 0.04666254635352287
0 0.09059474412171507 0.30500618046971567 0.11618257261410789 0.046353522867737945
0 0.7264868603042877 0.32432014833127315 0.11410788381742738 0.04048207663782447
0 0.886237897648686 0.3187577255871446 0.16390041493775934 0.04480840543881335
0 0.3029045643153527 0.4266069221260816 0.08852005532503458 0.03986402966625464
0 0.40802213001383125 0.421353522867738 0.10235131396957123 0.038009888751545116
0 0.5605117565698479 0.41331891223733 0.15283540802213003 0.049134734239802226
0 0.8623789764868603 0.3969406674907293 0.18533886583679116 0.049134734239802226
0 0.8364453665283541 0.44252163164400493 0.05186721991701245 0.042027194066749075
0 0.9315352697095436 0.4357231149567367 0.1078838174273859 0.04573547589616811
0 0.5411479944674965 0.5012360939431397 0.056016597510373446 0.04573547589616811
0 0.6085753803596127 0.4976823238566131 0.08713692946058091 0.05284301606922126
0 0.7005532503457814 0.496291718170581 0.09266943291839558 0.050061804697156986
0 0.7928769017980636 0.4894932014833127 0.08921161825726141 0.046353522867737945
0 0.8824343015214384 0.4822311495673671 0.08713692946058091 0.05098887515451174
0 0.48132780082987553 0.5838998763906057 0.05255878284923928 0.04233621755253399
0 0.10304287690179806 0.7368665018541409 0.13278008298755187 0.04480840543881335
0 0.19363762102351315 0.7360939431396786 0.048409405255878286 0.03955500618046971
0 0.274896265560166 0.7277503090234858 0.1016597510373444 0.037082818294190356
0 0.3993775933609959 0.7238875154511742 0.13070539419087138 0.038009888751545116
0 0.17289073305670816 0.8261742892459827 0.09820193637621023 0.05098887515451174
0 0.31466113416320884 0.8175216316440049 0.18533886583679116 0.05098887515451174
0 0.483402489626556 0.8054697156983931 0.16044260027662519 0.05098887515451174
0 0.6230982019363762 0.7948084054388134 0.1355463347164592 0.04140914709517923
0 0.4920470262793914 0.7606613102595797 0.04633471645919779 0.044190358467243514
0 0.5594744121715076 0.7575710754017305 0.09266943291839558 0.04666254635352287
0 0.6597510373443983 0.7503090234857849 0.11203319502074689 0.04758961681087762
0 0.6075380359612724 0.622991347342398 0.09612724757952974 0.04140914709517923
0 0.7427385892116183 0.6166563658838071 0.13831258644536654 0.05284301606922126
0 0.6926002766251729 0.6602286773794809 0.173582295988935 0.0534610630407911
0 0.7842323651452282 0.5667490729295427 0.1715076071922545 0.06118665018541409
0 0.8796680497925311 0.18556860321384425 0.22821576763485477 0.05964153275648949
0 0.9035269709543569 0.13797898640296663 0.10027662517289074 0.03986402966625464
0 0.48409405255878285 0.5466625463535228 0.051175656984785614 0.033992583436341164
0 0.8724066390041494 0.5213226205191595 0.12240663900414937 0.03893695920889988
0 0.4930843706777317 0.6708899876390606 0.040110650069156296 0.03893695920889988
0 0.43499308437067774 0.6263906056860321 0.03872752420470263 0.02904820766378245
0 0.36618257261410786 0.6361248454882571 0.08091286307053942 0.04295426452410383
