0 0.41154970760233917 0.5303413400758533 0.1476608187134503 0.15802781289506954
0 0.6103801169590644 0.5335018963337548 0.22076023391812866 0.179519595448799
0 0.20394736842105263 0.7496839443742098 0.3669590643274854 0.179519595448799
0 0.18421052631578946 0.10556257901390645 0.1783625730994152 0.18078381795195955
0 0.39035087719298245 0.08596713021491782 0.20175438596491227 0.16182048040455121
0 0.7419590643274854 0.09987357774968394 0.40497076023391815 0.17446270543615677
0 0.16666666666666666 0.5505689001264222 0.2631578947368421 0.22882427307206069
0 0.1739766081871345 0.3223767383059418 0.2953216374269006 0.22756005056890014
0 0.5051169590643275 0.2951959544879899 0.35526315789473684 0.23893805309734514
0 0.8333333333333334 0.30151706700379266 0.2543859649122807 0.26169405815423513
0 0.533625730994152 0.8855878634639697 0.22514619883040934 0.18584070796460178
0 0.722953216374269 0.8748419721871049 0.15350877192982457 0.16940581542351454
0 0.8808479532163743 0.8849557522123894 0.15350877192982457 0.1845764854614412
0 0.8033625730994152 0.5265486725663717 0.21783625730994152 0.18078381795195955
0 0.9502923976608187 0.527180783817952 0.08771929824561403 0.16182048040455121
0 0.8442982456140351 0.6972187104930467 0.27046783625730997 0.17572692793931732
0 0.533625730994152 0.7117572692793932 0.3508771929824561 0.179519595448799
