0 0.14492753623188406 0.1822633297062024 0.12422360248447205 0.17519042437431992
0 0.3447204968944099 0.18335146898803048 0.15942028985507245 0.15342763873775844
0 0.7727743271221532 0.36996735582154516 0.2474120082815735 0.176278563656148
0 0.19772256728778467 0.39499455930359084 0.2484472049689441 0.20239390642002175
0 0.12991718426501034 0.8966267682263329 0.13975155279503104 0.13275299238302501
0 0.38561076604554867 0.9015233949945594 0.2080745341614907 0.15342763873775844
0 0.7386128364389234 0.8797606093579978 0.3198757763975155 0.1294885745375408
0 0.15010351966873706 0.5810663764961915 0.16977225672877846 0.16757344940152338
0 0.4813664596273292 0.3710554951033732 0.2629399585921325 0.18498367791077258
0 0.8369565217391305 0.1735582154515778 0.17701863354037267 0.1969532100108814
0 0.5543478260869565 0.1648531011969532 0.1956521739130435 0.21653971708378672
0 0.3969979296066253 0.749727965179543 0.18115942028985507 0.12404787812840043
0 0.37888198757763975 0.5848748639825898 0.2712215320910973 0.14689880304678998
0 0.6118012422360248 0.5832426550598476 0.19254658385093168 0.13928182807399347
0 0.7836438923395446 0.5788900979325353 0.15734989648033126 0.1305767138193689
0 0.17546583850931677 0.7627856365614799 0.21842650103519667 0.13275299238302501
0 0.5936853002070394 0.7383025027203483 0.2122153209109731 0.15778019586507072
0 0.775879917184265 0.7149075081610446 0.13561076604554864 0.14145810663764963
0 0.932712215320911 0.5544069640914037 0.15113871635610765 0.16866158868335146
