0 0.6267015706806283 0.12465878070973613 0.13926701570680627 0.1364877161055505
0 0.8157068062827225 0.10873521383075523 0.2198952879581152 0.11191992720655142
0 0.1806282722513089 0.1710646041856233 0.16858638743455498 0.14012738853503184
0 0.30732984293193716 0.1583257506824386 0.08691099476439791 0.13466787989080983
0 0.1544502617801047 0.39262966333030025 0.09528795811518324 0.14467697907188354
0 0.193717277486911 0.9003639672429481 0.17801047120418848 0.15741583257506825
0 0.43036649214659684 0.9021838034576888 0.1905759162303665 0.1464968152866242
0 0.7664921465968586 0.8908098271155596 0.3078534031413613 0.14194722474977253
0 0.14293193717277486 0.7661510464058234 0.09738219895287958 0.10555050045495905
0 0.3 0.7606915377616015 0.16020942408376965 0.12556869881710647
0 0.5136125654450262 0.25204731574158323 0.2732984293193717 0.1091901728844404
0 0.15968586387434555 0.6496815286624203 0.16858638743455498 0.13102820746132848
0 0.33979057591623035 0.6442220200181984 0.20418848167539266 0.12374886260236578
0 0.5204188481675392 0.6333030027297544 0.1612565445026178 0.13284804367606914
0 0.6748691099476439 0.6305732484076433 0.16020942408376965 0.12374886260236578
0 0.2900523560209424 0.38262056414922657 0.16544502617801046 0.1483166515013649
0 0.4675392670157068 0.3821656050955414 0.20628272251308902 0.13830755232029118
0 0.6178010471204188 0.3830755232029117 0.1130890052356021 0.1364877161055505
0 0.6204188481675392 0.5272975432211101 0.21465968586387435 0.14467697907188354
0 0.7178010471204188 0.2484076433121019 0.13926701570680627 0.12556869881710647
0 0.2350785340314136 0.26160145586897177 0.2837696335078534 0.10646041856232939
0 0.4261780104712042 0.5163785259326661 0.18638743455497384 0.11373976342129208
0 0.20680628272251309 0.5063694267515924 0.2481675392670157 0.13739763421292084
0 0.19109947643979058 0.4899909008189263 0.10575916230366492 0.08826205641492266
0 0.86282722513089 0.6346678798908099 0.21780104712041884 0.10828025477707007
0 0.487434554973822 0.7479526842584168 0.23769633507853402 0.16196542311191992
0 0.4544502617801047 0.7202001819836215 0.1130890052356021 0.09918107370336669
0 0.7015706806282722 0.7511373976342129 0.1905759162303665 0.14467697907188354
0 0.8418848167539267 0.35987261146496813 0.31204188481675393 0.16833484986351227
0 0.7324607329842932 0.3535031847133758 0.10157068062827225 0.08462238398544131
0 0.8801047120418848 0.2183803457688808 0.17486910994764399 0.14194722474977253
0 0.8643979057591623 0.7625113739763422 0.16649214659685863 0.12556869881710647
