0 0.1765021459227468 0.12562562562562563 0.1791845493562232 0.14114114114114115
0 0.33476394849785407 0.11161161161161161 0.148068669527897 0.13113113113113112
0 0.1888412017167382 0.7322322322322322 0.26609442060085836 0.14914914914914915
0 0.41469957081545067 0.7187187187187187 0.13626609442060086 0.16216216216216217
0 0.5869098712446352 0.6686686686686687 0.2017167381974249 0.13813813813813813
0 0.4436695278969957 0.8693693693693694 0.19206008583690987 0.15315315315315314
0 0.7065450643776824 0.8263263263263263 0.3293991416309013 0.17117117117117117
0 0.9431330472103004 0.544044044044044 0.09227467811158799 0.14114114114114115
0 0.7880901287553648 0.6531531531531531 0.21781115879828325 0.16916916916916916
0 0.9125536480686696 0.17317317317317318 0.13197424892703863 0.12412412412412413
0 0.7741416309012875 0.2067067067067067 0.14914163090128754 0.16516516516516516
0 0.6668454935622318 0.1956956956956957 0.07618025751072961 0.16916916916916916
0 0.578862660944206 0.2097097097097097 0.10407725321888411 0.13513513513513514
0 0.7929184549356223 0.06606606606606606 0.148068669527897 0.10810810810810811
0 0.6507510729613734 0.07857857857857858 0.1405579399141631 0.13113113113113112
0 0.49409871244635195 0.0935935935935936 0.17703862660944206 0.13913913913913914
