0 0.16227064220183487 0.09633569739952719 0.20527522935779816 0.15011820330969267
0 0.12270642201834862 0.2919621749408983 0.16055045871559634 0.1702127659574468
0 0.4019495412844037 0.07328605200945626 0.2763761467889908 0.1276595744680851
0 0.44438073394495414 0.2559101654846336 0.38876146788990823 0.15011820330969267
0 0.11697247706422019 0.8664302600472813 0.20642201834862386 0.1276595744680851
0 0.12213302752293578 0.7074468085106383 0.1823394495412844 0.16430260047281323
0 0.694954128440367 0.7393617021276596 0.10321100917431193 0.14775413711583923
0 0.8176605504587156 0.7269503546099291 0.11697247706422019 0.14420803782505912
0 0.9363532110091743 0.7139479905437353 0.12729357798165136 0.1607565011820331
0 0.669151376146789 0.09160756501182032 0.29701834862385323 0.17139479905437352
0 0.5785550458715596 0.7328605200945626 0.1158256880733945 0.1607565011820331
0 0.31823394495412843 0.8859338061465721 0.2006880733944954 0.1430260047281324
0 0.4638761467889908 0.7393617021276596 0.09518348623853211 0.1690307328605201
0 0.3297018348623853 0.7340425531914894 0.1731651376146789 0.15839243498817968
0 0.49655963302752293 0.8794326241134752 0.1559633027522936 0.12293144208037825
