0 0.14541387024608501 0.14021421616358326 0.13870246085011187 0.1460564751703992
0 0.12248322147651007 0.7054527750730283 0.20022371364653244 0.13924050632911392
0 0.7477628635346756 0.3851022395326193 0.1174496644295302 0.11587147030185005
0 0.3775167785234899 0.40311587147030187 0.18008948545861297 0.124634858812074
0 0.1599552572706935 0.4094449853943525 0.21252796420581654 0.14313534566699124
0 0.12192393736017897 0.26338851022395326 0.15659955257270694 0.14897760467380722
0 0.36073825503355705 0.11684518013631938 0.22483221476510068 0.13047711781888996
0 0.6252796420581656 0.498539435248296 0.39373601789709173 0.15384615384615385
0 0.26789709172259507 0.5316455696202531 0.20246085011185683 0.13631937682570594
0 0.10626398210290827 0.5350535540408958 0.14093959731543623 0.12950340798442064
0 0.13087248322147652 0.8330087633885103 0.20134228187919462 0.12950340798442064
0 0.3864653243847875 0.8125608568646543 0.31655480984340045 0.12950340798442064
0 0.5503355704697986 0.12706913339824732 0.14093959731543623 0.15481986368062317
0 0.3825503355704698 0.2517039922103213 0.35570469798657717 0.14313534566699124
0 0.7281879194630873 0.11051606621226874 0.22371364653243847 0.13924050632911392
0 0.5850111856823266 0.6669912366114897 0.15436241610738255 0.1518987341772152
0 0.37416107382550334 0.6781888997078871 0.26733780760626397 0.12950340798442064
0 0.70917225950783 0.6626095423563778 0.1185682326621924 0.15676728334956183
0 0.8708053691275168 0.634858812074002 0.20693512304250558 0.19084712755598832
0 0.691834451901566 0.8047711781888998 0.2807606263982103 0.14118792599805258
0 0.9093959731543624 0.7994157740993184 0.16554809843400448 0.1518987341772152
0 0.9093959731543624 0.0798442064264849 0.13870246085011187 0.13242453748782862
0 0.6588366890380313 0.23076923076923078 0.19239373601789708 0.124634858812074
0 0.8322147651006712 0.2468354430379747 0.174496644295302 0.11587147030185005
0 0.12751677852348994 0.11002921129503408 0.053691275167785234 0.05258033106134372
0 0.18736017897091722 0.11976630963972736 0.06823266219239374 0.04673807205452775
0 0.11353467561521252 0.1596884128529698 0.052572706935123045 0.06426484907497566
0 0.16051454138702462 0.1611489776046738 0.0436241610738255 0.04965920155793573
0 0.44910514541387025 0.11733203505355404 0.06152125279642058 0.09444985394352483
0 0.412751677852349 0.10808179162609542 0.024608501118568233 0.12268743914313535
0 0.36129753914988816 0.07254138266796495 0.08277404921700224 0.024342745861733205
0 0.2980984340044743 0.14410905550146055 0.08389261744966443 0.035053554040895815
0 0.32158836689038034 0.07546251217137293 0.11073825503355705 0.05744888023369036
0 0.3495525727069351 0.10808179162609542 0.09955257270693513 0.035053554040895815
0 0.5749440715883669 0.09834469328140215 0.07829977628635347 0.07400194741966894
0 0.5251677852348994 0.06523855890944498 0.06375838926174497 0.06037000973709834
0 0.5195749440715883 0.09834469328140215 0.052572706935123045 0.0311587147030185
0 0.5039149888143176 0.10954235637779941 0.03691275167785235 0.028237585199610515
0 0.5536912751677853 0.17818889970788704 0.06040268456375839 0.0759493670886076
0 0.8076062639821029 0.14118792599805258 0.042505592841163314 0.0759493670886076
0 0.8165548098434005 0.06718597857838364 0.058165548098434 0.054527750730282376
0 0.7986577181208053 0.09785783836416748 0.0738255033557047 0.028237585199610515
0 0.7623042505592841 0.06085686465433301 0.06599552572706935 0.06523855890944498
0 0.7181208053691275 0.10418695228821812 0.049217002237136466 0.05063291139240506
0 0.680648769574944 0.10418695228821812 0.07718120805369127 0.0934761441090555
0 0.6577181208053692 0.10662122687439143 0.06935123042505593 0.07497565725413827
0 0.9144295302013423 0.12317429406037 0.11521252796420582 0.04186952288218111
0 0.9323266219239373 0.09055501460564752 0.08165548098434004 0.06815968841285297
0 0.906599552572707 0.03602726387536514 0.09507829977628636 0.03700097370983447
0 0.1599552572706935 0.21518987341772153 0.035794183445190156 0.0311587147030185
0 0.15548098434004473 0.27994157740993186 0.07158836689038031 0.11976630963972736
0 0.09955257270693513 0.29357351509250246 0.06487695749440715 0.06523855890944498
0 0.09340044742729306 0.250730282375852 0.03691275167785235 0.03992210321324245
0 0.15324384787472037 0.2862706913339825 0.09619686800894854 0.029211295034079845
0 0.1599552572706935 0.2682570593962999 0.1029082774049217 0.024342745861733205
0 0.1331096196868009 0.24342745861733203 0.03803131991051454 0.02531645569620253
0 0.1487695749440716 0.22882181110029212 0.035794183445190156 0.023369036027263874
0 0.4451901565995526 0.2112950340798442 0.16554809843400448 0.08958130477117819
0 0.31711409395973156 0.22200584225900682 0.03691275167785235 0.054527750730282376
0 0.28803131991051456 0.2370983446932814 0.0436241610738255 0.05744888023369036
0 0.39038031319910516 0.2638753651411879 0.2930648769574944 0.042843232716650435
0 0.2701342281879195 0.21908471275559882 0.03691275167785235 0.05647517039922103
0 0.23825503355704697 0.29795520934761444 0.05592841163310962 0.03894839337877313
0 0.5906040268456376 0.18792599805258034 0.035794183445190156 0.02531645569620253
0 0.6034675615212528 0.2682570593962999 0.07494407158836688 0.0379746835443038
0 0.7348993288590604 0.22297955209347614 0.05145413870246085 0.10516066212268745
0 0.6213646532438478 0.2074001947419669 0.02348993288590604 0.035053554040895815
0 0.6817673378076062 0.2409931840311587 0.052572706935123045 0.055501460564751706
0 0.7829977628635347 0.24294060370009737 0.03803131991051454 0.10418695228821812
0 0.8171140939597316 0.24440116845180138 0.03243847874720358 0.09542356377799416
0 0.8495525727069351 0.2721518987341772 0.06152125279642058 0.05939629990262902
0 0.8713646532438478 0.2711781888997079 0.05145413870246085 0.04771178188899708
0 0.9049217002237137 0.2818889970788705 0.06263982102908278 0.06718597857838364
0 0.8053691275167785 0.24050632911392406 0.0894854586129754 0.042843232716650435
0 0.9446308724832215 0.2560856864654333 0.07270693512304251 0.03894839337877313
0 0.9423937360178971 0.15822784810126583 0.06375838926174497 0.053554040895813046
0 0.9429530201342282 0.21859785783836416 0.02237136465324385 0.05939629990262902
0 0.9524608501118568 0.19912366114897762 0.03691275167785235 0.024342745861733205
0 0.9546979865771812 0.22395326192794549 0.02796420581655481 0.019474196689386564
0 0.10234899328859061 0.3885102239532619 0.04138702460850112 0.04673807205452775
0 0.12863534675615212 0.35832521908471276 0.03803131991051454 0.033106134371957155
0 0.17785234899328858 0.45569620253164556 0.087248322147651 0.033106134371957155
0 0.17337807606263983 0.43135345666991237 0.058165548098434 0.01557935735150925
0 0.1739373601789709 0.4070107108081792 0.06152125279642058 0.02531645569620253
0 0.18120805369127516 0.39094449853943525 0.06040268456375839 0.018500486854917234
0 0.18064876957494408 0.375365141187926 0.06599552572706935 0.02044790652385589
0 0.24049217002237136 0.4060370009737098 0.06487695749440715 0.11489776046738072
0 0.09899328859060402 0.4279454722492697 0.05704697986577181 0.03602726387536514
0 0.33221476510067116 0.4006815968841285 0.042505592841163314 0.04186952288218111
0 0.35906040268456374 0.3704965920155794 0.05592841163310962 0.03602726387536514
0 0.33109619686800895 0.4342745861733204 0.07158836689038031 0.042843232716650435
0 0.3982102908277405 0.44741966893865626 0.07606263982102908 0.05744888023369036
0 0.4563758389261745 0.40019474196689386 0.0447427293064877 0.10126582278481013
0 0.3976510067114094 0.4094449853943525 0.04586129753914989 0.024342745861733205
0 0.40604026845637586 0.39483933787731257 0.042505592841163314 0.016553067185978577
0 0.40436241610738255 0.37828627069133397 0.039149888143176735 0.024342745861733205
0 0.7242729306487695 0.37828627069133397 0.04809843400447427 0.08471275559883155
0 0.7829977628635347 0.3524829600778968 0.07829977628635347 0.03700097370983447
0 0.7639821029082774 0.4026290165530672 0.06711409395973154 0.0827653359298929
0 0.09451901565995526 0.48296007789678674 0.0592841163310962 0.05647517039922103
0 0.07997762863534676 0.5345666991236612 0.04138702460850112 0.019474196689386564
0 0.07494407158836688 0.5214216163583252 0.03131991051454139 0.018500486854917234
0 0.11241610738255034 0.5769230769230769 0.09284116331096197 0.0379746835443038
0 0.15771812080536912 0.5516066212268744 0.053691275167785234 0.14897760467380722
0 0.21140939597315436 0.5038948393378773 0.06711409395973154 0.055501460564751706
0 0.22427293064876958 0.5501460564751705 0.09284116331096197 0.04089581304771178
0 0.2634228187919463 0.50730282375852 0.06823266219239374 0.04673807205452775
0 0.3277404921700224 0.5350535540408958 0.09395973154362416 0.1450827653359299
0 0.511744966442953 0.502921129503408 0.05480984340044743 0.06523855890944498
0 0.46420581655480986 0.48880233690360275 0.06487695749440715 0.05258033106134372
0 0.5536912751677853 0.5150925024342746 0.053691275167785234 0.1460564751703992
0 0.604586129753915 0.4800389483933788 0.11073825503355705 0.04089581304771178
0 0.7427293064876958 0.4810126582278481 0.11409395973154363 0.12852969814995133
0 0.18008948545861297 0.7327166504381695 0.058165548098434 0.0730282375851996
0 0.19239373601789708 0.6781888997078871 0.06935123042505593 0.043816942551119765
0 0.06152125279642058 0.7049659201557936 0.020134228187919462 0.05063291139240506
0 0.0878076062639821 0.74634858812074 0.08389261744966443 0.05160662122687439
0 0.09060402684563758 0.7161635832521909 0.049217002237136466 0.05939629990262902
0 0.10011185682326622 0.6601752677702045 0.09284116331096197 0.062317429406037
0 0.4608501118568233 0.6757546251217137 0.08053691275167785 0.11100292112950341
0 0.3926174496644295 0.6567672833495618 0.049217002237136466 0.055501460564751706
0 0.36073825503355705 0.6523855890944499 0.0592841163310962 0.05063291139240506
0 0.3036912751677852 0.6426484907497566 0.0436241610738255 0.054527750730282376
0 0.3143176733780761 0.6874391431353457 0.03355704697986577 0.04673807205452775
0 0.26733780760626397 0.6781888997078871 0.049217002237136466 0.03602726387536514
0 0.3042505592841163 0.7220058422590068 0.040268456375838924 0.06329113924050633
0 0.3389261744966443 0.7263875365141188 0.029082774049217 0.03700097370983447
0 0.3730425055928412 0.7195715676728335 0.03243847874720358 0.035053554040895815
0 0.5676733780760627 0.6518987341772152 0.03691275167785235 0.02044790652385589
0 0.5592841163310962 0.6377799415774099 0.0738255033557047 0.08568646543330087
0 0.5777404921700223 0.6918208373904576 0.11073825503355705 0.04965920155793573
0 0.6381431767337807 0.6650438169425511 0.03691275167785235 0.13437195715676728
0 0.7404921700223713 0.6669912366114897 0.0447427293064877 0.14995131450827653
0 0.674496644295302 0.5890944498539435 0.06263982102908278 0.06621226874391431
0 0.6672259507829977 0.6368062317429406 0.02348993288590604 0.04089581304771178
0 0.703579418344519 0.6723466407010711 0.1029082774049217 0.0379746835443038
0 0.8316554809843401 0.5973709834469328 0.05704697986577181 0.04186952288218111
0 0.889261744966443 0.631937682570594 0.11409395973154363 0.09737098344693282
0 0.8624161073825504 0.6231742940603701 0.087248322147651 0.027263875365141188
0 0.8092841163310962 0.562317429406037 0.07941834451901567 0.04965920155793573
0 0.9312080536912751 0.6338851022395326 0.07494407158836688 0.18111002921129504
0 0.814317673378076 0.6655306718597858 0.0894854586129754 0.04965920155793573
0 0.09004474272930649 0.8222979552093476 0.05704697986577181 0.08081791626095423
0 0.12416107382550336 0.7921129503407984 0.058165548098434 0.07108081791626096
0 0.13814317673378076 0.8033106134371957 0.04138702460850112 0.05647517039922103
0 0.1907158836689038 0.7911392405063291 0.0592841163310962 0.055501460564751706
0 0.18624161073825504 0.8373904576436222 0.05704697986577181 0.06037000973709834
0 0.14093959731543623 0.8573515092502434 0.03355704697986577 0.0379746835443038
0 0.11968680089485459 0.8661148977604674 0.049217002237136466 0.06523855890944498
0 0.4099552572706935 0.8281402142161636 0.2606263982102908 0.04771178188899708
0 0.4602908277404922 0.7814021421616358 0.12863534675615212 0.0827653359298929
0 0.3512304250559284 0.824732229795521 0.06935123042505593 0.06621226874391431
0 0.2600671140939597 0.8310613437195715 0.04586129753914989 0.0379746835443038
0 0.25223713646532436 0.8076923076923077 0.03243847874720358 0.024342745861733205
0 0.2958612975391499 0.7930866601752677 0.03243847874720358 0.03213242453748783
0 0.2611856823266219 0.7784810126582279 0.0436241610738255 0.03602726387536514
0 0.36521252796420584 0.7848101265822784 0.050335570469798654 0.05647517039922103
0 0.7354586129753915 0.814508276533593 0.16666666666666666 0.0866601752677702
0 0.7371364653243848 0.7706913339824732 0.1342281879194631 0.09250243427458617
0 0.6560402684563759 0.8096397273612463 0.05704697986577181 0.03992210321324245
0 0.6817673378076062 0.815968841285297 0.03691275167785235 0.0311587147030185
0 0.6314317673378076 0.8529698149951315 0.06375838926174497 0.044790652385589096
0 0.5894854586129754 0.8485881207400194 0.05592841163310962 0.04771178188899708
0 0.610178970917226 0.814508276533593 0.02796420581655481 0.028237585199610515
0 0.5822147651006712 0.8111002921129503 0.02796420581655481 0.04089581304771178
0 0.5911633109619687 0.7745861733203505 0.03467561521252797 0.03602726387536514
0 0.8394854586129754 0.7760467380720545 0.030201342281879196 0.033106134371957155
0 0.8713646532438478 0.7687439143135346 0.040268456375838924 0.07497565725413827
0 0.8741610738255033 0.7721518987341772 0.04138702460850112 0.027263875365141188
0 0.930648769574944 0.8276533592989289 0.08277404921700224 0.06815968841285297
0 0.9149888143176734 0.7891918208373905 0.05592841163310962 0.06134371957156767
0 0.9177852348993288 0.7482960077896786 0.030201342281879196 0.04186952288218111
0 0.9625279642058165 0.7823758519961052 0.0592841163310962 0.07108081791626096
0 0.9491051454138703 0.7215189873417721 0.0592841163310962 0.05842259006815969
