0 0.15106951871657753 0.11008676789587853 0.22459893048128343 0.12255965292841649
0 0.3161764705882353 0.113882863340564 0.10294117647058823 0.1193058568329718
0 0.12967914438502673 0.2608459869848156 0.1925133689839572 0.1399132321041215
0 0.13101604278074866 0.3872017353579176 0.2192513368983957 0.13665943600867678
0 0.1163101604278075 0.670824295010846 0.08823529411764706 0.12906724511930587
0 0.24398395721925134 0.6567245119305857 0.17245989304812834 0.12689804772234273
0 0.5748663101604278 0.6437093275488069 0.24064171122994651 0.15292841648590022
0 0.14705882352941177 0.5341648590021691 0.18983957219251338 0.12906724511930587
0 0.33489304812834225 0.37581344902386116 0.16711229946524064 0.12689804772234273
0 0.5260695187165776 0.36984815618221256 0.22058823529411764 0.13882863340563992
0 0.19318181818181818 0.8091106290672451 0.19919786096256684 0.13232104121475055
0 0.5909090909090909 0.5092190889370932 0.22459893048128343 0.12906724511930587
0 0.3602941176470588 0.5206073752711496 0.2393048128342246 0.14316702819956617
0 0.42379679144385024 0.7950108459869848 0.2647058823529412 0.14967462039045554
0 0.5427807486631016 0.11496746203904555 0.2647058823529412 0.13449023861171366
0 0.8001336898395722 0.6431670281995662 0.1858288770053476 0.13665943600867678
0 0.7225935828877005 0.777114967462039 0.34893048128342247 0.12689804772234273
0 0.7954545454545454 0.5070498915401301 0.19786096256684493 0.13557483731019523
0 0.9385026737967914 0.7733188720173536 0.10427807486631016 0.14099783080260303
0 0.9391711229946524 0.6296095444685467 0.10294117647058823 0.12689804772234273
0 0.8362299465240641 0.10412147505422993 0.3088235294117647 0.13449023861171366
0 0.33890374331550804 0.2478308026030369 0.23663101604278075 0.13123644251626898
0 0.6156417112299465 0.23752711496746204 0.31684491978609625 0.12364425162689804
0 0.8776737967914439 0.22830802603036876 0.20454545454545456 0.12255965292841649
0 0.7954545454545454 0.35683297180043383 0.32085561497326204 0.15184381778741865
