0 0.17128347183748846 0.28553234844625575 0.11172668513388735 0.056546102903718795
0 0.1745152354570637 0.34742740703005603 0.0997229916897507 0.06214977075904228
0 0.1837488457987073 0.40499235863474276 0.10895660203139428 0.052980132450331126
0 0.06278855032317636 0.2924095771777891 0.0997229916897507 0.05399898115129903
0 0.07063711911357341 0.3509933774834437 0.11172668513388735 0.058074375955170655
0 0.0729455216989843 0.41110545084055017 0.11080332409972299 0.05501782985226694
0 0.07479224376731301 0.47554763117677024 0.123730378578024 0.06571574121242996
0 0.33425669436749766 0.46357615894039733 0.1329639889196676 0.06418746816097809
0 0.569713758079409 0.4533876719307183 0.3010156971375808 0.07845134997452878
0 0.6052631578947368 0.52190524707081 0.1265004616805171 0.06775343861436577
0 0.7940904893813481 0.5132450331125827 0.1902123730378578 0.06673458991339785
0 0.43490304709141275 0.5323484462557311 0.17359187442289936 0.06622516556291391
0 0.5609418282548476 0.6260825267447784 0.1523545706371191 0.05909322465613857
0 0.34025854108956605 0.2801833927661742 0.19113573407202217 0.065206316861946
0 0.5858725761772853 0.2641365257259297 0.25761772853185594 0.05043301069791136
0 0.7922437673130194 0.2618441161487519 0.15327793167128348 0.05501782985226694
0 0.3333333333333333 0.40295466123280693 0.16066481994459833 0.058074375955170655
0 0.4986149584487535 0.3948038716250637 0.14958448753462603 0.05399898115129903
0 0.7968605724838412 0.43886907794192564 0.14035087719298245 0.056546102903718795
0 0.6975992613111727 0.326286296484972 0.17820867959372114 0.05858380030565461
0 0.1615881809787627 0.8894549159449822 0.17543859649122806 0.061130922058074376
0 0.3411819021237304 0.8856342333163525 0.19113573407202217 0.054508405501782986
0 0.6832871652816251 0.9335201222618441 0.13850415512465375 0.06265919510952624
0 0.8457987072945522 0.9205298013245033 0.18282548476454294 0.065206316861946
0 0.06786703601108034 0.6428935303107488 0.0840258541089566 0.07233825776872134
0 0.1611265004616805 0.6462047885888945 0.10433979686057249 0.059602649006622516
0 0.08771929824561403 0.7032603158430973 0.12557710064635272 0.056546102903718795
0 0.58264081255771 0.20682628629648497 0.43213296398891965 0.07335710646968925
0 0.8614958448753463 0.20376974019358127 0.10895660203139428 0.06214977075904228
0 0.5323176361957526 0.33545593479368313 0.06740535549399815 0.06265919510952624
0 0.4067405355493998 0.34207845134997455 0.08033240997229917 0.06062149770759042
0 0.301477377654663 0.3433520122261844 0.13388734995383195 0.06826286296484972
0 0.6375807940904894 0.38614365766683645 0.13019390581717452 0.061130922058074376
0 0.7843951985226223 0.37620988283239937 0.13204062788550322 0.059602649006622516
0 0.9145891043397969 0.3685685175751401 0.14127423822714683 0.07080998471726949
0 0.8901200369344414 0.31329597554763117 0.123730378578024 0.061130922058074376
0 0.3047091412742382 0.6928171166581762 0.21975992613111728 0.061130922058074376
0 0.8795013850415513 0.6479877738155884 0.22807017543859648 0.08863983698420784
0 0.33518005540166207 0.6347427407030056 0.123730378578024 0.06011207335710647
0 0.9145891043397969 0.5899133978604177 0.13204062788550322 0.061130922058074376
0 0.4981532779316713 0.8795211411105451 0.1283471837488458 0.05247070809984717
0 0.6800554016620498 0.8741721854304636 0.21144967682363805 0.058074375955170655
0 0.8688827331486612 0.8599083036169128 0.1698984302862419 0.065206316861946
0 0.5115420129270545 0.9322465613856342 0.19759926131117267 0.05501782985226694
0 0.9362880886426593 0.4302088639836984 0.07202216066481995 0.06367804381049415
0 0.9349030470914127 0.2575140091696383 0.0840258541089566 0.051451859398879266
0 0.9390581717451524 0.20504330106979113 0.07017543859649122 0.05552725420275089
