0 0.1616939364773821 0.12723214285714285 0.136669874879692 0.13095238095238096
0 0.32675649663137635 0.12462797619047619 0.17228103946102022 0.12574404761904762
0 0.5081809432146295 0.10900297619047619 0.1424446583253128 0.14955357142857142
0 0.19056785370548604 0.7872023809523809 0.26564003849855633 0.14136904761904762
0 0.5943214629451395 0.7738095238095238 0.38209817131857554 0.13839285714285715
0 0.1530317613089509 0.9188988095238095 0.18479307025986524 0.08630952380952381
0 0.7348411934552455 0.9081101190476191 0.29740134744947067 0.12723214285714285
0 0.6833493743984601 0.1056547619047619 0.17131857555341676 0.14285714285714285
0 0.7834456207892204 0.3463541666666667 0.14051973051010588 0.12723214285714285
0 0.9220404234841193 0.3523065476190476 0.15784408084696824 0.14360119047619047
0 0.18912415784408085 0.3210565476190476 0.24542829643888353 0.12276785714285714
0 0.45139557266602504 0.3169642857142857 0.2829643888354187 0.13839285714285715
0 0.6520692974013474 0.32180059523809523 0.12223291626564003 0.12425595238095238
0 0.43840230991337825 0.921875 0.2743022136669875 0.09970238095238096
0 0.8585178055822906 0.11086309523809523 0.19634263715110684 0.12946428571428573
0 0.2136669874879692 0.6502976190476191 0.28103946102021177 0.13988095238095238
0 0.44128970163618864 0.6521577380952381 0.18768046198267566 0.12276785714285714
0 0.6424446583253128 0.6488095238095238 0.21847930702598653 0.12648809523809523
0 0.78055822906641 0.21502976190476192 0.1424446583253128 0.11011904761904762
0 0.9287776708373436 0.22730654761904762 0.15014436958614052 0.10342261904761904
0 0.4239653512993263 0.5107886904761905 0.7093358999037536 0.15997023809523808
0 0.8585178055822906 0.5074404761904762 0.1867179980750722 0.17410714285714285
