0 0.4784110535405872 0.2101363366923533 0.19689119170984457 0.07528156490812092
0 0.8372193436960277 0.20598695909899228 0.24611398963730569 0.06461173681090694
0 0.3955094991364421 0.12744516893894486 0.14335060449050085 0.0948429164196799
0 0.8864421416234888 0.3369887374036752 0.08549222797927461 0.06816834617664493
0 0.32728842832469773 0.27711914641375224 0.11917098445595854 0.06816834617664493
0 0.5207253886010362 0.2800829875518672 0.21934369602763384 0.08120924718435092
0 0.7046632124352331 0.27593360995850624 0.1692573402417962 0.07291049199762893
0 0.7694300518134715 0.7291049199762892 0.18998272884283246 0.06757557794902193
0 0.5924006908462867 0.7323651452282157 0.16062176165803108 0.06342620035566093
0 0.16407599309153714 0.1938352104327208 0.16753022452504318 0.06757557794902193
0 0.8354922279792746 0.12537048014226437 0.192573402417962 0.06461173681090694
0 0.846286701208981 0.25133372851215174 0.0846286701208981 0.03319502074688797
0 0.8981001727115717 0.2676348547717842 0.2141623488773748 0.07409602845287493
0 0.27892918825561314 0.4051570835803201 0.16407599309153714 0.05986959098992294
0 0.7387737478411054 0.6662714878482513 0.16321243523316062 0.05927682276229994
0 0.5207253886010362 0.6576763485477178 0.09326424870466321 0.04564315352697095
0 0.5535405872193437 0.6698280972139893 0.21934369602763384 0.07350326022525193
0 0.5310880829015544 0.6034380557202134 0.13644214162348878 0.06283343212803794
0 0.7150259067357513 0.6019561351511559 0.17616580310880828 0.06579727326615294
0 0.5958549222797928 0.34588026081802015 0.3765112262521589 0.06579727326615294
0 0.26856649395509496 0.34232365145228216 0.2141623488773748 0.06816834617664493
0 0.08981001727115717 0.34173088322465917 0.15025906735751296 0.06224066390041494
0 0.1411917098445596 0.4033787788974511 0.1234887737478411 0.051570835803200946
0 0.04706390328151986 0.4063426200355661 0.07512953367875648 0.05275637225844695
0 0.501727115716753 0.4087136929460581 0.153713298791019 0.07409602845287493
0 0.15932642487046633 0.2729697688203912 0.19775474956822106 0.07172495554238292
0 0.20639032815198619 0.11470065204505038 0.22107081174438686 0.07172495554238292
0 0.3531951640759931 0.46858328393598103 0.16234887737478412 0.06935388263189093
0 0.8786701208981001 0.6010669828097214 0.17012089810017272 0.06520450503852994
0 0.9011226252158895 0.6570835803200948 0.16839378238341968 0.06579727326615294
0 0.46545768566493956 0.04890337877889745 0.25906735751295334 0.07053941908713693
