0 0.11428571428571428 0.34410844629822734 0.15900621118012423 0.12721584984358708
0 0.3111801242236025 0.34410844629822734 0.1826086956521739 0.13764337851929093
0 0.7459627329192546 0.32690302398331594 0.36645962732919257 0.14494264859228362
0 0.9503105590062112 0.31230448383733056 0.084472049689441 0.1261730969760167
0 0.09440993788819876 0.4687174139728884 0.10683229813664596 0.11366006256517205
0 0.08571428571428572 0.5828988529718456 0.09192546583850932 0.10218978102189781
0 0.08260869565217391 0.7148070907194994 0.08571428571428572 0.11783107403545359
0 0.16149068322981366 0.8425443169968717 0.24099378881987576 0.12095933263816476
0 0.3813664596273292 0.8409801876955162 0.21614906832298136 0.11991657977059438
0 0.568944099378882 0.8368091762252347 0.1565217391304348 0.12200208550573514
0 0.724223602484472 0.8227320125130344 0.15900621118012423 0.13555787278415016
0 0.8838509316770187 0.808133472367049 0.18509316770186335 0.14389989572471323
0 0.11677018633540373 0.9238790406673618 0.17888198757763976 0.10010427528675704
0 0.6037267080745342 0.9322210636079249 0.23850931677018633 0.08550573514077164
0 0.846583850931677 0.6814389989572471 0.2496894409937888 0.1470281543274244
0 0.5801242236024845 0.7064650677789364 0.2981366459627329 0.14077163712200208
0 0.2751552795031056 0.7153284671532847 0.31180124223602484 0.13138686131386862
0 0.2329192546583851 0.46715328467153283 0.14782608695652175 0.10844629822732013
0 0.7664596273291926 0.440563086548488 0.3031055900621118 0.12408759124087591
0 0.7614906832298136 0.19603753910323254 0.28074534161490683 0.11678832116788321
0 0.45279503105590063 0.19186652763295098 0.3515527950310559 0.145985401459854
0 0.584472049689441 0.07716371220020855 0.10062111801242236 0.12095933263816476
0 0.17080745341614906 0.09436913451511991 0.2670807453416149 0.11991657977059438
0 0.41055900621118013 0.07090719499478623 0.2422360248447205 0.11887382690302398
0 0.36645962732919257 0.9363920750782064 0.11677018633540373 0.09801876955161627
0 0.7832298136645963 0.9155370177267987 0.0906832298136646 0.07090719499478623
0 0.3173913043478261 0.5813347236704901 0.3639751552795031 0.13660062565172054
0 0.5925465838509317 0.5724713242961418 0.16645962732919253 0.12930135557872785
0 0.8354037267080745 0.5443169968717414 0.3217391304347826 0.1689259645464025
