0 0.14142236699239957 0.057988787666433075 0.20466883821932683 0.10336370007007709
0 0.4006514657980456 0.06096706377014716 0.3268186753528773 0.11492641906096707
0 0.7690010857763301 0.06236860546601261 0.38707926167209555 0.10932025227750526
0 0.25922909880564604 0.17659425367904696 0.46308360477741584 0.1107217939733707
0 0.5485884907709012 0.17641906096706378 0.11997828447339848 0.10476524176594254
0 0.6788816503800217 0.17641906096706378 0.11346362649294245 0.10476524176594254
0 0.8748642779587406 0.1800981079187106 0.21118349619978286 0.11212333566923616
0 0.25705754614549403 0.29292221443587946 0.46742671009771986 0.1107217939733707
0 0.5496742671009772 0.2964260686755431 0.1004343105320304 0.10371408549404344
0 0.8045602605863192 0.29572529782761037 0.36482084690553745 0.1079187105816398
0 0.18132464712269272 0.4078486334968465 0.2714440825190011 0.1051156271899089
0 0.4828990228013029 0.4078486334968465 0.19381107491856678 0.1051156271899089
0 0.8849077090119435 0.41205325858444286 0.1780673181324647 0.1107217939733707
0 0.1734527687296417 0.5271548703573932 0.28284473398479915 0.09915907498248074
0 0.48968512486427795 0.52697967764541 0.30510314875135724 0.1079187105816398
0 0.8414766558089034 0.5276804484933427 0.2779587404994571 0.11772950245269796
0 0.24131378935939196 0.6370007007708479 0.42725298588490773 0.10651716888577435
0 0.7290988056460369 0.6413805185704274 0.5255157437567861 0.10336370007007709
0 0.5532030401737242 0.7361597757533287 0.14223669923995658 0.09460406447091801
0 0.8314332247557004 0.7419411352487737 0.3295331161780673 0.10056061667834618
0 0.25705754614549403 0.8365451997196917 0.4543973941368078 0.10056061667834618
0 0.5762757871878393 0.8460056061667834 0.1492942453854506 0.10476524176594254
0 0.8146036916395223 0.8482831114225649 0.3002171552660152 0.10932025227750526
0 0.17128121606948968 0.9428871758934828 0.2785016286644951 0.0889978976874562
0 0.3995656894679696 0.9416608269096005 0.14223669923995658 0.10056061667834618
0 0.5575461454940283 0.9428871758934828 0.12920738327904452 0.0889978976874562
0 0.748914223669924 0.9386825508058865 0.20466883821932683 0.0805886475122635
