0 0.1359447004608295 0.6445147679324894 0.1774193548387097 0.1729957805907173
0 0.45622119815668205 0.6424050632911392 0.3617511520737327 0.15822784810126583
0 0.8127880184331797 0.5717299578059072 0.2960829493087558 0.23417721518987342
0 0.15552995391705068 0.8117088607594937 0.23963133640552994 0.15928270042194093
0 0.37039170506912444 0.8164556962025317 0.19470046082949308 0.14135021097046413
0 0.5195852534562212 0.8111814345991561 0.10368663594470046 0.12447257383966245
0 0.5627880184331797 0.9261603375527426 0.3675115207373272 0.12658227848101267
0 0.8433179723502304 0.8839662447257384 0.21658986175115208 0.1371308016877637
0 0.6284562211981567 0.7800632911392406 0.10253456221198157 0.06223628691983123
0 0.7620967741935484 0.7631856540084389 0.37442396313364057 0.19725738396624473
