0 0.13151041666666666 0.09257075471698113 0.15885416666666666 0.1214622641509434
0 0.3444010416666667 0.06898584905660378 0.13411458333333334 0.1214622641509434
0 0.5319010416666666 0.06898584905660378 0.21484375 0.11674528301886793
0 0.775390625 0.08962264150943396 0.2721354166666667 0.14386792452830188
0 0.19856770833333334 0.24528301886792453 0.3606770833333333 0.1320754716981132
0 0.576171875 0.23643867924528303 0.38671875 0.13561320754716982
0 0.8118489583333334 0.21521226415094338 0.08463541666666667 0.11202830188679246
0 0.583984375 0.37264150943396224 0.09244791666666667 0.125
0 0.17708333333333334 0.6662735849056604 0.2682291666666667 0.13679245283018868
0 0.4420572916666667 0.6591981132075472 0.2513020833333333 0.14622641509433962
0 0.7936197916666666 0.47818396226415094 0.3216145833333333 0.14976415094339623
0 0.373046875 0.5100235849056604 0.31640625 0.15212264150943397
0 0.13736979166666666 0.3761792452830189 0.2513020833333333 0.12264150943396226
0 0.3990885416666667 0.36497641509433965 0.19661458333333334 0.11674528301886793
0 0.8268229166666666 0.3408018867924528 0.2890625 0.1509433962264151
0 0.11458333333333333 0.5100235849056604 0.1796875 0.15919811320754718
0 0.6647135416666666 0.6432783018867925 0.18619791666666666 0.1474056603773585
0 0.869140625 0.6185141509433962 0.2513020833333333 0.18985849056603774
0 0.14908854166666666 0.8119103773584906 0.25390625 0.17570754716981132
0 0.4153645833333333 0.8130896226415094 0.2734375 0.16863207547169812
0 0.634765625 0.8095518867924528 0.16015625 0.16627358490566038
0 0.81640625 0.7942216981132075 0.21614583333333334 0.1804245283018868
