0 0.36617100371747213 0.17496542185338865 0.2174721189591078 0.08022130013831259
0 0.1092007434944238 0.66701244813278 0.14776951672862454 0.07538035961272475
0 0.28345724907063197 0.6642461964038727 0.23048327137546468 0.07538035961272475
0 0.4679368029739777 0.6587136929460581 0.13847583643122677 0.08367911479944674
0 0.8736059479553904 0.6372752420470262 0.12267657992565056 0.07676348547717843
0 0.12035315985130111 0.7403181189488244 0.1775092936802974 0.08367911479944674
0 0.27973977695167285 0.739972337482711 0.1412639405204461 0.08022130013831259
0 0.4349442379182156 0.7413554633471646 0.14312267657992564 0.07883817427385892
0 0.5557620817843866 0.7309820193637621 0.07063197026022305 0.08852005532503458
0 0.6970260223048327 0.7223374827109267 0.20817843866171004 0.09336099585062241
0 0.883364312267658 0.7119640387275242 0.15892193308550187 0.08506224066390042
0 0.12221189591078067 0.8118948824343015 0.17565055762081785 0.0636237897648686
0 0.8150557620817844 0.7966804979253111 0.21561338289962825 0.08160442600276625
0 0.09944237918215613 0.8665283540802213 0.12453531598513011 0.06224066390041494
0 0.24070631970260223 0.8651452282157677 0.11895910780669144 0.06639004149377593
0 0.42611524163568776 0.8627247579529738 0.13104089219330856 0.0698478561549101
0 0.8926579925650557 0.8381742738589212 0.11617100371747212 0.06085753803596127
0 0.10780669144981413 0.923582295988935 0.15055762081784388 0.06154910096818811
0 0.23048327137546468 0.9270401106500692 0.11524163568773234 0.05739972337482711
0 0.3406133828996282 0.926002766251729 0.10687732342007435 0.05532503457814661
0 0.2128252788104089 0.5186721991701245 0.07806691449814127 0.07192254495159059
0 0.2936802973977695 0.5079529737206085 0.0687732342007435 0.05186721991701245
0 0.0803903345724907 0.5210926694329184 0.12174721189591078 0.07814661134163209
0 0.9005576208178439 0.49135546334716457 0.120817843866171 0.08506224066390042
0 0.10037174721189591 0.4432918395573997 0.15613382899628253 0.07330567081604426
0 0.21886617100371747 0.4381051175656985 0.08085501858736059 0.08367911479944674
0 0.32342007434944237 0.4384508990318119 0.12825278810408922 0.08298755186721991
0 0.487453531598513 0.43015214384508993 0.1607806691449814 0.08713692946058091
0 0.6189591078066915 0.4287690179806362 0.10966542750929369 0.08022130013831259
0 0.7351301115241635 0.42081604426002767 0.12639405204460966 0.08921161825726141
0 0.849907063197026 0.40975103734439833 0.12732342007434944 0.08506224066390042
0 0.09014869888475836 0.2887275242047026 0.1171003717472119 0.09474412171507607
0 0.7620817843866171 0.25103734439834025 0.24535315985130113 0.09820193637621023
0 0.5394981412639405 0.17219917012448133 0.12732342007434944 0.08022130013831259
0 0.7314126394052045 0.16701244813278007 0.241635687732342 0.08782849239280774
0 0.11059479553903345 0.11237897648686031 0.13197026022304834 0.08782849239280774
0 0.24395910780669144 0.10235131396957123 0.13475836431226765 0.08713692946058091
0 0.38661710037174724 0.08160442600276625 0.14684014869888476 0.06639004149377593
0 0.5362453531598513 0.07676348547717843 0.1524163568773234 0.07607192254495158
0 0.3777881040892193 0.34647302904564314 0.11988847583643122 0.07192254495159059
0 0.5051115241635687 0.34024896265560167 0.1533457249070632 0.07330567081604426
0 0.6617100371747212 0.33990318118948826 0.16356877323420074 0.07676348547717843
0 0.8159851301115242 0.3333333333333333 0.1524163568773234 0.08575380359612725
0 0.9372676579925651 0.32538035961272477 0.09386617100371747 0.08367911479944674
0 0.26579925650557623 0.34889349930843705 0.10780669144981413 0.08091286307053942
0 0.16449814126394052 0.3585753803596127 0.08550185873605948 0.08506224066390042
0 0.07202602230483271 0.3644536652835408 0.10130111524163568 0.08298755186721991
0 0.07899628252788105 0.2012448132780083 0.08364312267657993 0.08160442600276625
0 0.18819702602230484 0.19225449515905949 0.1366171003717472 0.08575380359612725
0 0.6868029739776952 0.07952973720608575 0.12267657992565056 0.0912863070539419
0 0.8884758364312267 0.08125864453665284 0.1691449814126394 0.08091286307053942
0 0.91682156133829 0.1632088520055325 0.129182156133829 0.08298755186721991
0 0.10362453531598513 0.5923236514522822 0.1533457249070632 0.0698478561549101
0 0.24442379182156135 0.5874827109266944 0.12825278810408922 0.07952973720608575
0 0.34804832713754646 0.5850622406639004 0.09386617100371747 0.08437067773167359
0 0.4632899628252788 0.5767634854771784 0.14033457249070633 0.08575380359612725
0 0.9163568773234201 0.5656984785615491 0.07063197026022305 0.07468879668049792
0 0.9600371747211895 0.4066390041493776 0.08364312267657993 0.08990318118948824
