0 0.7552602436323367 0.26238624873609706 0.301218161683278 0.14661274014155712
0 0.602436323366556 0.04499494438827098 0.31450719822812845 0.07785642062689585
0 0.3128460686600221 0.051061678463094035 0.1362126245847176 0.0859453993933266
0 0.26799557032115173 0.2891809908998989 0.16832779623477298 0.12335692618806876
0 0.0946843853820598 0.30030333670374115 0.06976744186046512 0.12942366026289182
0 0.09634551495016612 0.17492416582406473 0.07751937984496124 0.1051567239635996
0 0.31450719822812845 0.15267947421638017 0.2724252491694352 0.13144590495449948
0 0.5310077519379846 0.14661274014155712 0.1716500553709856 0.1051567239635996
0 0.7879291251384275 0.13498483316481294 0.24916943521594684 0.1122345803842265
0 0.5897009966777409 0.7871587462082912 0.08305647840531562 0.1243680485338726
0 0.6854928017718716 0.7785642062689585 0.09302325581395349 0.12740141557128412
0 0.7740863787375415 0.7684529828109201 0.08859357696567 0.14155712841253792
0 0.6749723145071982 0.6643073811931244 0.17386489479512734 0.10920121334681497
0 0.8383167220376523 0.6435793731041456 0.14174972314507198 0.12234580384226491
0 0.10631229235880399 0.06622851365015167 0.11295681063122924 0.0980788675429727
