0 0.13145737085258294 0.04233095107201759 0.034439311213775727 0.03628367234744365
0 0.18311633767324653 0.040819131390874105 0.06551868962620748 0.03875755909840572
0 0.036539269214615706 0.15131940626717977 0.04871902561948761 0.029961517317207257
0 0.08357832843343133 0.15173172072567345 0.052078958420831586 0.03628367234744365
0 0.12074758504829904 0.1540681693238043 0.03485930281394372 0.03490929081913139
0 0.26669466610667786 0.15393073117097306 0.03359932801343973 0.035184167124793844
0 0.041579168416631666 0.18155579989004947 0.06299874002519949 0.03271028037383177
0 0.037589248215035696 0.21426608026388125 0.05585888282234355 0.03271028037383177
0 0.09302813943721125 0.21522814733369983 0.05753884922301554 0.038482682792743264
0 0.1598068038639227 0.2156404617921935 0.07853842923141537 0.03930731170973062
0 0.23897522049559008 0.21632765255634964 0.08483830323393532 0.037383177570093455
0 0.3131037379252415 0.21591533809785596 0.06929861402771945 0.03820780648708082
0 0.035489290214195716 0.29109400769653654 0.04829903401931961 0.032985156679494226
0 0.0373792524149517 0.3543155579989005 0.04787904241915162 0.031335898845519516
0 0.03275934481310374 0.4205607476635514 0.047039059218815626 0.036833424958768554
0 0.02897942041159177 0.45313358988455193 0.04031919361612768 0.03710830126443101
0 0.07664846703065939 0.45313358988455193 0.06089878202435951 0.03710830126443101
0 0.0373792524149517 0.4938152831225948 0.05627887442251155 0.03326003298515668
0 0.04178916421671566 0.5911214953271028 0.0499790004199916 0.029961517317207257
0 0.044099118017639646 0.6619021440351842 0.049559008819823606 0.035733919736118745
0 0.09155816883662327 0.5897471137987905 0.054598908021839566 0.03326003298515668
0 0.0869382612347753 0.49395272127542605 0.05375892482150357 0.040131940626717974
0 0.045569088618227636 0.10816382627817482 0.07181856362872742 0.031061022539857066
0 0.11549769004619907 0.1091258933479934 0.07139857202855943 0.034084661902144035
0 0.17849643007139857 0.10953820780648708 0.06047879042419151 0.03216052776250687
0 0.046619067618647626 0.24958768554150632 0.07895842083158337 0.040131940626717974
0 0.12242755144897102 0.24986256184716876 0.07265854682906342 0.034634414513468936
0 0.19277614447711044 0.24560197910940076 0.06971860562788744 0.03710830126443101
0 0.2639647207055859 0.24532710280373832 0.07517849643007139 0.03765805387575591
0 0.3349433011339773 0.2468389224848818 0.06929861402771945 0.03188565145684442
0 0.4023519529609408 0.24532710280373832 0.07223855522889543 0.03380978559648158
0 0.4758504829903402 0.24436503573391974 0.07979840403191936 0.035733919736118745
0 0.5382192356152877 0.24518966465090708 0.06509869802603947 0.03188565145684442
0 0.5955480890382192 0.24463991203958219 0.05879882402351953 0.03188565145684442
0 0.6549769004619908 0.24463991203958219 0.06761864762704746 0.03188565145684442
0 0.7244855102897942 0.24106652006597032 0.05963880722385552 0.036833424958768554
0 0.8036539269214615 0.24189114898295766 0.0869382612347753 0.033534909290819134
0 0.8698026039479211 0.2399670148433205 0.04031919361612768 0.03903243540406817
0 0.9540109197816043 0.23721825178669598 0.07265854682906342 0.02748763056624519
0 0.1633767324653507 0.15283122594832327 0.05123897522049559 0.033534909290819134
0 0.2383452330953381 0.042605827377680046 0.04829903401931961 0.036833424958768554
0 0.3009239815203696 0.04233095107201759 0.08189836203275934 0.035733919736118745
0 0.3521629567408652 0.04288070368334249 0.046619067618647626 0.036833424958768554
0 0.40466190676186475 0.04315557998900495 0.07601847963040739 0.03628367234744365
0 0.4634607307853843 0.040819131390874105 0.06089878202435951 0.03875755909840572
0 0.5136497270054599 0.04164376030786146 0.052078958420831586 0.03930731170973062
0 0.5669886602267955 0.042605827377680046 0.06887862242755145 0.037383177570093455
0 0.24716505669886601 0.10788894997251237 0.08273834523309534 0.0360087960417812
0 0.4454010919781604 0.10720175920835624 0.0734985300293994 0.035184167124793844
0 0.08336833263334734 0.290131940626718 0.05333893322133557 0.03380978559648158
0 0.125787484250315 0.2891698735568994 0.031499370012599746 0.033534909290819134
0 0.08483830323393532 0.3541781198460693 0.0503989920201596 0.03271028037383177
0 0.03275934481310374 0.3860637713029137 0.04115917681646367 0.03326003298515668
0 0.08420831583368332 0.3863386476085761 0.06761864762704746 0.03380978559648158
0 0.08189836203275934 0.41863661352391424 0.05123897522049559 0.033534909290819134
0 0.11738765224695506 0.4532710280373832 0.03821923561528769 0.033534909290819134
0 0.124737505249895 0.41781198460692687 0.04115917681646367 0.035184167124793844
0 0.13334733305333893 0.38441451346893896 0.04241915161696766 0.03161077515118197
0 0.1385972280554389 0.3536283672347444 0.05291894162116758 0.03161077515118197
0 0.1889962200755985 0.4158878504672897 0.09323813523729525 0.034084661902144035
0 0.1866862662746745 0.44942275975810886 0.10373792524149517 0.037383177570093455
0 0.2696346073078538 0.4474986256184717 0.07139857202855943 0.03188565145684442
0 0.12872742545149096 0.49656404617921934 0.0373792524149517 0.03545904343045629
0 0.19319613607727845 0.3827652556349643 0.08315833683326333 0.03326003298515668
0 0.20726585468290634 0.3517042330951072 0.08861822763544729 0.03271028037383177
0 0.2727845443091138 0.3812534359538208 0.08021839563208735 0.030236393622869707
0 0.33662326753464933 0.380153930731171 0.056698866022679546 0.03188565145684442
0 0.2612347753044939 0.4143760307861462 0.05879882402351953 0.03271028037383177
0 0.31751364972700546 0.41451346893897745 0.05375892482150357 0.035184167124793844
0 0.3332633347333053 0.4465365585486531 0.05753884922301554 0.029961517317207257
0 0.28034439311213777 0.35101704233095105 0.06677866442671146 0.032435404068169325
0 0.33284334313313735 0.3506047278724574 0.06089878202435951 0.028312259483232547
0 0.3941621167576648 0.3492303463441451 0.07937841243175137 0.029961517317207257
0 0.45653086938261234 0.3479934029686641 0.05543889122217556 0.033534909290819134
0 0.39773204535909285 0.3793293018141836 0.07391852162956741 0.032435404068169325
0 0.376522469550609 0.4147883452446399 0.07265854682906342 0.03628367234744365
0 0.4401511969760605 0.41245189664650905 0.05627887442251155 0.03875755909840572
0 0.39374212515749685 0.4442001099505223 0.06593868122637547 0.035184167124793844
0 0.45548089038219236 0.4444749862561847 0.05753884922301554 0.034634414513468936
0 0.4878202435951281 0.41341396371632766 0.044099118017639646 0.033534909290819134
0 0.45863082738345234 0.3796041781198461 0.05795884082318354 0.035184167124793844
0 0.504409911801764 0.3804288070368334 0.03863922721545569 0.035733919736118745
0 0.5214195716085678 0.44529961517317207 0.07769844603107938 0.035184167124793844
0 0.5516589668206636 0.41190214403518416 0.0869382612347753 0.03490929081913139
0 0.5653086938261235 0.37891698735568996 0.0865182696346073 0.03380978559648158
0 0.6325073498530029 0.4110775151181968 0.08231835363292735 0.03490929081913139
0 0.6388072238555229 0.3776800439802089 0.07223855522889543 0.032985156679494226
0 0.05333893322133557 0.322979659153381 0.0873582528349433 0.032435404068169325
0 0.11696766064678707 0.31858163826278174 0.05081898362032759 0.03628367234744365
0 0.17786644267114657 0.3183067619571193 0.0734985300293994 0.035733919736118745
0 0.24590508189836202 0.3173446948873007 0.06929861402771945 0.03820780648708082
0 0.21776564468710627 0.15186915887850466 0.06005879882402352 0.03326003298515668
0 0.04430911381772364 0.07751511819681144 0.07181856362872742 0.03188565145684442
0 0.11969760604787905 0.07669048927982408 0.08399832003359933 0.032985156679494226
0 0.19403611927761444 0.07270478284771853 0.06803863922721545 0.03216052776250687
0 0.2608147837043259 0.07531610775151182 0.0747585048299034 0.029686641011544807
0 0.31751364972700546 0.07586586036283673 0.04787904241915162 0.029686641011544807
0 0.5052498950020999 0.10637713029136889 0.05543889122217556 0.035733919736118745
0 0.5648887022259554 0.10555250137438153 0.06887862242755145 0.034084661902144035
0 0.6358672826543469 0.10472787245739418 0.0873582528349433 0.032435404068169325
0 0.09638807223855522 0.6561297416162727 0.05333893322133557 0.033534909290819134
0 0.1360772784544309 0.659978009895547 0.034439311213775727 0.035733919736118745
0 0.17114657706845862 0.6612149532710281 0.04325913481730365 0.03710830126443101
0 0.04115917681646367 0.7381803188565146 0.049559008819823606 0.0360087960417812
0 0.0871482570348593 0.7317207256734469 0.0499790004199916 0.034634414513468936
0 0.12599748005039899 0.7344694887300715 0.03359932801343973 0.035733919736118745
0 0.1738765224695506 0.7322704782847719 0.06047879042419151 0.035184167124793844
0 0.041579168416631666 0.8108851017042331 0.05123897522049559 0.034084661902144035
0 0.09701805963880722 0.8078614623419461 0.052078958420831586 0.035184167124793844
0 0.14069718605627887 0.8056624518966465 0.03527929441411172 0.034634414513468936
0 0.18374632507349853 0.8057998900494777 0.046619067618647626 0.0365585486531061
0 0.043049139017219656 0.9575316107751511 0.03989920201595968 0.03051126992853216
0 0.08609827803443931 0.9540956569543705 0.04619907601847963 0.035184167124793844
0 0.061738765224695506 0.9132765255634965 0.0873582528349433 0.0360087960417812
0 0.060688786224275516 0.8764431006047279 0.08525829483410331 0.0365585486531061
0 0.11633767324653507 0.8411214953271028 0.07055858882822344 0.032985156679494226
0 0.18122637547249054 0.8389224848818032 0.061738765224695506 0.035733919736118745
0 0.2381352372952541 0.8363111599780099 0.05795884082318354 0.03490929081913139
0 0.1367072658546829 0.8743815283122595 0.07601847963040739 0.03793293018141836
0 0.1348173036539269 0.9103903243540407 0.07811843763124737 0.03793293018141836
0 0.7030659386812264 0.4114898295766905 0.054598908021839566 0.035733919736118745
0 0.7662746745065099 0.4114898295766905 0.07517849643007139 0.034634414513468936
0 0.8261234775304493 0.41066520065970313 0.04871902561948761 0.035184167124793844
0 0.9435111297774045 0.40860362836723474 0.07517849643007139 0.031061022539857066
0 0.17282654346913062 0.49491478834524466 0.05501889962200756 0.0360087960417812
0 0.05081898362032759 0.5603353490929082 0.07307853842923141 0.03051126992853216
0 0.12242755144897102 0.5599230346344145 0.0743385132297354 0.031335898845519516
0 0.19361612767744646 0.5573117097306213 0.07643847123057539 0.03326003298515668
0 0.2645947081058379 0.5552501374381529 0.06551868962620748 0.029136888400219902
0 0.3355732885342293 0.5536008796041781 0.07811843763124737 0.029686641011544807
0 0.41117177656446874 0.5525013743815284 0.07727845443091139 0.03188565145684442
0 0.49118017639647205 0.5483782297965916 0.07013859722805543 0.03188565145684442
0 0.5621587568248635 0.5490654205607477 0.07181856362872742 0.027762506871907643
0 0.629357412851743 0.5476910390324354 0.0625787484250315 0.027762506871907643
0 0.6927761444771104 0.546866410115448 0.06677866442671146 0.03051126992853216
0 0.755354892902142 0.5446673996701484 0.05753884922301554 0.031061022539857066
0 0.8229735405291894 0.5434304562946674 0.0743385132297354 0.033534909290819134
0 0.877782444351113 0.5452171522814734 0.03359932801343973 0.03216052776250687
0 0.1469970600587988 0.5897471137987905 0.06299874002519949 0.029961517317207257
0 0.14615707685846283 0.618609125893348 0.05627887442251155 0.03490929081913139
0 0.20495590088198237 0.5854865310610226 0.06719865602687947 0.03188565145684442
0 0.20810583788324233 0.6162726772952172 0.0734985300293994 0.035733919736118745
0 0.2650146997060059 0.5828752061572292 0.049559008819823606 0.031061022539857066
0 0.26837463250734983 0.6157229246838922 0.05291894162116758 0.035733919736118745
0 0.3105837883242335 0.5831500824628917 0.04493910121797564 0.03051126992853216
0 0.31226375472490553 0.6140736668499175 0.046619067618647626 0.034634414513468936
0 0.17240655186896262 0.28435953820780646 0.059218815623687526 0.029411764705882353
0 0.24170516589668206 0.28353490929081915 0.0869382612347753 0.03271028037383177
0 0.3101637967240655 0.28353490929081915 0.05249895002099958 0.031061022539857066
0 0.3863922721545569 0.2813358988455195 0.09743805123897523 0.03380978559648158
0 0.4640907181856363 0.27996151731720725 0.06047879042419151 0.03435953820780649
0 0.5287694246115078 0.2803738317757009 0.06047879042419151 0.03188565145684442
0 0.6026879462410751 0.2791368884002199 0.09491810163796724 0.03435953820780649
0 0.7152456950860983 0.2813358988455195 0.10163796724065519 0.03545904343045629
0 0.9416211675766485 0.2813358988455195 0.10919781604367913 0.03545904343045629
0 0.3095338093238135 0.3162451896646509 0.06047879042419151 0.0360087960417812
0 0.379252414951701 0.3167949422759758 0.08063838723225536 0.0365585486531061
0 0.4409911801763965 0.31267179769103903 0.052078958420831586 0.03490929081913139
0 0.49517009659806804 0.3132215503023639 0.05627887442251155 0.03435953820780649
0 0.5468290634187316 0.31267179769103903 0.052078958420831586 0.0365585486531061
0 0.5172196556068879 0.3462067069818582 0.07181856362872742 0.03216052776250687
0 0.5955480890382192 0.34510720175920834 0.09575808483830324 0.03271028037383177
0 0.6749265014699706 0.34579439252336447 0.06299874002519949 0.031335898845519516
0 0.746535069298614 0.34579439252336447 0.08357832843343133 0.030786146234194612
0 0.8265434691306174 0.3462067069818582 0.04619907601847963 0.03161077515118197
0 0.3849223015539689 0.2119296316657504 0.07685846283074338 0.03793293018141836
0 0.4603107937841243 0.20945574491478836 0.08063838723225536 0.03793293018141836
0 0.5333893322133557 0.21000549752611325 0.06971860562788744 0.035733919736118745
0 0.5909281814363713 0.21041781198460693 0.052078958420831586 0.0365585486531061
0 0.6459470810583788 0.21069268829026938 0.07139857202855943 0.03710830126443101
0 0.7106257874842503 0.20711929631665751 0.06299874002519949 0.03271028037383177
0 0.7637547249055019 0.20643210555250138 0.04745905081898362 0.03188565145684442
0 0.8135237295254095 0.205607476635514 0.054598908021839566 0.035733919736118745
0 0.08945821083578329 0.18444200109950523 0.039479210415791686 0.028037383177570093
0 0.14153716925661486 0.1801814183617372 0.06467870642587148 0.027212754260582738
0 0.1986560268794624 0.18347993402968665 0.04871902561948761 0.027762506871907643
0 0.24065518689626209 0.80043980208906 0.06887862242755145 0.038482682792743264
0 0.23162536749265014 0.7263606377130292 0.061738765224695506 0.03490929081913139
0 0.2851742965140697 0.7207256734469488 0.04871902561948761 0.032435404068169325
0 0.3389332213355733 0.7199010445299615 0.061318773624527506 0.037383177570093455
0 0.12158756824863502 0.9510720175920836 0.03233935321293574 0.033534909290819134
0 0.20264594708105838 0.9073666849917537 0.07097858042839143 0.037383177570093455
0 0.2767744645107098 0.9050302363936229 0.07979840403191936 0.03985706432105553
0 0.3517429651406972 0.9011819681143486 0.07769844603107938 0.04040681693238043
0 0.2603947921041579 0.8694337548103354 0.06635867282654347 0.03903243540406817
0 0.3267534649307014 0.8647608576140736 0.06719865602687947 0.034084661902144035
0 0.39332213355732887 0.8626992853216052 0.06929861402771945 0.03490929081913139
0 0.45149097018059636 0.8609125893347993 0.052078958420831586 0.035733919736118745
0 0.1986560268794624 0.8719076415612974 0.052078958420831586 0.03628367234744365
0 0.5193196136077278 0.8534909290819132 0.06509869802603947 0.036833424958768554
0 0.5808483830323393 0.8572017592083563 0.05543889122217556 0.04040681693238043
0 0.6587568248635027 0.8539032435404068 0.05837883242335153 0.03930731170973062
0 0.7354052918941621 0.8507421660252886 0.06971860562788744 0.03958218801539307
0 0.31100377992440154 0.14857064321055524 0.06005879882402352 0.03545904343045629
0 0.3651826963460731 0.1488455195162177 0.05333893322133557 0.03326003298515668
0 0.4250314993700126 0.14815832875206159 0.06551868962620748 0.03628367234744365
0 0.49349013019739607 0.14705882352941177 0.07307853842923141 0.035184167124793844
0 0.5716085678286434 0.14678394722374932 0.08147837043259135 0.034634414513468936
0 0.6635867282654347 0.1451346893897746 0.06383872322553549 0.03628367234744365
0 0.9252414951700966 0.13922484881803188 0.09239815203695927 0.03051126992853216
0 0.8941621167576649 0.10445299615173172 0.030239395212095756 0.025288620120945574
0 0.9538009239815204 0.102803738317757 0.061318773624527506 0.021440351841671246
0 0.8414531709365812 0.10307861462341947 0.07769844603107938 0.026937877954920284
0 0.7740445191096178 0.10266630016492578 0.057118857622847546 0.027762506871907643
0 0.7125157496850063 0.10445299615173172 0.06593868122637547 0.026388125343595383
0 0.03485930281394372 0.5296866410115448 0.05543889122217556 0.030236393622869707
0 0.0869382612347753 0.526800439802089 0.05123897522049559 0.03490929081913139
0 0.23309533809323812 0.4931280923584387 0.06467870642587148 0.035733919736118745
0 0.22028559428811423 0.6573666849917537 0.05837883242335153 0.0365585486531061
0 0.0371692566148677 0.6974986256184716 0.04829903401931961 0.03326003298515668
0 0.09449811003779925 0.6946124244090159 0.06803863922721545 0.03188565145684442
0 0.24464510709785806 0.18293018141836173 0.049139017219655606 0.031061022539857066
0 0.3068038639227215 0.18155579989004947 0.08189836203275934 0.029961517317207257
0 0.374632507349853 0.17921935129191863 0.05627887442251155 0.028587135788894998
0 0.4286014279714406 0.17935678944474986 0.05249895002099958 0.02611324903793293
0 0.4773204535909282 0.17770753161077515 0.0499790004199916 0.025563496426608025
0 0.5317093658126838 0.17770753161077515 0.06383872322553549 0.028862012094557448
0 0.5930281394372112 0.17811984606926884 0.06551868962620748 0.029686641011544807
0 0.3490130197396052 0.5813633864760858 0.039479210415791686 0.02583837273227048
0 0.4082318353632927 0.5813633864760858 0.08147837043259135 0.02583837273227048
0 0.4766904661906762 0.5799890049477735 0.0621587568248635 0.030236393622869707
0 0.36539269214615705 0.07297965915338098 0.05375892482150357 0.03051126992853216
0 0.4229315413691726 0.07462891698735569 0.06383872322553549 0.027212754260582738
0 0.48425031499370014 0.07380428807036833 0.06635867282654347 0.03051126992853216
0 0.5327593448131037 0.07490379329301815 0.03569928601427971 0.026663001649257834
0 0.5755984880302394 0.07435404068169324 0.061738765224695506 0.029411764705882353
0 0.6289374212515749 0.07325453545904342 0.056698866022679546 0.031061022539857066
0 0.6833263334733305 0.07380428807036833 0.06383872322553549 0.03490929081913139
0 0.7360352792944141 0.07284222100054975 0.05585888282234355 0.035733919736118745
0 0.7904241915161697 0.0731170973062122 0.054598908021839566 0.033534909290819134
0 0.8378832423351533 0.07421660252886202 0.052078958420831586 0.034084661902144035
0 0.8889122217555648 0.07407916437603079 0.054178916421671566 0.03271028037383177
0 0.9315413691726165 0.07339197361187466 0.047039059218815626 0.035733919736118745
0 0.9691306173876523 0.07490379329301815 0.041579168416631666 0.03435953820780649
0 0.6637967240655187 0.17688290269378779 0.07601847963040739 0.03051126992853216
0 0.7366652666946661 0.17454645409565694 0.07055858882822344 0.03188565145684442
0 0.7994540109197816 0.17111050027487631 0.061738765224695506 0.03490929081913139
0 0.8483830323393532 0.17124793842770752 0.03611927761444771 0.032435404068169325
0 0.8929021419571609 0.17138537658053876 0.05795884082318354 0.031061022539857066
0 0.9548509029819403 0.17069818581638263 0.07013859722805543 0.035733919736118745
0 0.6146577068458631 0.3132215503023639 0.0877782444351113 0.03435953820780649
0 0.6904661906761865 0.31432105552501377 0.07139857202855943 0.03216052776250687
0 0.7616547669046619 0.31390874106652006 0.07853842923141537 0.032435404068169325
0 0.2979840403191936 0.49161627267729524 0.07181856362872742 0.04040681693238043
0 0.3670726585468291 0.49134139637163277 0.06803863922721545 0.03490929081913139
0 0.4378412431751365 0.48914238592633313 0.08021839563208735 0.03545904343045629
0 0.50419991600168 0.4868059373282023 0.05585888282234355 0.035733919736118745
0 0.5564888702225955 0.4873556899395272 0.04871902561948761 0.034634414513468936
0 0.6110877782444352 0.4861187465640462 0.05795884082318354 0.03435953820780649
0 0.6732465350692987 0.48488180318856516 0.07811843763124737 0.03188565145684442
0 0.7337253254934901 0.48446948873007145 0.04283914321713566 0.03326003298515668
0 0.7721545569088618 0.48598130841121495 0.04577908441831163 0.03188565145684442
0 0.8225535489290214 0.48694337548103356 0.059218815623687526 0.03271028037383177
0 0.8773624527509449 0.4887300714678395 0.05795884082318354 0.03188565145684442
0 0.9252414951700966 0.48804288070368335 0.044519109617807646 0.03326003298515668
0 0.5978580428391432 0.44433754810335346 0.07769844603107938 0.03710830126443101
0 0.6671566568668627 0.4450247388675096 0.061738765224695506 0.034084661902144035
0 0.7299454010919781 0.4457119296316657 0.06635867282654347 0.0365585486531061
0 0.7795044099118018 0.4477735019241341 0.04535909281814364 0.03628367234744365
0 0.8290634187316254 0.44557449147883454 0.06467870642587148 0.03958218801539307
0 0.8855522889542209 0.44378779549202857 0.05333893322133557 0.04040681693238043
0 0.9311213775724485 0.43815283122594834 0.039479210415791686 0.02748763056624519
0 0.9666106677866443 0.4389774601429357 0.03821923561528769 0.028037383177570093
0 0.1375472490550189 0.5281748213304013 0.05501889962200756 0.03051126992853216
0 0.4256614867702646 0.5206157229246839 0.07013859722805543 0.03188565145684442
0 0.4867702645947081 0.5185541506322155 0.06719865602687947 0.028862012094557448
0 0.5367492650146997 0.5208905992303463 0.034439311213775727 0.030236393622869707
0 0.6012179756404872 0.5188290269378779 0.06593868122637547 0.03271028037383177
0 0.6799664006719865 0.5126443100604728 0.06887862242755145 0.031335898845519516
0 0.27068458630827386 0.6562671797691039 0.04493910121797564 0.03875755909840572
0 0.15665686686266275 0.6895272127542605 0.06299874002519949 0.03271028037383177
0 0.2240655186896262 0.6858163826278175 0.06929861402771945 0.032435404068169325
0 0.29672406551868963 0.6848543155579989 0.07853842923141537 0.03271028037383177
0 0.3641327173456531 0.6827927432655305 0.05543889122217556 0.034084661902144035
0 0.4262914741705166 0.680593732820231 0.07307853842923141 0.034084661902144035
0 0.498740025199496 0.6793567894447499 0.07181856362872742 0.03326003298515668
0 0.5676186476270475 0.6790819131390874 0.06593868122637547 0.031061022539857066
0 0.634817303653927 0.6779824079164376 0.07097858042839143 0.031061022539857066
0 0.6994960100797984 0.6761957119296317 0.0625787484250315 0.02748763056624519
0 0.7601847963040739 0.6760582737768004 0.061318773624527506 0.026663001649257834
0 0.050608987820243596 0.769516217702034 0.07517849643007139 0.0365585486531061
0 0.11192776144477111 0.7634689389774602 0.0499790004199916 0.03490929081913139
0 0.17114657706845862 0.758521165475536 0.07265854682906342 0.03710830126443101
0 0.23960520789584208 0.7578339747113799 0.07097858042839143 0.032985156679494226
0 0.30659386812263756 0.7548103353490929 0.07055858882822344 0.030786146234194612
0 0.374842503149937 0.7515118196811434 0.07181856362872742 0.033534909290819134
0 0.44708105837883244 0.749450247388675 0.07097858042839143 0.029961517317207257
0 0.5109197816043679 0.7489004947773502 0.059218815623687526 0.028862012094557448
0 0.5720285594288115 0.7453271028037384 0.07055858882822344 0.03161077515118197
0 0.6417471650566988 0.7406542056074766 0.061318773624527506 0.03326003298515668
0 0.7133557328853423 0.741478834524464 0.08357832843343133 0.029961517317207257
0 0.7671146577068458 0.740241891148983 0.024779504409911803 0.029686641011544807
0 0.31100377992440154 0.7949422759758109 0.07853842923141537 0.036833424958768554
0 0.37904241915161696 0.7927432655305112 0.05585888282234355 0.03903243540406817
0 0.4319613607727845 0.7916437603078614 0.051658966820663586 0.03958218801539307
0 0.47900041999160015 0.7917811984606927 0.049139017219655606 0.03875755909840572
0 0.5365392692146157 0.7843595382078065 0.07097858042839143 0.028312259483232547
0 0.6018479630407392 0.7851841671247939 0.0747585048299034 0.03271028037383177
0 0.6700965980680387 0.7835349092908191 0.0743385132297354 0.028312259483232547
0 0.7305753884922301 0.7846344145134689 0.05081898362032759 0.03490929081913139
0 0.29441411171776566 0.8336998350742166 0.06467870642587148 0.034084661902144035
0 0.047039059218815626 0.84304562946674 0.06887862242755145 0.03188565145684442
0 0.3947921041579168 0.7179769103903244 0.05879882402351953 0.032985156679494226
0 0.45338093238135235 0.7175645959318306 0.06425871482570349 0.03545904343045629
0 0.5165896682066359 0.7161902144035184 0.06887862242755145 0.03435953820780649
0 0.5711885762284754 0.7139912039582188 0.04031919361612768 0.031061022539857066
0 0.614237715245695 0.7113798790544255 0.04745905081898362 0.034084661902144035
0 0.6679966400671986 0.7108301264431006 0.06677866442671146 0.030786146234194612
0 0.7293154136917261 0.7111050027487631 0.0625787484250315 0.03188565145684442
0 0.3217135657286854 0.6489829576690489 0.05879882402351953 0.034634414513468936
0 0.38282234355312894 0.6467839472237493 0.06761864762704746 0.03793293018141836
0 0.44309113817723644 0.6473336998350742 0.0621587568248635 0.034634414513468936
0 0.497270054598908 0.644172622319956 0.04871902561948761 0.03490929081913139
0 0.5508189836203276 0.6443100604727873 0.06509869802603947 0.035184167124793844
0 0.6201175976480471 0.6447223749312809 0.0743385132297354 0.0360087960417812
0 0.7305753884922301 0.6454095656954371 0.05081898362032759 0.035733919736118745
0 0.3490130197396052 0.8313633864760858 0.044519109617807646 0.03380978559648158
0 0.40529189416211675 0.8283397471137988 0.0755984880302394 0.03380978559648158
0 0.47039059218815626 0.8264156129741617 0.061318773624527506 0.03051126992853216
0 0.5277194456110877 0.8228422210005497 0.05753884922301554 0.028862012094557448
0 0.5850482990340193 0.822429906542056 0.05879882402351953 0.031335898845519516
0 0.6289374212515749 0.819956019791094 0.034019319613607726 0.023639362286970864
0 0.6776564468710625 0.8185816382627817 0.06089878202435951 0.030786146234194612
0 0.7375052498950021 0.8162451896646509 0.0621587568248635 0.028312259483232547
0 0.5306593868122638 0.5783397471137988 0.0499790004199916 0.03188565145684442
0 0.5755984880302394 0.5764156129741617 0.05249895002099958 0.030786146234194612
0 0.6301973960520789 0.5736668499175371 0.06425871482570349 0.024189114898295765
0 0.6906761864762705 0.5768279274326553 0.06845863082738345 0.03161077515118197
0 0.747795044099118 0.5761407366684992 0.05081898362032759 0.030236393622869707
0 0.8017639647207055 0.5764156129741617 0.06635867282654347 0.032435404068169325
0 0.8656026879462411 0.5757284222100055 0.06551868962620748 0.03380978559648158
0 0.373372532549349 0.6114623419461243 0.07895842083158337 0.03380978559648158
0 0.43364132717345655 0.6120120945574491 0.05081898362032759 0.031061022539857066
0 0.4916001679966401 0.6106377130291369 0.06677866442671146 0.03216052776250687
0 0.5529189416211676 0.6096756459593183 0.06005879882402352 0.030236393622869707
0 0.620537589248215 0.6080263881253436 0.07685846283074338 0.033534909290819134
0 0.6934061318773624 0.6073391973611875 0.07139857202855943 0.03490929081913139
0 0.75472490550189 0.6072017592083563 0.06299874002519949 0.033534909290819134
0 0.8116337673246535 0.6076140736668499 0.06005879882402352 0.029961517317207257
0 0.8628727425451491 0.6081638262781748 0.05081898362032759 0.028862012094557448
0 0.04220915581688366 0.6239692138537658 0.0499790004199916 0.031335898845519516
0 0.09155816883662327 0.6213578889499725 0.05375892482150357 0.03161077515118197
0 0.20747585048299033 0.527350192413414 0.08819823603527929 0.028862012094557448
0 0.28538429231415374 0.5265255634964267 0.07853842923141537 0.028312259483232547
0 0.35573288534229314 0.5248763056624519 0.06719865602687947 0.029411764705882353
0 0.8330533389332213 0.3130841121495327 0.07265854682906342 0.035184167124793844
0 0.7064258714825703 0.3776800439802089 0.06383872322553549 0.034634414513468936
0 0.7673246535069299 0.3775426058273777 0.06299874002519949 0.03380978559648158
0 0.8200335993280135 0.37850467289719625 0.04745905081898362 0.030236393622869707
0 0.8698026039479211 0.3786421110500275 0.05375892482150357 0.029961517317207257
0 0.9208315833683326 0.377130291368884 0.0499790004199916 0.03188565145684442
0 0.9666106677866443 0.37822979659153383 0.04325913481730365 0.030786146234194612
0 0.09134817303653926 0.04040681693238043 0.05249895002099958 0.03628367234744365
