0 0.1610337972166998 0.09474161378059837 0.16500994035785288 0.1042611060743427
0 0.19383697813121273 0.8816863100634633 0.12326043737574553 0.15503173164097914
0 0.3379721669980119 0.27923844061650044 0.15904572564612326 0.1958295557570263
0 0.11481113320079522 0.42112420670897555 0.1679920477137177 0.19492293744333636
0 0.6719681908548708 0.7751586582048957 0.19284294234592445 0.13417951042611062
0 0.4577534791252485 0.7656391659111514 0.1679920477137177 0.14596554850407978
0 0.19383697813121273 0.7524932003626473 0.27435387673956263 0.14505893019038985
0 0.41848906560636184 0.08930190389845875 0.3061630218687873 0.13508612873980055
0 0.5422465208747514 0.25067996373526746 0.25944333996023855 0.16047144152311876
0 0.3946322067594433 0.42339075249320035 0.3996023856858847 0.17588395285584768
0 0.4125248508946322 0.8952855847688124 0.147117296222664 0.14959202175883954
0 0.7813121272365805 0.885766092475068 0.3558648111332008 0.1613780598368087
0 0.11630218687872763 0.2411604714415231 0.2783300198807157 0.17225747960108795
0 0.7216699801192843 0.4274705349048051 0.2584493041749503 0.19673617407071622
0 0.757455268389662 0.09882139619220308 0.1988071570576541 0.16681776971894832
0 0.4125248508946322 0.6183136899365367 0.4194831013916501 0.18313689936536717
0 0.7982107355864811 0.6332728921124207 0.3697813121272366 0.18041704442429737
0 0.8772365805168986 0.26790571169537625 0.2117296222664016 0.12239347234814144
0 0.7246520874751491 0.2597461468721668 0.07952286282306163 0.1314596554850408
0 0.12823061630218688 0.5924750679963735 0.15705765407554673 0.185856754306437
0 0.918986083499006 0.10063463281958296 0.1341948310139165 0.17769718948322757
