0 0.06762132060461416 0.24347826086956523 0.11933174224343675 0.0629399585921325
0 0.07239459029435164 0.18612836438923394 0.11296738265712013 0.05010351966873706
0 0.18456642800318218 0.2942028985507246 0.07955449482895784 0.0650103519668737
0 0.049721559268098646 0.30662525879917185 0.061256961018297536 0.05507246376811594
0 0.061654733492442326 0.3670807453416149 0.05807478122513922 0.060041407867494824
0 0.2311058074781225 0.06480331262939959 0.1360381861575179 0.0782608695652174
0 0.09904534606205251 0.07101449275362319 0.09626093874303898 0.06997929606625258
0 0.08711217183770883 0.5463768115942029 0.1328560063643596 0.06915113871635611
0 0.3042959427207637 0.4074534161490683 0.29832935560859186 0.056314699792960665
0 0.2537788385043755 0.46956521739130436 0.1654733492442323 0.05134575569358178
0 0.4383452665075577 0.46107660455486543 0.17024661893396978 0.05010351966873706
0 0.28957836117740654 0.5341614906832298 0.19411296738265713 0.060455486542443065
0 0.23389021479713604 0.6 0.24502784407319014 0.05217391304347826
0 0.42601431980906923 0.594824016563147 0.13922036595067622 0.04679089026915114
0 0.2016706443914081 0.7703933747412008 0.07875894988066826 0.06252587991718427
0 0.3126491646778043 0.7641821946169772 0.07319013524264122 0.06169772256728778
0 0.5246618933969769 0.7579710144927536 0.22673031026252982 0.0650103519668737
0 0.5513126491646778 0.8799171842650103 0.22275258552108193 0.062111801242236024
0 0.8305489260143198 0.7399585921325051 0.162291169451074 0.060455486542443065
0 0.8424821002386634 0.8687370600414078 0.1575178997613365 0.05962732919254658
0 0.7179793158313444 0.9339544513457557 0.11694510739856802 0.055900621118012424
0 0.5883054892601431 0.937888198757764 0.147175815433572 0.05548654244306418
0 0.2939538583929992 0.881159420289855 0.29832935560859186 0.05548654244306418
0 0.27048528241845665 0.8260869565217391 0.2577565632458234 0.049689440993788817
0 0.4964200477326969 0.8213250517598344 0.1909307875894988 0.0525879917184265
0 0.24701670644391407 0.941407867494824 0.17899761336515513 0.058385093167701865
0 0.513126491646778 0.05507246376811594 0.1957040572792363 0.06128364389233954
0 0.8595863166268894 0.12753623188405797 0.15194908512330946 0.04803312629399586
0 0.47255369928400953 0.12877846790890268 0.19729514717581542 0.056314699792960665
0 0.7040572792362768 0.17805383022774326 0.12251392203659507 0.0505175983436853
0 0.7199681782020684 0.27867494824016564 0.1718377088305489 0.053830227743271224
0 0.5715990453460621 0.28095238095238095 0.06284805091487669 0.05341614906832298
0 0.4618138424821002 0.2859213250517598 0.06284805091487669 0.05755693581780538
0 0.352824184566428 0.29130434782608694 0.147175815433572 0.06252587991718427
0 0.6813842482100239 0.06935817805383022 0.14558472553699284 0.07246376811594203
0 0.0588703261734288 0.7140786749482402 0.06682577565632458 0.06997929606625258
0 0.07478122513922036 0.8343685300207039 0.07637231503579953 0.06542443064182195
0 0.5294351630867143 0.5366459627329192 0.23786793953858393 0.06542443064182195
0 0.43675417661097854 0.6917184265010352 0.2386634844868735 0.07163561076604555
0 0.18973747016706444 0.7024844720496894 0.15035799522673032 0.07494824016563147
0 0.3599840891010342 0.18198757763975154 0.13762927605409706 0.054244306418219465
0 0.21201272871917262 0.1826086956521739 0.1662688941925219 0.05548654244306418
0 0.5377883850437549 0.184472049689441 0.2163882259347653 0.05341614906832298
0 0.0588703261734288 0.4267080745341615 0.05568814638027048 0.054244306418219465
0 0.061654733492442326 0.482815734989648 0.06762132060461416 0.05962732919254658
0 0.06682577565632458 0.8898550724637682 0.08432776451869531 0.05548654244306418
0 0.6543357199681782 0.6455486542443064 0.0883054892601432 0.0546583850931677
0 0.8007159904534606 0.6374741200828158 0.20286396181384247 0.06086956521739131
0 0.6595067621320605 0.8178053830227743 0.14160700079554495 0.06376811594202898
0 0.8186157517899761 0.7971014492753623 0.20684168655529037 0.06376811594202898
0 0.7466189339697693 0.5888198757763975 0.15354017501988862 0.053830227743271224
0 0.8711217183770883 0.6801242236024845 0.16706443914081145 0.05921325051759834
0 0.09069212410501193 0.9432712215320911 0.14160700079554495 0.05714285714285714
0 0.42442322991249004 0.9426501035196687 0.17899761336515513 0.058385093167701865
0 0.8456642800318218 0.931055900621118 0.1368337311058075 0.06335403726708075
0 0.26292760540970567 0.35010351966873704 0.18536197295147175 0.06418219461697723
0 0.837708830548926 0.17888198757763976 0.1654733492442323 0.053830227743271224
0 0.9331742243436754 0.1803312629399586 0.03977724741447892 0.05093167701863354
0 0.3532219570405728 0.06418219461697723 0.13046937151949084 0.07784679089026915
0 0.3564041368337311 0.23519668737060043 0.324582338902148 0.04886128364389234
0 0.7128082736674622 0.2329192546583851 0.4025457438345266 0.04927536231884058
0 0.822593476531424 0.06728778467908902 0.14478918058870327 0.07991718426501035
0 0.10342084327764518 0.12960662525879918 0.1718377088305489 0.0546583850931677
0 0.2828162291169451 0.1298136645962733 0.18377088305489261 0.05341614906832298
0 0.06284805091487669 0.6118012422360248 0.09864757358790771 0.06583850931677018
0 0.5803500397772474 0.5921325051759835 0.1805887032617343 0.05962732919254658
0 0.8571996817820207 0.5850931677018634 0.07875894988066826 0.053830227743271224
0 0.06801909307875895 0.774120082815735 0.09148766905330151 0.05507246376811594
0 0.4451073985680191 0.9836438923395445 0.1917263325377884 0.031055900621118012
0 0.7641209228321401 0.9790890269151139 0.18217979315831345 0.03188405797101449
0 0.9498806682577565 0.5875776397515527 0.10660302307080351 0.053830227743271224
