0 0.08205689277899343 0.11189801699716714 0.11597374179431072 0.13125590179414542
0 0.3977024070021882 0.1052880075542965 0.32713347921225383 0.1501416430594901
0 0.2335886214442013 0.5217186024551463 0.45185995623632386 0.1935788479697828
0 0.7609409190371991 0.7544853635505193 0.3949671772428884 0.15486307837582625
0 0.7040481400437637 0.10953729933899906 0.18927789934354486 0.13786591123701605
0 0.10886214442013128 0.28234183191690276 0.16083150984682712 0.15864022662889518
0 0.7428884026258206 0.26770538243626063 0.33916849015317285 0.17091595845136923
0 0.6575492341356673 0.4452313503305005 0.3435448577680525 0.15769593956562794
0 0.38949671772428884 0.26251180358829085 0.37199124726477023 0.1643059490084986
0 0.9059080962800875 0.43153918791312557 0.12910284463894967 0.1359773371104816
0 0.6794310722100656 0.6048158640226629 0.387308533916849 0.15203021718602455
0 0.3687089715536105 0.704438149197356 0.20568927789934355 0.15486307837582625
0 0.6684901531728665 0.8994334277620396 0.3741794310722101 0.14447592067988668
0 0.9239606126914661 0.8923512747875354 0.15426695842450766 0.15864022662889518
0 0.899343544857768 0.11425873465533522 0.1400437636761488 0.14353163361661944
