0 0.12354651162790697 0.11506849315068493 0.19476744186046513 0.13424657534246576
0 0.5690406976744186 0.12191780821917808 0.24854651162790697 0.1726027397260274
0 0.09084302325581395 0.4452054794520548 0.1613372093023256 0.18356164383561643
0 0.41351744186046513 0.42876712328767125 0.4752906976744186 0.1863013698630137
0 0.13953488372093023 0.7753424657534247 0.2441860465116279 0.20273972602739726
0 0.41933139534883723 0.7883561643835616 0.35319767441860467 0.18493150684931506
0 0.8183139534883721 0.11027397260273973 0.23546511627906977 0.17123287671232876
0 0.33502906976744184 0.13219178082191782 0.23982558139534885 0.2095890410958904
0 0.7427325581395349 0.45821917808219176 0.18604651162790697 0.16575342465753426
0 0.48691860465116277 0.6116438356164383 0.23255813953488372 0.1684931506849315
0 0.8023255813953488 0.6082191780821918 0.37790697674418605 0.16712328767123288
0 0.9120639534883721 0.44315068493150683 0.1555232558139535 0.19041095890410958
0 0.8604651162790697 0.25616438356164384 0.17732558139534885 0.1589041095890411
0 0.7231104651162791 0.7705479452054794 0.3241279069767442 0.15753424657534246
0 0.9353197674418605 0.7753424657534247 0.12936046511627908 0.16986301369863013
