0 0.11530398322851153 0.0660941000746826 0.14255765199161424 0.07841672890216579
0 0.259958071278826 0.06758775205377147 0.1320754716981132 0.08588498879761015
0 0.08909853249475891 0.2580283793876027 0.12578616352201258 0.07244212098581031
0 0.449685534591195 0.36295743091859595 0.14255765199161424 0.10156833457804332
0 0.06079664570230608 0.7968633308439134 0.09014675052410902 0.06721433905899925
0 0.06027253668763103 0.8846153846153846 0.07023060796645703 0.07244212098581031
0 0.16981132075471697 0.79462285287528 0.11949685534591195 0.07617625093353249
0 0.16719077568134172 0.8838685586258401 0.12473794549266247 0.08439133681852129
0 0.20911949685534592 0.5911127707244213 0.12683438155136267 0.0888722927557879
0 0.28983228511530396 0.7882748319641524 0.12473794549266247 0.08289768483943241
0 0.2720125786163522 0.8883495145631068 0.11215932914046121 0.09335324869305452
0 0.6519916142557652 0.7815533980582524 0.14046121593291405 0.09185959671396565
0 0.65041928721174 0.8786407766990292 0.13941299790356393 0.09185959671396565
0 0.5110062893081762 0.160941000746826 0.12264150943396226 0.07393577296489919
0 0.3972746331236897 0.06534727408513816 0.12578616352201258 0.08140403286034353
0 0.07547169811320754 0.16430171769977595 0.11740041928721175 0.08961911874533234
0 0.20440251572327045 0.17289021657953696 0.1488469601677149 0.08289768483943241
0 0.05870020964360587 0.35623599701269604 0.10062893081761007 0.08961911874533234
0 0.8621593291404612 0.3551157580283794 0.08490566037735849 0.08140403286034353
0 0.7421383647798742 0.3581030619865571 0.15513626834381553 0.09335324869305452
0 0.2929769392033543 0.6908140403286034 0.31761006289308175 0.08961911874533234
0 0.07389937106918239 0.6975354742345033 0.13731656184486374 0.09410007468259896
0 0.8364779874213837 0.8786407766990292 0.22641509433962265 0.10978342046303212
0 0.8668763102725366 0.7796863330843914 0.2348008385744235 0.08065720687079911
0 0.5450733752620545 0.5814040328603436 0.2180293501048218 0.09783420463032114
0 0.8684486373165619 0.5858849887976102 0.17714884696016772 0.1277072442120986
0 0.7678197064989518 0.15571321882001493 0.1792452830188679 0.08289768483943241
0 0.9192872117400419 0.15160567587752055 0.12368972746331237 0.09260642270351008
0 0.5911949685534591 0.35399551904406273 0.1488469601677149 0.10306198655713218
0 0.5188679245283019 0.6908140403286034 0.16561844863731656 0.08961911874533234
0 0.46226415094339623 0.7815533980582524 0.2348008385744235 0.08439133681852129
0 0.4533542976939203 0.8745332337565347 0.24633123689727462 0.09858103061986558
0 0.09329140461215933 0.5843913368185213 0.14046121593291405 0.11725168035847648
0 0.15932914046121593 0.3554891710231516 0.12368972746331237 0.08812546676624347
0 0.29350104821802936 0.35847647498132934 0.15932914046121593 0.1135175504107543
0 0.33752620545073375 0.25317401045556387 0.12159329140461216 0.08663181478715459
0 0.3642557651991614 0.15832710978342046 0.1792452830188679 0.08961911874533234
0 0.5864779874213837 0.062359970126960415 0.27568134171907754 0.0948469006721434
0 0.949685534591195 0.3469006721433906 0.09224318658280922 0.0948469006721434
0 0.8359538784067087 0.6893203883495146 0.1540880503144654 0.10306198655713218
0 0.8338574423480084 0.05825242718446602 0.22746331236897274 0.09260642270351008
0 0.5581761006289309 0.2524271844660194 0.319706498951782 0.10306198655713218
0 0.8532494758909853 0.25504107542942495 0.2809224318658281 0.1053024645257655
0 0.6839622641509434 0.6904406273338313 0.16876310272536688 0.10380881254667662
0 0.34014675052410903 0.5866318147871546 0.149895178197065 0.11874533233756535
0 0.21593291404612158 0.9731142643764003 0.1111111111111111 0.04779686333084392
0 0.36215932914046123 0.9742345033607169 0.18763102725366876 0.04854368932038835
0 0.5377358490566038 0.9753547423450336 0.18029350104821804 0.04480955937266617
0 0.6582809224318659 0.9761015683345781 0.05870020964360587 0.037341299477221805
0 0.7164570230607966 0.9712471994025392 0.06184486373165619 0.038088125466766244
0 0.7882599580712788 0.970873786407767 0.07756813417190776 0.035847647498132934
0 0.8689727463312369 0.964152352501867 0.07756813417190776 0.028379387602688575
0 0.8710691823899371 0.9824495892457058 0.08176100628930817 0.014189693801344288
0 0.6174004192872118 0.15646004480955938 0.12368972746331237 0.08737864077669903
