0 0.1793179317931793 0.5488372093023256 0.28602860286028603 0.18046511627906978
0 0.1496149614961496 0.7641860465116279 0.20242024202420242 0.1888372093023256
0 0.4312431243124312 0.74 0.35203520352035206 0.12930232558139534
0 0.4493949394939494 0.552093023255814 0.21012101210121012 0.1813953488372093
0 0.6512651265126512 0.5590697674418604 0.1782178217821782 0.15627906976744185
0 0.5808580858085809 0.9176744186046512 0.23322332233223322 0.12186046511627907
0 0.6848184818481848 0.7483720930232558 0.19911991199119913 0.12558139534883722
0 0.18316831683168316 0.25906976744186044 0.11771177117711772 0.1330232558139535
0 0.6842684268426843 0.4158139534883721 0.1936193619361936 0.13581395348837208
0 0.4680968096809681 0.26325581395348835 0.22772277227722773 0.15627906976744185
