0 0.3196078431372549 0.24936548223350255 0.21830065359477124 0.2068527918781726
0 0.5836601307189543 0.2303299492385787 0.1895424836601307 0.19923857868020303
0 0.8281045751633986 0.21256345177664976 0.27058823529411763 0.1434010152284264
0 0.0915032679738562 0.2684010152284264 0.16470588235294117 0.19416243654822335
0 0.23660130718954248 0.07106598984771574 0.1568627450980392 0.12944162436548223
0 0.09084967320261438 0.07677664974619289 0.15555555555555556 0.13071065989847716
0 0.13725490196078433 0.4663705583756345 0.25620915032679736 0.18908629441624367
0 0.4235294117647059 0.44923857868020306 0.33202614379084966 0.21065989847715735
0 0.7287581699346405 0.6135786802030457 0.18169934640522875 0.17385786802030456
0 0.7222222222222222 0.43210659898477155 0.2679738562091503 0.18908629441624367
0 0.9098039215686274 0.3953045685279188 0.10980392156862745 0.12309644670050761
0 0.5098039215686274 0.06535532994923858 0.40522875816993464 0.13071065989847716
0 0.8098039215686275 0.08185279187817258 0.19215686274509805 0.13071065989847716
0 0.530718954248366 0.6326142131979695 0.20130718954248367 0.1814720812182741
0 0.8888888888888888 0.6104060913705583 0.1437908496732026 0.17766497461928935
