0 0.1453125 0.11167146974063401 0.228125 0.14553314121037464
0 0.48984375 0.13256484149855907 0.2609375 0.21613832853025935
0 0.81328125 0.10446685878962536 0.2140625 0.17723342939481268
0 0.10078125 0.33861671469740634 0.1765625 0.2017291066282421
0 0.115625 0.5778097982708934 0.2 0.21902017291066284
0 0.48203125 0.5360230547550432 0.5390625 0.1988472622478386
0 0.24765625 0.8674351585014409 0.4171875 0.1440922190201729
0 0.4265625 0.7060518731988472 0.409375 0.16138328530259366
0 0.79765625 0.6873198847262247 0.3234375 0.15561959654178675
0 0.55625 0.8609510086455331 0.2125 0.14265129682997119
0 0.321875 0.3479827089337176 0.284375 0.21181556195965417
0 0.7875 0.3234870317002882 0.25 0.21757925072046108
0 0.8734375 0.5230547550432276 0.24375 0.17579250720461095
0 0.75 0.8479827089337176 0.19375 0.17435158501440923
0 0.5671875 0.3292507204610951 0.184375 0.21181556195965417
0 0.946875 0.3134005763688761 0.08125 0.19164265129682997
0 0.9171875 0.845821325648415 0.14375 0.1642651296829971
