0 0.25292864749733757 0.3081952920662598 0.12673056443024494 0.13862249346120314
0 0.3753993610223642 0.2981691368788143 0.1182108626198083 0.14821272885789014
0 0.5394036208732694 0.2885789014821273 0.21405750798722045 0.17088055797733218
0 0.8067092651757188 0.2842197035745423 0.26943556975505856 0.15867480383609417
0 0.14749733759318423 0.8295553618134264 0.23535676251331203 0.1874455100261552
0 0.09371671991480299 0.28596338273757627 0.18743343982960597 0.14472537053182213
0 0.3141640042598509 0.15387968613775066 0.1810436634717785 0.14734088927637315
0 0.12247071352502663 0.13513513513513514 0.20234291799787008 0.14995640802092414
0 0.784877529286475 0.15736704446381866 0.1959531416400426 0.10897994768962511
0 0.35942492012779553 0.8177855274629469 0.19914802981895632 0.15693112467306017
0 0.5591054313099042 0.8221447253705318 0.1959531416400426 0.12728857890148212
0 0.5415335463258786 0.14516129032258066 0.29499467518636846 0.13339145597210114
0 0.7912673056443025 0.7986050566695728 0.3045793397231097 0.14646904969485613
0 0.8807241746538871 0.911944202266783 0.21938232161874335 0.15170008718395817
0 0.5553780617678381 0.9171752397558849 0.42705005324813633 0.14472537053182213
