0 0.11657142857142858 0.11957730812013348 0.1417142857142857 0.13459399332591768
0 0.12742857142857142 0.332035595105673 0.12228571428571429 0.16796440489432704
0 0.23085714285714284 0.11957730812013348 0.08685714285714285 0.14349276974416017
0 0.3445714285714286 0.11735261401557286 0.15428571428571428 0.14349276974416017
0 0.472 0.08342602892102335 0.08 0.10011123470522804
0 0.6491428571428571 0.09232480533926585 0.208 0.13125695216907676
0 0.8354285714285714 0.12347052280311457 0.16457142857142856 0.1446051167964405
0 0.3497142857142857 0.3509454949944383 0.27885714285714286 0.15239154616240266
0 0.12685714285714286 0.7708565072302559 0.16457142857142856 0.1468298109010011
0 0.32857142857142857 0.789210233592881 0.21142857142857144 0.16129032258064516
0 0.5548571428571428 0.7992213570634038 0.2571428571428571 0.15239154616240266
0 0.776 0.803670745272525 0.21942857142857142 0.13904338153503892
0 0.9308571428571428 0.796440489432703 0.08342857142857144 0.16017797552836485
0 0.28 0.9115684093437152 0.4 0.12347052280311457
0 0.5582857142857143 0.9327030033370411 0.15428571428571428 0.0878754171301446
0 0.7125714285714285 0.9521690767519466 0.14742857142857144 0.0778642936596218
0 0.5908571428571429 0.39098998887652947 0.17142857142857143 0.1657397107897664
0 0.7457142857142857 0.39766407119021135 0.14971428571428572 0.13459399332591768
0 0.704 0.2424916573971079 0.272 0.1446051167964405
0 0.48 0.21579532814238042 0.10971428571428571 0.1468298109010011
0 0.8342857142857143 0.89265850945495 0.21257142857142858 0.08565072302558398
0 0.8577142857142858 0.9621802002224694 0.14514285714285713 0.07119021134593993
