0 0.1807297605473204 0.0586527293844367 0.21322690992018245 0.11265969802555169
0 0.38198403648802737 0.062137049941927994 0.19156214367160776 0.10104529616724739
0 0.1750285062713797 0.35656213704994194 0.18129988597491448 0.1207897793263647
0 0.35746864310148235 0.3554006968641115 0.18586088939566706 0.12311265969802555
0 0.6328392246294184 0.1951219512195122 0.21664766248574688 0.1602787456445993
0 0.4657924743443558 0.18989547038327526 0.12884834663625996 0.15447154471544716
0 0.5370581527936146 0.062137049941927994 0.1322690992018244 0.10104529616724739
0 0.14709236031927023 0.18524970963995355 0.1619156214367161 0.14518002322880372
0 0.3124287343215507 0.18524970963995355 0.17103762827822122 0.13821138211382114
0 0.5399087799315849 0.35598141695702673 0.1904218928164196 0.13124274099883856
0 0.6687571265678449 0.06387921022067364 0.14253135689851767 0.12311265969802555
0 0.7873432155074116 0.35772357723577236 0.24971493728620298 0.1718931475029036
0 0.8523375142531356 0.07375145180023229 0.22462941847206386 0.13821138211382114
