0 0.08076165462902167 0.11433087460484721 0.05384110308601445 0.033368458025992274
0 0.0804333552199606 0.08166491043203372 0.0623768877216021 0.03126097646645592
0 0.08141825344714379 0.047593958552862664 0.06565988181221274 0.032665964172813484
0 0.07879185817465528 0.14488935721812435 0.0551543007222587 0.027748507200561996
0 0.0659881812212738 0.31858096241657885 0.043992120814182537 0.0365296803652968
0 0.10439921208141825 0.31805409202669477 0.034143138542350626 0.035475939585528624
0 0.1582403151674327 0.31594661046715844 0.07353906762967827 0.03828591499824376
0 0.08568614576493762 0.25008781173164735 0.07944845699277742 0.03863716192483316
0 0.133946158896914 0.05303828591499824 0.05384110308601445 0.029504741833508957
0 0.18286277084701247 0.05602388479100808 0.05581089954038083 0.02423603793466807
0 0.13624425476034144 0.0827186512118019 0.06894287590282337 0.0319634703196347
0 0.24720945502298095 0.05655075518089217 0.08470124753775443 0.02528977871443625
0 0.3217334208798424 0.059009483667017915 0.06828627708470125 0.028099754127151388
0 0.37623112278397897 0.05918510713031261 0.06434668417596848 0.02564102564102564
0 0.43171372291529875 0.06094134176325957 0.058437294812869335 0.027748507200561996
0 0.5068942875902823 0.06304882332279592 0.10374261326329613 0.02985598876009835
0 0.5925804333552199 0.06357569371268001 0.0623768877216021 0.029504741833508957
0 0.2810242941562705 0.2762557077625571 0.061720288903479976 0.03407095187917106
0 0.08273145108338804 0.3895328415876361 0.08273145108338804 0.035124692658939236
0 0.08207485226526592 0.4244819107832806 0.08798424162836507 0.03477344573234984
0 0.12541037426132634 0.11503336845802599 0.05121470781352593 0.0319634703196347
0 0.1303348653972423 0.14436248682824027 0.0623768877216021 0.02880224798033017
0 0.1861457649376231 0.11573586231120478 0.08076165462902167 0.032665964172813484
0 0.2449113591595535 0.11556023884791009 0.07091267235718976 0.03161222339304531
0 0.07485226526592252 0.2153143659992975 0.06828627708470125 0.03020723568668774
0 0.07288246881155613 0.2836318932209343 0.060407091267235716 0.03126097646645592
0 0.06730137885751805 0.3537056550755181 0.04924491135915955 0.035124692658939236
0 0.07485226526592252 0.5345978222690552 0.07485226526592252 0.04355461889708465
0 0.13690085357846357 0.5340709518791711 0.06106369008535785 0.04039339655778012
0 0.08601444517399869 0.5677906568317527 0.0958634274458306 0.02845100105374078
0 0.16611950098489822 0.5674394099051633 0.06565988181221274 0.027748507200561996
0 0.2242284963887065 0.5646294344924482 0.054497701904136574 0.02704601334738321
0 0.08601444517399869 0.8143659992975062 0.06565988181221274 0.04390586582367404
0 0.0840446487196323 0.769406392694064 0.056467498358502954 0.048823322795925536
0 0.07649376231122784 0.7291886195995785 0.051871306631648066 0.035124692658939236
0 0.13230466185160866 0.7249736564805058 0.06762967826657912 0.037934668071654375
0 0.08273145108338804 0.6914295749912188 0.07353906762967827 0.03126097646645592
0 0.19829284307288247 0.14506498068141904 0.07879185817465528 0.02599227256761503
0 0.18056467498358503 0.08623112047769582 0.04990151017728168 0.026343519494204427
0 0.22619829284307288 0.0874604847207587 0.0479317137229153 0.024587284861257466
0 0.2764281024294156 0.08798735511064278 0.061720288903479976 0.027748507200561996
0 0.3489822718319107 0.08851422550052687 0.08995403808273145 0.03020723568668774
0 0.42514773473407746 0.09343168247277836 0.06894287590282337 0.032314717246224096
0 0.48063033486539725 0.09395855286266246 0.05384110308601445 0.030558482613277135
0 0.53086014445174 0.09378292939936776 0.046618516086671044 0.030909729539866527
0 0.5902823374917925 0.09518791710572533 0.08141825344714379 0.030909729539866527
0 0.6510177281680893 0.09255356515630488 0.05318450426789232 0.0319634703196347
0 0.7019041365725541 0.09044608359676853 0.05121470781352593 0.030558482613277135
0 0.7567301378857518 0.09044608359676853 0.058437294812869335 0.02985598876009835
0 0.8158240315167433 0.09009483667017913 0.06500328299409061 0.030558482613277135
0 0.8985554826001313 0.08447488584474885 0.103086014445174 0.03758342114506498
0 0.9093893630991464 0.1192483315770987 0.09717662508207485 0.036178433438707414
0 0.8266579120157583 0.12065331928345627 0.06303348653972422 0.033368458025992274
0 0.8348653972422849 0.15402177730944855 0.07025607353906763 0.0319634703196347
0 0.9149704530531845 0.1515630488233228 0.09389363099146422 0.033368458025992274
0 0.7439264609323704 0.1238145416227608 0.10111621799080761 0.033368458025992274
0 0.6605384110308602 0.12451703547593959 0.06565988181221274 0.03407095187917106
0 0.26526592252133946 0.14471373375482965 0.06434668417596848 0.026694766420793818
0 0.31680892974392644 0.14488935721812435 0.04530531845042679 0.0228310502283105
0 0.22915298752462246 0.2787144362486828 0.04727511490479317 0.02845100105374078
0 0.15036112934996718 0.2811731647348086 0.1103086014445174 0.03758342114506498
0 0.25705843729481287 0.31155602388479103 0.06631648063033486 0.03723217421847559
0 0.31254103742613265 0.30997541271513873 0.05778069599474721 0.035475939585528624
0 0.1313197636244255 0.3540569020021075 0.08141825344714379 0.03371970495258166
0 0.6437951411687459 0.06322444678609063 0.05975049244911359 0.029504741833508957
0 0.7133946158896914 0.06094134176325957 0.08601444517399869 0.030558482613277135
0 0.7957977675640184 0.05830698981383913 0.0840446487196323 0.03582718651211802
0 0.14510833880499016 0.24675096592904813 0.06303348653972422 0.039690902704601336
0 0.13755745239658568 0.21285563751317177 0.05581089954038083 0.03582718651211802
0 0.19993434011818778 0.2112750263435195 0.08076165462902167 0.033368458025992274
0 0.21043992120814184 0.24446786090621708 0.08864084044648719 0.03582718651211802
0 0.20912672357189757 0.18247277836318931 0.06894287590282337 0.02845100105374078
0 0.29185817465528563 0.24358974358974358 0.08338804990151018 0.03477344573234984
0 0.5157583716349311 0.24271162627327011 0.046618516086671044 0.03582718651211802
0 0.571897570584373 0.24095539164032315 0.07091267235718976 0.029504741833508957
0 0.6257386736703874 0.24113101510361784 0.040709126723571895 0.02845100105374078
0 0.6720288903479974 0.24271162627327011 0.06631648063033486 0.02880224798033017
0 0.2655942219304005 0.21162627327010888 0.051871306631648066 0.030558482613277135
0 0.325016414970453 0.2109237794169301 0.08798424162836507 0.030558482613277135
0 0.3936309914642154 0.21408500175623463 0.05712409717662508 0.024938531787846857
0 0.4579776756401838 0.21373375482964524 0.07550886408404466 0.032665964172813484
0 0.5656598818122127 0.2112750263435195 0.08864084044648719 0.02985598876009835
0 0.6520026263952725 0.21373375482964524 0.09455022980958634 0.02845100105374078
0 0.7511490479317138 0.2107481559536354 0.11950098489822718 0.03301721109940288
0 0.8956007879185818 0.2112750263435195 0.10242941562705186 0.03477344573234984
0 0.3282994090610637 0.11819459079733052 0.11818778726198292 0.03126097646645592
0 0.5095206828627709 0.12662451703547595 0.06828627708470125 0.030558482613277135
0 0.5847012475377544 0.12644889357218125 0.0912672357189757 0.032314717246224096
0 0.3680236375574524 0.4153494906919564 0.05318450426789232 0.027748507200561996
0 0.42153644123440576 0.41429574991218826 0.05909389363099146 0.030558482613277135
0 0.4829284307288247 0.41060765718299963 0.06631648063033486 0.03863716192483316
0 0.06730137885751805 0.6171408500175624 0.0479317137229153 0.03442219880576045
0 0.11884438608010506 0.6104671584123639 0.056467498358502954 0.028099754127151388
0 0.1917268548916612 0.60695468914647 0.09323703217334209 0.02880224798033017
0 0.27905449770190416 0.6018616087109238 0.08798424162836507 0.024938531787846857
0 0.34931057124097176 0.598876009834914 0.05384110308601445 0.024587284861257466
0 0.44517399868680235 0.5960660344221989 0.12606697307944845 0.024587284861257466
0 0.6080105055810899 0.5892167193537057 0.09061063690085358 0.030558482613277135
0 0.6841759684832567 0.5851773796979276 0.07222586999343401 0.029504741833508957
0 0.07091267235718976 0.6522655426765016 0.06303348653972422 0.03933965577801194
0 0.13164806303348653 0.6508605549701441 0.05975049244911359 0.03723217421847559
0 0.18745896257386738 0.6492799438004917 0.050558108995403805 0.03758342114506498
0 0.27905449770190416 0.5637513171759747 0.06434668417596848 0.026694766420793818
0 0.35489166119500987 0.5611169652265543 0.09914642153644124 0.029153494906919566
0 0.42153644123440576 0.5572532490340709 0.03808273145108339 0.02845100105374078
0 0.47537754432042023 0.555497014401124 0.07879185817465528 0.027748507200561996
0 0.6437951411687459 0.5502283105022832 0.10833880499015101 0.03126097646645592
0 0.2035456336178595 0.5305584826132771 0.08273145108338804 0.033368458025992274
0 0.1319763624425476 0.4956094134176326 0.06828627708470125 0.037934668071654375
0 0.20157583716349312 0.4931506849315068 0.07222586999343401 0.03933965577801194
0 0.2767564018384767 0.49262381454162274 0.07944845699277742 0.039690902704601336
0 0.33256730137885754 0.48981383912890764 0.04267892317793828 0.03828591499824376
0 0.38279711096520025 0.48717948717948717 0.056467498358502954 0.03933965577801194
0 0.4556795797767564 0.48489638215665615 0.1103086014445174 0.03758342114506498
0 0.36441234405778067 0.30962416578854934 0.056467498358502954 0.02845100105374078
0 0.4294156270518713 0.3082191780821918 0.07879185817465528 0.030558482613277135
0 0.5702560735390676 0.30014049877063576 0.07813525935653316 0.03477344573234984
0 0.6346027577150362 0.30049174569722514 0.05581089954038083 0.029153494906919566
0 0.700919238345371 0.29996487530734106 0.08076165462902167 0.032314717246224096
0 0.7951411687458962 0.2973305233579206 0.09980302035456336 0.035475939585528624
0 0.881812212738017 0.29574991218826835 0.07747866053841103 0.035124692658939236
0 0.19402495075508863 0.351422550052687 0.046618516086671044 0.03477344573234984
0 0.24983585029546948 0.3475588338602037 0.06631648063033486 0.03758342114506498
0 0.31713722915298753 0.3440463645943098 0.07485226526592252 0.03758342114506498
0 0.38640840446487196 0.34334387074113104 0.07025607353906763 0.0368809272918862
0 0.4356533158240315 0.34369511766772043 0.04136572554169402 0.03828591499824376
0 0.4819435325016415 0.3424657534246575 0.0551543007222587 0.03723217421847559
0 0.5262639527248851 0.3405338953284159 0.054497701904136574 0.0368809272918862
0 0.5787918581746553 0.3361433087460485 0.05975049244911359 0.03371970495258166
0 0.633946158896914 0.3347383210396909 0.05712409717662508 0.0365296803652968
0 0.6913985554826001 0.3336845802599227 0.06434668417596848 0.03161222339304531
0 0.7498358502954695 0.33263083948015454 0.05252790544977019 0.032314717246224096
0 0.7977675640183848 0.33175272216368107 0.04727511490479317 0.0319634703196347
0 0.8571897570584373 0.3291183702142606 0.07419566644780039 0.035124692658939236
0 0.9284307288246881 0.3259571478749561 0.07879185817465528 0.037934668071654375
0 0.3328956007879186 0.38303477344573233 0.08273145108338804 0.04039339655778012
0 0.40479317137229154 0.380927291886196 0.07025607353906763 0.03898840885142255
0 0.4829284307288247 0.3767123287671233 0.103086014445174 0.03407095187917106
0 0.5682862770847013 0.3724973656480506 0.07419566644780039 0.033368458025992274
0 0.6378857518056468 0.36916051984545134 0.06369008535784636 0.03723217421847559
0 0.7120814182534472 0.3698630136986301 0.08864084044648719 0.035124692658939236
0 0.31221273801707156 0.4171057253249034 0.06369008535784636 0.029153494906919566
0 0.16677609980302036 0.6861608710923779 0.0984898227183191 0.039690902704601336
0 0.25180564674983585 0.682648401826484 0.07682206172028891 0.04039339655778012
0 0.21405121470781352 0.720231822971549 0.10111621799080761 0.03758342114506498
0 0.14346684175968483 0.8103266596417281 0.05318450426789232 0.040744643484369514
0 0.21273801707156928 0.8061116965226555 0.0840446487196323 0.04285212504390586
0 0.30334865397242283 0.8025992272567615 0.10242941562705186 0.04355461889708465
0 0.3755745239658569 0.8015454864769933 0.0551543007222587 0.04847207586933614
0 0.6057124097176625 0.7871443624868283 0.08338804990151018 0.040744643484369514
0 0.495075508864084 0.6707060063224447 0.07485226526592252 0.03898840885142255
0 0.5577806959947472 0.6687741482262031 0.05318450426789232 0.037934668071654375
0 0.6497045305318451 0.6654373024236038 0.046618516086671044 0.036178433438707414
0 0.7032173342087984 0.662978573937478 0.06828627708470125 0.03828591499824376
0 0.07846355876559422 0.18563400070249386 0.07419566644780039 0.029153494906919566
0 0.1464215364412344 0.18299964875307342 0.061720288903479976 0.0273972602739726
0 0.27971109652002624 0.1828240252897787 0.07222586999343401 0.02564102564102564
0 0.5551543007222587 0.18528275377590447 0.08995403808273145 0.02845100105374078
0 0.6457649376231123 0.18510713031260975 0.07944845699277742 0.03020723568668774
0 0.737032173342088 0.182648401826484 0.10439921208141825 0.03020723568668774
0 0.8808273145108338 0.18036529680365296 0.09652002626395273 0.02845100105374078
0 0.33782009192383455 0.2755532139093783 0.058437294812869335 0.03407095187917106
0 0.3972422849638871 0.2760800842992624 0.06434668417596848 0.03442219880576045
0 0.4510833880499015 0.27695820161573587 0.04464871963230466 0.033368458025992274
0 0.5535128036769534 0.2702845100105374 0.07879185817465528 0.03126097646645592
0 0.6349310571240971 0.2697576396206533 0.09061063690085358 0.028099754127151388
0 0.5141168745896257 0.5182648401826484 0.0840446487196323 0.04039339655778012
0 0.5965200262639527 0.515630488233228 0.09520682862770848 0.040042149631190724
0 0.6848325673013789 0.5126448893572181 0.08141825344714379 0.04320337197049526
0 0.5761654629021667 0.48331577098700385 0.09652002626395273 0.03161222339304531
0 0.6539724228496389 0.47874956094134175 0.07353906762967827 0.03371970495258166
0 0.381483913328956 0.6359325605900948 0.060407091267235716 0.0319634703196347
0 0.4665134602757715 0.6318932209343169 0.11359159553512804 0.03582718651211802
0 0.15233092580433355 0.7667720407446434 0.08667104399212082 0.04917456972251493
0 0.737032173342088 0.24148226203020723 0.06762967826657912 0.02845100105374078
0 0.7948128693368351 0.24130663856691253 0.05581089954038083 0.03020723568668774
0 0.8535784635587655 0.24042852125043906 0.066973079448457 0.024938531787846857
0 0.6989494418910046 0.2706357569371268 0.0623768877216021 0.02704601334738321
0 0.7534471437951412 0.2709870038637162 0.06894287590282337 0.02423603793466807
0 0.7895600787918582 0.3658236740428521 0.07682206172028891 0.03758342114506498
0 0.860801050558109 0.3607305936073059 0.07353906762967827 0.03020723568668774
0 0.9422193040052528 0.3607305936073059 0.09192383453709783 0.04355461889708465
0 0.06795797767564019 0.4961362838075167 0.05975049244911359 0.032665964172813484
0 0.5554826001313198 0.40937829293993677 0.07747866053841103 0.03828591499824376
0 0.6247537754432042 0.40691956445381106 0.0623768877216021 0.03758342114506498
0 0.6730137885751806 0.4065683175272216 0.060407091267235716 0.03758342114506498
0 0.7294812869336835 0.4067439409905163 0.08010505581089954 0.03442219880576045
0 0.798752462245568 0.40463645943098 0.06369008535784636 0.03582718651211802
0 0.8532501641497046 0.4021777309448542 0.050558108995403805 0.03371970495258166
0 0.9103742613263296 0.3993677555321391 0.06762967826657912 0.03371970495258166
0 0.07715036112934996 0.45978222690551457 0.07944845699277742 0.03301721109940288
0 0.1428102429415627 0.4545135230066737 0.06369008535784636 0.04355461889708465
0 0.20682862770847013 0.4550403933965578 0.07353906762967827 0.03477344573234984
0 0.2777413000656599 0.44696171408500174 0.07222586999343401 0.029153494906919566
0 0.3473407747866054 0.44661046715841235 0.08535784635587657 0.027748507200561996
0 0.41989494418910045 0.450298559887601 0.07682206172028891 0.035124692658939236
0 0.49868680236375573 0.4495960660344222 0.09258043335521995 0.03371970495258166
0 0.5922521339461589 0.44783983140147526 0.10111621799080761 0.035124692658939236
0 0.6726854891661195 0.4453811029153495 0.06894287590282337 0.0365296803652968
0 0.742284963887065 0.44169301018616086 0.07156927117531188 0.036178433438707414
0 0.8184504267892317 0.44169301018616086 0.07944845699277742 0.03126097646645592
0 0.8913328956007879 0.43870741131015106 0.08076165462902167 0.03933965577801194
0 0.9500984898227183 0.4353705655075518 0.05121470781352593 0.03477344573234984
0 0.943532501641497 0.47365648050579556 0.07222586999343401 0.036178433438707414
0 0.8785292186474064 0.4764664559185107 0.066973079448457 0.035475939585528624
0 0.8063033486539725 0.4768177028451001 0.08141825344714379 0.0368809272918862
0 0.7281680892974393 0.47558833860203725 0.07616546290216678 0.032314717246224096
0 0.32567301378857516 0.6798384264137689 0.08010505581089954 0.03758342114506498
0 0.4107025607353907 0.6731647348085704 0.09258043335521995 0.0410958904109589
0 0.22816808929743926 0.7630839480154549 0.07419566644780039 0.04390586582367404
0 0.773145108338805 0.6599929750614683 0.07288246881155613 0.035124692658939236
0 0.8420879842416283 0.6580611169652265 0.07550886408404466 0.0319634703196347
0 0.9051214707813526 0.656656129258869 0.05712409717662508 0.0368809272918862
0 0.9556795797767564 0.6533192834562698 0.05581089954038083 0.0365296803652968
0 0.2839789888378201 0.7597471022128557 0.05975049244911359 0.04214963119072708
0 0.3466841759684833 0.7608008429926238 0.07879185817465528 0.04285212504390586
0 0.4221930400525279 0.758342114506498 0.08010505581089954 0.040744643484369514
0 0.5738673670387393 0.7469265893923428 0.09323703217334209 0.03828591499824376
0 0.659881812212738 0.7423603793466808 0.08535784635587657 0.036178433438707414
0 0.7304661851608667 0.7383210396909027 0.05712409717662508 0.0365296803652968
0 0.5991464215364413 0.6264488935721813 0.0623768877216021 0.03758342114506498
0 0.6661195009848982 0.6225851773796979 0.07550886408404466 0.03477344573234984
0 0.7301378857518056 0.6215314365999297 0.06303348653972422 0.02985598876009835
0 0.7918581746552856 0.6199508254302775 0.06303348653972422 0.029504741833508957
0 0.8591595535128037 0.6162627327010889 0.06894287590282337 0.02704601334738321
0 0.3739330269205515 0.146821215314366 0.06894287590282337 0.03020723568668774
0 0.5200262639527249 0.7959255356515631 0.09980302035456336 0.04495960660344222
0 0.8683519369665135 0.8043554618897084 0.13854235062376888 0.0414471373375483
0 0.6211424819435325 0.8220934316824727 0.11556139198949442 0.03828591499824376
0 0.36835193696651347 0.8356164383561644 0.16414970453053185 0.03723217421847559
0 0.5636900853578464 0.898840885142255 0.07288246881155613 0.040042149631190724
0 0.6401838476690742 0.8926940639269406 0.07747866053841103 0.036178433438707414
0 0.7081418253447144 0.8861959957850368 0.06106369008535785 0.03582718651211802
0 0.7678923177938279 0.883210396909027 0.06106369008535785 0.036178433438707414
0 0.8397898883782009 0.8791710572532491 0.08929743926460933 0.03723217421847559
0 0.6017728168089297 0.1554267650158061 0.07288246881155613 0.026343519494204427
0 0.6746552856204859 0.15454864769933263 0.08470124753775443 0.0273972602739726
0 0.7564018384766907 0.15384615384615385 0.08141825344714379 0.030909729539866527
0 0.5190413657255417 0.156656129258869 0.09783322390019698 0.029504741833508957
0 0.28036769533814837 0.6434843695117668 0.14182534471437952 0.0414471373375483
0 0.3952724885095207 0.902880224798033 0.11556139198949442 0.04179838426413769
