0 0.08011049723756906 0.03837072018890201 0.10773480662983426 0.04053522235340417
0 0.07147790055248619 0.08107044470680834 0.06422651933701658 0.033844942935852024
0 0.06422651933701658 0.12790240062967337 0.05939226519337017 0.03463203463203463
0 0.05697513812154696 0.16863439590712317 0.060082872928176795 0.03423848878394333
0 0.3425414364640884 0.06139315230224321 0.04834254143646409 0.04092876820149548
0 0.2689917127071823 0.06434474616292798 0.08494475138121547 0.04210940574576938
0 0.20407458563535913 0.12081857536402991 0.11947513812154696 0.046438410074773714
0 0.3090469613259669 0.11432506887052342 0.07803867403314917 0.04919323101141283
0 0.17748618784530387 0.16765053128689492 0.0787292817679558 0.048012593467138924
0 0.474792817679558 0.14757969303423848 0.09599447513812155 0.050373868555686735
0 0.3363259668508287 0.15800865800865802 0.13259668508287292 0.046831955922865015
0 0.4399171270718232 0.02046438410074774 0.09806629834254144 0.025974025974025976
0 0.3090469613259669 0.023219205037386857 0.16367403314917128 0.04014167650531287
0 0.17886740331491713 0.5690672963400236 0.11740331491712708 0.06060606060606061
0 0.30732044198895025 0.5619834710743802 0.06629834254143646 0.05194805194805195
0 0.11740331491712708 0.6452184179456907 0.21685082872928177 0.06887052341597796
0 0.26243093922651933 0.7473435655253837 0.08149171270718232 0.04329004329004329
0 0.1781767955801105 0.7538370720188902 0.08701657458563536 0.04919323101141283
0 0.4530386740331492 0.688508461235734 0.052486187845303865 0.051554506099960644
0 0.08598066298342541 0.8085399449035813 0.12361878453038674 0.05627705627705628
0 0.2361878453038674 0.8097205824478552 0.1477900552486188 0.07044470680834317
0 0.32044198895027626 0.6906729634002361 0.16022099447513813 0.05116096025186934
0 0.06629834254143646 0.5731995277449823 0.09116022099447514 0.05627705627705628
0 0.4558011049723757 0.5676898858717041 0.10220994475138122 0.06099960645415191
0 0.306975138121547 0.6367571822117276 0.1691988950276243 0.06296733569460843
0 0.41540055248618785 0.632624950806769 0.06560773480662983 0.06178669815033452
0 0.47582872928176795 0.633215269578906 0.049723756906077346 0.050373868555686735
0 0.05835635359116022 0.7565918929555293 0.08494475138121547 0.05076741440377804
0 0.07009668508287292 0.7036599763872491 0.09461325966850828 0.048799685163321525
0 0.2033839779005525 0.6959858323494688 0.06698895027624309 0.04289649744195199
0 0.35497237569060774 0.748327430145612 0.08701657458563536 0.04919323101141283
0 0.44578729281767954 0.7451790633608816 0.10151933701657459 0.049980322707595434
0 0.3587707182320442 0.806965761511216 0.10151933701657459 0.053128689492325853
0 0.4305939226519337 0.7977174340810704 0.054558011049723756 0.04171585989767808
0 0.48411602209944754 0.7998819362455726 0.049723756906077346 0.046831955922865015
0 0.0856353591160221 0.9144037780401417 0.09806629834254144 0.04604486422668241
0 0.24412983425414364 0.9140102321920504 0.16505524861878454 0.051554506099960644
0 0.3680939226519337 0.9136166863439591 0.08287292817679558 0.053128689492325853
0 0.4437154696132597 0.9124360487996852 0.06975138121546962 0.05234159779614325
0 0.07320441988950276 0.8681621408894136 0.08425414364640885 0.046438410074773714
0 0.15780386740331492 0.8644234553325463 0.08908839779005524 0.0444706808343172
0 0.23825966850828728 0.8567493112947658 0.05386740331491713 0.025974025974025976
0 0.31353591160220995 0.8585202676111767 0.22790055248618785 0.05234159779614325
0 0.37465469613259667 0.5635576544667453 0.06837016574585636 0.05194805194805195
0 0.4281767955801105 0.10881542699724518 0.16160220994475138 0.05076741440377804
0 0.41747237569060774 0.059818968909878 0.09875690607734806 0.0440771349862259
