0 0.23504273504273504 0.22115384615384615 0.25274725274725274 0.1875
0 0.4804639804639805 0.20372596153846154 0.18192918192918192 0.20552884615384615
0 0.7393162393162394 0.20673076923076922 0.27228327228327226 0.17067307692307693
0 0.49511599511599513 0.39122596153846156 0.18681318681318682 0.18629807692307693
0 0.6648351648351648 0.3972355769230769 0.15995115995115994 0.22956730769230768
0 0.16788766788766787 0.4176682692307692 0.18925518925518925 0.20552884615384615
0 0.32722832722832723 0.4140625 0.12454212454212454 0.2127403846153846
0 0.836996336996337 0.3713942307692308 0.20634920634920634 0.18269230769230768
0 0.19047619047619047 0.6832932692307693 0.21245421245421245 0.19831730769230768
0 0.37606837606837606 0.6856971153846154 0.1562881562881563 0.25841346153846156
0 0.7796092796092796 0.6893028846153846 0.2698412698412698 0.24158653846153846
