0 0.059474412171507604 0.05778739184177997 0.07607192254495158 0.03584672435105068
0 0.05774550484094053 0.1030593325092707 0.08921161825726141 0.04666254635352287
0 0.1483402489626556 0.09394313967861558 0.09059474412171507 0.042027194066749075
0 0.052213001383125866 0.1931396786155748 0.06293222683264177 0.04697156983930779
0 0.05636237897648686 0.26297898640296663 0.0656984785615491 0.04697156983930779
0 0.0636237897648686 0.350123609394314 0.07883817427385892 0.04758961681087762
0 0.0636237897648686 0.3943139678615575 0.0912863070539419 0.04449938195302843
0 0.16839557399723376 0.3414709517923362 0.12932226832641772 0.046353522867737945
0 0.16701244813278007 0.38906056860321386 0.1251728907330567 0.04449938195302843
0 0.11065006915629322 0.48331273176761436 0.07745504840940526 0.054388133498145856
0 0.22337482710926695 0.47435105067985167 0.12863070539419086 0.04449938195302843
0 0.04495159059474412 0.43587762669962915 0.05255878284923928 0.04048207663782447
0 0.05325034578146611 0.48238566131025956 0.05255878284923928 0.04140914709517923
0 0.26798063623789764 0.3397713226205192 0.06708160442600276 0.047280593325092705
0 0.27074688796680496 0.38658838071693447 0.08782849239280774 0.04264524103831891
0 0.3233056708160443 0.33498145859085293 0.04633471645919779 0.03893695920889988
0 0.3872752420470263 0.332663782447466 0.0995850622406639 0.041100123609394315
0 0.3364453665283541 0.37623609394313967 0.04910096818810512 0.03677379480840544
0 0.4094052558782849 0.37824474660074164 0.09405255878284924 0.042027194066749075
0 0.14695712309820194 0.25556242274412855 0.13070539419087138 0.04758961681087762
0 0.24965421853388658 0.2538627935723115 0.07745504840940526 0.04048207663782447
0 0.3035961272475795 0.25061804697156986 0.03734439834024896 0.0377008652657602
0 0.37136929460580914 0.2481458590852905 0.0954356846473029 0.037082818294190356
0 0.13450899031811894 0.43325092707045737 0.12655601659751037 0.04449938195302843
0 0.22856154910096818 0.43000618046971567 0.0739972337482711 0.04048207663782447
0 0.32710926694329184 0.47280593325092707 0.08298755186721991 0.04511742892459827
0 0.3969571230982019 0.47017923362175523 0.06224066390041494 0.04666254635352287
0 0.4699170124481328 0.4669344870210136 0.08921161825726141 0.046353522867737945
0 0.3603042876901798 0.421353522867738 0.07883817427385892 0.04604449938195303
0 0.12448132780082988 0.5699938195302843 0.07192254495159059 0.04048207663782447
0 0.22821576763485477 0.5662855377008653 0.1355463347164592 0.04357231149567367
0 0.33955739972337484 0.5642768850432633 0.07330567081604426 0.03955500618046971
0 0.39764868603042874 0.5605686032138443 0.03734439834024896 0.0377008652657602
0 0.4733748271092669 0.5602595797280593 0.09336099585062241 0.046353522867737945
0 0.07330567081604426 0.6793881334981459 0.08990318118948824 0.04975278121137206
0 0.10615491009681881 0.7254326328800988 0.16390041493775934 0.04233621755253399
0 0.059820193637621026 0.7640605686032138 0.06846473029045644 0.0361557478368356
0 0.06742738589211618 0.8009888751545118 0.050484094052558784 0.03646477132262052
0 0.06811894882434301 0.8436341161928307 0.05186721991701245 0.0407911001236094
0 0.16459197786998617 0.7601977750309024 0.11894882434301521 0.040173053152039555
0 0.15733056708160442 0.8000618046971569 0.10719225449515905 0.03955500618046971
0 0.14903181189488243 0.8420889987639061 0.09889349930843706 0.040173053152039555
0 0.27627939142461966 0.796044499381953 0.12655601659751037 0.04264524103831891
0 0.41044260027662516 0.7535537700865266 0.27869986168741356 0.041100123609394315
0 0.6206777316735823 0.7455191594561187 0.13623789764868602 0.05160692212608158
0 0.38865836791147995 0.717707045735476 0.24619640387275243 0.04480840543881335
0 0.1632088520055325 0.6806242274412856 0.0954356846473029 0.04975278121137206
0 0.28769017980636236 0.6804697156983931 0.13831258644536654 0.05562422744128554
0 0.4017980636237898 0.6691903584672435 0.08990318118948824 0.04233621755253399
0 0.4899723374827109 0.6704264524103832 0.09197786998616875 0.047280593325092705
0 0.6379668049792531 0.6647095179233622 0.13623789764868602 0.05377008652657602
0 0.7486168741355463 0.6603831891223733 0.08921161825726141 0.05377008652657602
0 0.12033195020746888 0.8766996291718171 0.16874135546334718 0.03955500618046971
0 0.2354771784232365 0.8797898640296663 0.050484094052558784 0.0407911001236094
0 0.2921853388658368 0.8396168108776267 0.14315352697095435 0.037082818294190356
0 0.30774550484094054 0.8748454882571075 0.10926694329183956 0.040173053152039555
0 0.29356846473029047 0.9113102595797281 0.156984785615491 0.040173053152039555
0 0.4298063623789765 0.8731458590852905 0.14453665283540804 0.050370828182941904
0 0.38900414937759337 0.7937268232385661 0.10304287690179806 0.04666254635352287
0 0.4851313969571231 0.8300370828182941 0.10857538035961273 0.038318912237330034
0 0.8167358229598893 0.8213844252163165 0.24619640387275243 0.054388133498145856
0 0.6051175656984785 0.8678924598269468 0.1798063623789765 0.04789864029666255
0 0.7652143845089903 0.8627935723114957 0.11134163208852006 0.04388133498145859
0 0.6009681881051175 0.4641532756489493 0.1798063623789765 0.05253399258343634
0 0.7313278008298755 0.45627317676143386 0.08506224066390042 0.047280593325092705
0 0.8070539419087137 0.45333745364647715 0.0636237897648686 0.04326328800988875
0 0.3094744121715076 0.5179233621755254 0.23720608575380359 0.0519159456118665
0 0.8959197786998617 0.45241038318912236 0.12932226832641772 0.04140914709517923
0 0.543222683264177 0.5118974042027195 0.16390041493775934 0.04666254635352287
0 0.7617565698478561 0.5015451174289246 0.1542185338865837 0.050061804697156986
0 0.609612724757953 0.5536155747836835 0.18188105117565698 0.049134734239802226
0 0.8838174273858921 0.532601977750309 0.09266943291839558 0.04480840543881335
0 0.7631396957123098 0.5424907292954264 0.1334716459197787 0.03553770086526576
0 0.1839557399723375 0.6140296662546354 0.21023513139695713 0.05624227441285538
0 0.36168741355463346 0.6019777503090235 0.1479944674965422 0.05253399258343634
0 0.5459889349930843 0.5959517923362175 0.19294605809128632 0.05593325092707046
0 0.813969571230982 0.5817367119901112 0.16597510373443983 0.04975278121137206
0 0.873789764868603 0.7360939431396786 0.10442600276625173 0.050061804697156986
0 0.3502766251728907 0.9485475896168108 0.14868603042876902 0.03677379480840544
0 0.5286998616874136 0.9398949320148331 0.12378976486860305 0.03553770086526576
0 0.8035961272475796 0.9343325092707045 0.318118948824343 0.048516687268232384
0 0.8191562932226832 0.654202719406675 0.056016597510373446 0.0519159456118665
0 0.9056016597510373 0.6520395550061805 0.10580912863070539 0.05067985166872682
0 0.8876210235131397 0.6968479604449939 0.06154910096818811 0.03893695920889988
0 0.8447441217150761 0.8553770086526576 0.0656984785615491 0.04388133498145859
0 0.16493775933609958 0.05207045735475896 0.1334716459197787 0.03862793572311496
0 0.26141078838174275 0.04898022249690977 0.07468879668049792 0.03986402966625464
0 0.3257261410788382 0.04681705809641533 0.05394190871369295 0.03368355995055624
0 0.25760719225449513 0.09255253399258344 0.1334716459197787 0.04233621755253399
0 0.3686030428769018 0.08868974042027195 0.07745504840940526 0.03955500618046971
0 0.4284232365145228 0.08946229913473425 0.042185338865836794 0.03986402966625464
0 0.1632088520055325 0.14091470951792337 0.3029045643153527 0.05253399258343634
0 0.35892116182572614 0.1342707045735476 0.09266943291839558 0.04666254635352287
0 0.14349930843706776 0.18433250927070458 0.12932226832641772 0.04480840543881335
0 0.24308437067773167 0.1830964153275649 0.07676348547717843 0.04233621755253399
0 0.2987551867219917 0.18046971569839307 0.03872752420470263 0.042027194066749075
0 0.3686030428769018 0.1769159456118665 0.09681881051175657 0.04233621755253399
0 0.20055325034578148 0.29249072929542647 0.18118948824343015 0.04048207663782447
0 0.5421853388658368 0.3719097651421508 0.18118948824343015 0.049134734239802226
0 0.7033195020746889 0.3541409147095179 0.13692946058091288 0.04326328800988875
0 0.5411479944674965 0.32818294190358466 0.21784232365145229 0.048207663782447466
0 0.2921853388658368 0.4266069221260816 0.056016597510373446 0.04480840543881335
0 0.448478561549101 0.4222805933250927 0.10580912863070539 0.04295426452410383
0 0.5750345781466113 0.4123918417799753 0.1542185338865837 0.05098887515451174
0 0.5048409405255878 0.13179851668726822 0.1991701244813278 0.04666254635352287
0 0.5027662517289073 0.0865265760197775 0.09820193637621023 0.033992583436341164
0 0.3893499308437068 0.045271940667490726 0.07607192254495158 0.03677379480840544
0 0.37171507607192256 0.2867737948084054 0.16390041493775934 0.04388133498145859
0 0.5286998616874136 0.28260197775030904 0.169432918395574 0.047280593325092705
0 0.6386583679114799 0.28136588380716937 0.0656984785615491 0.04666254635352287
0 0.4934301521438451 0.7839925834363412 0.07261410788381743 0.02595797280593325
0 0.6832641770401107 0.7835290482076638 0.4896265560165975 0.04975278121137206
0 0.0954356846473029 0.9137824474660075 0.12448132780082988 0.033992583436341164
0 0.4785615491009682 0.9029666254635352 0.08022130013831259 0.019159456118665017
0 0.6877593360995851 0.9004944375772559 0.558091286307054 0.05253399258343634
0 0.15387275242047027 0.9470024721878862 0.24550484094052558 0.03244746600741656
0 0.313969571230982 0.9748145859085291 0.11203319502074689 0.031829419035846726
0 0.47752420470262796 0.9743510506798516 0.11549100968188106 0.03584672435105068
0 0.834716459197787 0.9681705809641533 0.1078838174273859 0.04140914709517923
