0 0.5760517799352751 0.25804924242424243 0.16828478964401294 0.16571969696969696
0 0.7961165048543689 0.26325757575757575 0.2588996763754045 0.1590909090909091
0 0.5021574973031284 0.556344696969697 0.15857605177993528 0.13162878787878787
0 0.6574973031283711 0.556344696969697 0.14778856526429343 0.13162878787878787
0 0.33980582524271846 0.5572916666666666 0.1553398058252427 0.13920454545454544
0 0.15372168284789645 0.5544507575757576 0.18446601941747573 0.14109848484848486
0 0.44552319309600863 0.10558712121212122 0.36245954692556637 0.13541666666666666
0 0.8441208198489751 0.12026515151515152 0.104638619201726 0.1268939393939394
0 0.714670981661273 0.11647727272727272 0.162891046386192 0.13446969696969696
0 0.8576051779935275 0.5279356060606061 0.24163969795037757 0.14678030303030304
0 0.20819848975188782 0.6832386363636364 0.30852211434735705 0.1259469696969697
0 0.4773462783171521 0.4166666666666667 0.11974110032362459 0.14204545454545456
0 0.6537216828478964 0.4133522727272727 0.21790722761596548 0.14488636363636365
0 0.877562028047465 0.4071969696969697 0.2297734627831715 0.14015151515151514
0 0.7686084142394822 0.8082386363636364 0.24703344120819848 0.14867424242424243
0 0.4994606256742179 0.8139204545454546 0.2632146709816613 0.12215909090909091
0 0.20064724919093851 0.8328598484848485 0.3451995685005394 0.16382575757575757
0 0.459546925566343 0.6860795454545454 0.19201725997842503 0.13731060606060605
0 0.6418554476806904 0.6818181818181818 0.18985976267529667 0.13636363636363635
0 0.31283710895361383 0.4100378787878788 0.20496224379719524 0.15151515151515152
0 0.13754045307443366 0.4081439393939394 0.162891046386192 0.15151515151515152
