0 0.19838308457711443 0.10729847494553377 0.2997512437810945 0.14923747276688454
0 0.5740049751243781 0.09368191721132897 0.3694029850746269 0.16775599128540306
0 0.17537313432835822 0.2821350762527233 0.2885572139303483 0.1721132897603486
0 0.5062189054726368 0.2848583877995643 0.36069651741293535 0.1840958605664488
0 0.09888059701492537 0.6279956427015251 0.13557213930348258 0.14270152505446623
0 0.375 0.619281045751634 0.3619402985074627 0.1579520697167756
0 0.16480099502487564 0.7788671023965141 0.2997512437810945 0.14814814814814814
0 0.4906716417910448 0.7717864923747276 0.32960199004975127 0.16230936819172112
0 0.7543532338308457 0.7625272331154684 0.17039800995024876 0.14596949891067537
0 0.9123134328358209 0.7581699346405228 0.13805970149253732 0.13725490196078433
0 0.7555970149253731 0.6339869281045751 0.31467661691542287 0.13725490196078433
0 0.7898009950248757 0.2995642701525055 0.2064676616915423 0.14814814814814814
0 0.9427860696517413 0.29411764705882354 0.11442786069651742 0.15468409586056645
0 0.7699004975124378 0.46677559912854033 0.3407960199004975 0.17538126361655773
