0 0.10714285714285714 0.0936154949784792 0.09266409266409266 0.10258249641319943
0 0.08156370656370657 0.18579626972740315 0.08783783783783784 0.08608321377331421
0 0.25965250965250963 0.08357245337159254 0.12934362934362933 0.11262553802008608
0 0.08397683397683398 0.5911047345767575 0.08301158301158301 0.11190817790530846
0 0.08204633204633205 0.6933285509325682 0.07915057915057915 0.08680057388809183
0 0.2335907335907336 0.5860832137733142 0.16602316602316602 0.12625538020086083
0 0.2384169884169884 0.7048063127690101 0.1640926640926641 0.09827833572453372
0 0.3885135135135135 0.5681492109038737 0.14575289575289574 0.10473457675753228
0 0.39575289575289574 0.686154949784792 0.13320463320463322 0.10401721664275466
0 0.10521235521235521 0.48708751793400284 0.12934362934362933 0.09325681492109039
0 0.18146718146718147 0.2736728837876614 0.2857142857142857 0.10401721664275466
0 0.40444015444015446 0.07962697274031563 0.12548262548262548 0.09469153515064563
0 0.39623552123552125 0.17754662840746055 0.13223938223938225 0.10401721664275466
0 0.07384169884169885 0.8888091822094691 0.0859073359073359 0.09899569583931134
0 0.2784749034749035 0.4730989956958393 0.2171814671814672 0.09540889526542325
0 0.1578185328185328 0.3837876614060258 0.23648648648648649 0.09469153515064563
0 0.7533783783783784 0.3482783357245337 0.07432432432432433 0.08680057388809183
0 0.46042471042471045 0.46771879483500717 0.15444015444015444 0.11621233859397417
0 0.638030888030888 0.4569583931133429 0.20077220077220076 0.12338593974175036
0 0.46283783783783783 0.7898134863701578 0.2731660231660232 0.08751793400286945
0 0.8388030888030888 0.757532281205165 0.16988416988416988 0.09469153515064563
0 0.11293436293436293 0.7919655667144907 0.17567567567567569 0.10903873744619799
0 0.38465250965250963 0.36872309899569583 0.22104247104247104 0.09325681492109039
0 0.5786679536679536 0.3547345767575323 0.15347490347490347 0.09684361549497848
0 0.7109073359073359 0.6782639885222381 0.166988416988417 0.1054519368723099
0 0.8706563706563707 0.6581779053084649 0.18146718146718147 0.09971305595408896
0 0.9034749034749034 0.06779053084648494 0.14864864864864866 0.09110473457675754
0 0.8754826254826255 0.1642754662840746 0.17567567567567569 0.08464849354375897
0 0.2577220077220077 0.17862266857962697 0.16023166023166024 0.09899569583931134
0 0.543918918918919 0.6929698708751794 0.166988416988417 0.10329985652797705
0 0.5323359073359073 0.580703012912482 0.1438223938223938 0.09253945480631277
0 0.23262548262548263 0.8848637015781923 0.23166023166023167 0.09827833572453372
0 0.7282818532818532 0.08070301291248207 0.2249034749034749 0.10401721664275466
0 0.5366795366795367 0.0781922525107604 0.1525096525096525 0.09182209469153516
0 0.5260617760617761 0.17718794835007173 0.14671814671814673 0.09325681492109039
0 0.6882239382239382 0.18077474892395984 0.16023166023166024 0.10329985652797705
0 0.7722007722007722 0.2693687230989957 0.1640926640926641 0.08823529411764706
0 0.4797297297297297 0.2704447632711621 0.3127413127413127 0.09325681492109039
0 0.7813706563706564 0.45480631276901007 0.08976833976833977 0.12482065997130559
0 0.887065637065637 0.445480631276901 0.11583011583011583 0.07747489239598278
0 0.7234555984555985 0.5710186513629842 0.2249034749034749 0.11190817790530846
0 0.9044401544401545 0.5566714490674318 0.14671814671814673 0.10329985652797705
0 0.8986486486486487 0.8583213773314203 0.20463320463320464 0.14131994261119082
0 0.5656370656370656 0.8723098995695839 0.4806949806949807 0.12769010043041606
