0 0.18879415347137637 0.2722165474974464 0.1315468940316687 0.1930541368743616
0 0.42448233861144946 0.25893769152196117 0.30572472594397077 0.21144024514811033
0 0.4317904993909866 0.46322778345250254 0.19366626065773446 0.1787538304392237
0 0.6303288672350792 0.46578140960163433 0.17904993909866018 0.1920326864147089
0 0.817904993909866 0.23850868232890704 0.15225334957369063 0.1807967313585291
0 0.13763702801461633 0.7875383043922369 0.20219244823386115 0.15526046986721145
0 0.44275274056029235 0.7906026557711952 0.38855054811205847 0.15526046986721145
0 0.7539585870889159 0.8192032686414709 0.2387332521315469 0.18794688457609807
0 0.16991473812423874 0.6133810010214504 0.2570036540803898 0.20326864147088866
0 0.6546894031668696 0.25638406537282943 0.17904993909866018 0.2247191011235955
0 0.4457978075517661 0.6384065372829418 0.30450669914738127 0.15321756894790603
0 0.6601705237515225 0.6470888661899897 0.1315468940316687 0.13585291113381
0 0.8014616321559074 0.47854954034729313 0.1851400730816078 0.20735444330949948
0 0.8325213154689404 0.6527068437180796 0.23020706455542023 0.14096016343207354
0 0.9403166869671132 0.491317671092952 0.11693057247259439 0.23289070480081717
0 0.19123020706455543 0.9223697650663942 0.32886723507917176 0.13278855975485188
0 0.46650426309378806 0.9346271705822268 0.27040194884287455 0.12257405515832483
0 0.7314250913520097 0.9356486210418795 0.31303288672350793 0.11440245148110317
