0 0.10267857142857142 0.9174187725631769 0.1359126984126984 0.1272563176895307
0 0.2986111111111111 0.8962093862815884 0.19642857142857142 0.1588447653429603
0 0.5416666666666666 0.7549638989169675 0.251984126984127 0.16877256317689532
0 0.45436507936507936 0.09927797833935018 0.25793650793650796 0.1552346570397112
0 0.4236111111111111 0.2793321299638989 0.17857142857142858 0.0983754512635379
0 0.09771825396825397 0.12093862815884476 0.10218253968253968 0.14981949458483754
0 0.24454365079365079 0.2788808664259928 0.18353174603174602 0.1371841155234657
0 0.6547619047619048 0.09611913357400723 0.17857142857142858 0.14530685920577618
0 0.8244047619047619 0.1092057761732852 0.1527777777777778 0.11191335740072202
0 0.5942460317460317 0.2833935018050541 0.15079365079365079 0.14620938628158844
0 0.8179563492063492 0.27481949458483756 0.21924603174603174 0.13267148014440433
0 0.6959325396825397 0.5726534296028881 0.2708333333333333 0.13628158844765342
0 0.2435515873015873 0.12003610108303249 0.16567460317460317 0.1444043321299639
0 0.09126984126984126 0.2824909747292419 0.12896825396825398 0.1299638989169675
0 0.08978174603174603 0.4435920577617328 0.1359126984126984 0.14711191335740073
0 0.34325396825396826 0.42283393501805056 0.25992063492063494 0.13628158844765342
0 0.6056547619047619 0.41922382671480146 0.28273809523809523 0.14711191335740073
0 0.8273809523809523 0.42554151624548736 0.1488095238095238 0.15974729241877256
0 0.9449404761904762 0.4259927797833935 0.10615079365079365 0.11191335740072202
0 0.15029761904761904 0.5794223826714802 0.21924603174603174 0.12815884476534295
0 0.4211309523809524 0.5509927797833934 0.2906746031746032 0.15252707581227437
0 0.7807539682539683 0.7536101083032491 0.10317460317460317 0.1407942238267148
0 0.3134920634920635 0.7594765342960289 0.0992063492063492 0.11462093862815885
0 0.16170634920634921 0.7414259927797834 0.23809523809523808 0.15072202166064982
0 0.5069444444444444 0.9016245487364621 0.16071428571428573 0.14620938628158844
0 0.8963293650793651 0.5970216606498195 0.17956349206349206 0.17418772563176896
