0 0.12761020881670534 0.5728813559322034 0.1531322505800464 0.16101694915254236
0 0.39675174013921116 0.7059322033898305 0.12529002320185614 0.11186440677966102
0 0.34106728538283065 0.5461864406779661 0.26450116009280744 0.13474576271186442
0 0.3561484918793503 0.4186440677966102 0.2668213457076566 0.12372881355932204
0 0.6397911832946636 0.40635593220338984 0.18213457076566125 0.15847457627118644
0 0.8178654292343387 0.3995762711864407 0.15081206496519722 0.15169491525423728
0 0.6983758700696056 0.548728813559322 0.28074245939675174 0.13644067796610168
0 0.7059164733178654 0.7080508474576271 0.154292343387471 0.1652542372881356
0 0.8596287703016241 0.7084745762711865 0.16241299303944315 0.18983050847457628
0 0.6577726218097448 0.13347457627118645 0.16473317865429235 0.14661016949152542
0 0.8439675174013921 0.1326271186440678 0.20765661252900233 0.1483050847457627
0 0.5040603248259861 0.27372881355932205 0.18445475638051045 0.1271186440677966
0 0.6566125290023201 0.26864406779661015 0.12529002320185614 0.11694915254237288
0 0.8288863109048724 0.27033898305084747 0.21925754060324826 0.11694915254237288
0 0.9135730858468677 0.5347457627118644 0.12412993039443156 0.12542372881355932
0 0.5545243619489559 0.6995762711864407 0.15777262180974477 0.11779661016949153
0 0.5203016241299304 0.1385593220338983 0.08236658932714618 0.1228813559322034
