0 0.11687413554633472 0.12022900763358779 0.09266943291839558 0.13104325699745548
0 0.19156293222683266 0.13295165394402036 0.07330567081604426 0.13358778625954199
0 0.2600276625172891 0.13549618320610687 0.08298755186721991 0.15394402035623408
0 0.38381742738589214 0.1183206106870229 0.059474412171507604 0.13740458015267176
0 0.44398340248962653 0.12404580152671756 0.0636237897648686 0.1361323155216285
0 0.5062240663900415 0.12786259541984732 0.06915629322268327 0.1361323155216285
0 0.8831258644536653 0.11450381679389313 0.040110650069156296 0.15012722646310434
0 0.8312586445366529 0.1692111959287532 0.0636237897648686 0.030534351145038167
0 0.6113416320885201 0.13676844783715011 0.06915629322268327 0.16666666666666666
0 0.15214384508990317 0.6265903307888041 0.07468879668049792 0.14631043256997456
0 0.1396957123098202 0.6189567430025446 0.14384508990318118 0.047073791348600506
0 0.12863070539419086 0.6666666666666666 0.14661134163208853 0.04834605597964377
0 0.3969571230982019 0.6456743002544529 0.21023513139695713 0.05979643765903308
0 0.573997233748271 0.6253180661577609 0.06639004149377593 0.07760814249363868
0 0.5401106500691563 0.6838422391857506 0.06224066390041494 0.07760814249363868
0 0.0912863070539419 0.7296437659033079 0.04702627939142462 0.05979643765903308
0 0.1251728907330567 0.7404580152671756 0.051175656984785614 0.058524173027989825
0 0.169432918395574 0.7404580152671756 0.034578146611341634 0.05089058524173028
0 0.20885200553250347 0.7480916030534351 0.03872752420470263 0.05089058524173028
0 0.06500691562932227 0.7888040712468194 0.03872752420470263 0.058524173027989825
0 0.0912863070539419 0.8053435114503816 0.04702627939142462 0.06615776081424936
0 0.12863070539419086 0.8097964376590331 0.06085753803596127 0.07506361323155217
0 0.18672199170124482 0.8110687022900763 0.05255878284923928 0.07760814249363868
0 0.23997233748271093 0.7614503816793893 0.05394190871369295 0.08524173027989822
0 0.33748271092669435 0.7837150127226463 0.06639004149377593 0.13740458015267176
0 0.3775933609958506 0.7830788804071247 0.06639004149377593 0.12849872773536897
0 0.495850622406639 0.8250636132315522 0.059474412171507604 0.10814249363867684
0 0.5186721991701245 0.7430025445292621 0.05255878284923928 0.05597964376590331
0 0.3831258644536653 0.7538167938931297 0.12171507607192254 0.03435114503816794
0 0.3748271092669433 0.8002544529262087 0.14107883817427386 0.035623409669211195
0 0.673582295988935 0.7989821882951654 0.08022130013831259 0.15521628498727735
0 0.6431535269709544 0.7251908396946565 0.05532503457814661 0.03307888040712468
0 0.8858921161825726 0.7843511450381679 0.042876901798063624 0.14376590330788805
0 0.867911479944675 0.6278625954198473 0.04564315352697095 0.12595419847328243
0 0.8077455048409405 0.6513994910941476 0.07192254495159059 0.08396946564885496
0 0.3008298755186722 0.3148854961832061 0.06224066390041494 0.1743002544529262
0 0.25311203319502074 0.3371501272264631 0.13278008298755187 0.09923664122137404
0 0.7261410788381742 0.6437659033078881 0.08575380359612725 0.043256997455470736
0 0.7503457814661134 0.5763358778625954 0.1590594744121715 0.035623409669211195
0 0.6680497925311203 0.6870229007633588 0.07468879668049792 0.03816793893129771
0 0.661134163208852 0.6571246819338422 0.03319502074688797 0.01653944020356234
0 0.6639004149377593 0.6399491094147582 0.03319502074688797 0.020356234096692113
0 0.6666666666666666 0.6170483460559797 0.03319502074688797 0.022900763358778626
0 0.6023513139695712 0.8161577608142494 0.07330567081604426 0.03435114503816794
0 0.5975103734439834 0.2907124681933842 0.058091286307053944 0.08524173027989822
0 0.6542185338865837 0.15521628498727735 0.16874135546334718 0.04071246819338423
0 0.843015214384509 0.05407124681933842 0.042876901798063624 0.026717557251908396
0 0.8284923928077456 0.13804071246819338 0.05255878284923928 0.021628498727735368
0 0.7544951590594744 0.1673027989821883 0.048409405255878286 0.10814249363867684
0 0.7904564315352697 0.37213740458015265 0.1507607192254495 0.06743002544529263
0 0.6507607192254495 0.41857506361323155 0.1673582295988935 0.061068702290076333
0 0.8333333333333334 0.4179389312977099 0.06500691562932227 0.03689567430025445
0 0.8250345781466113 0.4573791348600509 0.06224066390041494 0.031806615776081425
0 0.8243430152143845 0.4961832061068702 0.07192254495159059 0.03816793893129771
0 0.483402489626556 0.4440203562340967 0.02351313969571231 0.04580152671755725
0 0.15491009681881052 0.30407124681933845 0.08852005532503458 0.04580152671755725
0 0.1839557399723375 0.25636132315521626 0.1825726141078838 0.04198473282442748
0 0.7724757952973721 0.07824427480916031 0.056708160442600276 0.062340966921119595
0 0.6154910096818811 0.7938931297709924 0.058091286307053944 0.027989821882951654
0 0.6210235131396957 0.7684478371501272 0.05255878284923928 0.020356234096692113
0 0.6327800829875518 0.7519083969465649 0.059474412171507604 0.022900763358778626
0 0.8035961272475796 0.7360050890585241 0.11894882434301521 0.029262086513994912
0 0.7614107883817427 0.8371501272264631 0.029045643153526972 0.058524173027989825
0 0.7503457814661134 0.7519083969465649 0.0318118948824343 0.05597964376590331
0 0.822268326417704 0.7913486005089059 0.10650069156293222 0.030534351145038167
0 0.6556016597510373 0.3097964376590331 0.05532503457814661 0.15903307888040713
0 0.8063623789764869 0.25572519083969464 0.04149377593360996 0.05089058524173028
0 0.7800829875518672 0.31361323155216286 0.04979253112033195 0.08015267175572519
0 0.5878284923928078 0.5120865139949109 0.16597510373443983 0.031806615776081425
0 0.5152143845089903 0.47900763358778625 0.0677731673582296 0.031806615776081425
0 0.627939142461964 0.47900763358778625 0.1908713692946058 0.07506361323155217
0 0.6341632088520055 0.1342239185750636 0.042876901798063624 0.13104325699745548
0 0.6998616874135546 0.07569974554707379 0.0912863070539419 0.03435114503816794
0 0.19017980636237897 0.13358778625954199 0.27800829875518673 0.178117048346056
0 0.4412171507607192 0.1227735368956743 0.2157676348547718 0.16412213740458015
0 0.0954356846473029 0.28944020356234096 0.030428769017980636 0.01653944020356234
0 0.09336099585062241 0.31170483460559795 0.034578146611341634 0.017811704834605598
0 0.09059474412171507 0.3346055979643766 0.0318118948824343 0.017811704834605598
0 0.12448132780082988 0.3638676844783715 0.10511756569847856 0.035623409669211195
0 0.4785615491009682 0.35877862595419846 0.11341632088520055 0.04071246819338423
0 0.39764868603042874 0.3575063613231552 0.056708160442600276 0.06615776081424936
0 0.15767634854771784 0.7798982188295165 0.24619640387275243 0.16539440203562342
0 0.4170124481327801 0.7970737913486005 0.27247579529737204 0.18193384223918574
0 0.6355463347164592 0.8008905852417303 0.17289073305670816 0.18193384223918574
0 0.13692946058091288 0.6234096692111959 0.18533886583679116 0.15776081424936386
0 0.6770401106500692 0.1316793893129771 0.26141078838174275 0.1921119592875318
0 0.5159059474412172 0.2811704834605598 0.08575380359612725 0.04071246819338423
0 0.8381742738589212 0.08778625954198473 0.04426002766251729 0.022900763358778626
0 0.830567081604426 0.11641221374045801 0.04564315352697095 0.021628498727735368
0 0.8520055325034578 0.13040712468193386 0.11894882434301521 0.1946564885496183
0 0.7005532503457814 0.6278625954198473 0.040110650069156296 0.10559796437659033
0 0.7586445366528354 0.6297709923664122 0.2835408022130014 0.15267175572519084
0 0.1950207468879668 0.3148854961832061 0.29322268326417705 0.18193384223918574
0 0.359612724757953 0.2989821882951654 0.04979253112033195 0.058524173027989825
0 0.40387275242047027 0.2818066157760814 0.04426002766251729 0.09033078880407125
0 0.42946058091286304 0.272264631043257 0.059474412171507604 0.020356234096692113
0 0.4218533886583679 0.2964376590330789 0.06085753803596127 0.022900763358778626
0 0.42047026279391425 0.31743002544529264 0.06085753803596127 0.019083969465648856
0 0.4515905947441217 0.27353689567430023 0.051175656984785614 0.11450381679389313
0 0.7441217150760719 0.8002544529262087 0.04979253112033195 0.04834605597964377
0 0.48132780082987553 0.2786259541984733 0.05532503457814661 0.10941475826972011
0 0.44813278008298757 0.3008905852417303 0.2351313969571231 0.1895674300254453
0 0.7510373443983402 0.29961832061068705 0.04149377593360996 0.0648854961832061
0 0.8084370677731674 0.7938931297709924 0.20885200553250347 0.17557251908396945
0 0.7102351313969572 0.47010178117048346 0.13416320885200553 0.06743002544529263
0 0.7697095435684648 0.2595419847328244 0.06224066390041494 0.05343511450381679
0 0.6977869986168741 0.2958015267175573 0.08160442600276625 0.04198473282442748
0 0.7185338865836791 0.31743002544529264 0.330567081604426 0.17684478371501272
0 0.4197786998616874 0.5674300254452926 0.12863070539419086 0.10687022900763359
0 0.45504840940525587 0.6176844783715013 0.35408022130013833 0.18447837150127228
0 0.9183955739972337 0.4688295165394402 0.0636237897648686 0.14122137404580154
0 0.8748271092669433 0.4713740458015267 0.18118948824343015 0.15648854961832062
0 0.533195020746888 0.39122137404580154 0.07883817427385892 0.04198473282442748
0 0.5366528354080221 0.4395674300254453 0.03872752420470263 0.062340966921119595
0 0.6224066390041494 0.4491094147582697 0.32918395573997233 0.15267175572519084
