0 0.16736621196222456 0.7517123287671232 0.21091290661070305 0.11529680365296803
0 0.17785939139559287 0.9246575342465754 0.21091290661070305 0.1050228310502283
0 0.1495278069254984 0.0821917808219178 0.12696747114375656 0.13013698630136986
0 0.7135362014690452 0.06963470319634703 0.3462749213011542 0.1324200913242009
0 0.37145855194123817 0.7682648401826484 0.1930745015739769 0.12100456621004566
0 0.4391395592864638 0.6295662100456622 0.2885624344176285 0.14726027397260275
0 0.7061909758656874 0.6210045662100456 0.23294858342077648 0.15753424657534246
0 0.9186778593913956 0.6004566210045662 0.15424973767051417 0.1598173515981735
0 0.4087093389296957 0.9269406392694064 0.25498426023084997 0.1141552511415525
0 0.1311647429171039 0.632420091324201 0.14060860440713535 0.1278538812785388
0 0.534102833158447 0.7585616438356164 0.14900314795383002 0.10844748858447488
0 0.6972717733473243 0.7494292237442922 0.1584470094438615 0.10388127853881278
0 0.8300104931794333 0.7494292237442922 0.10912906610703044 0.10616438356164383
0 0.9260230849947534 0.7391552511415526 0.10178384050367262 0.11301369863013698
0 0.3761804826862539 0.059931506849315065 0.1521511017838405 0.11301369863013698
