0 0.6547486033519553 0.1360381861575179 0.3195530726256983 0.18615751789976134
0 0.12960893854748604 0.36575178997613367 0.17430167597765364 0.1873508353221957
0 0.5608938547486033 0.3060859188544153 0.17430167597765364 0.15871121718377088
0 0.5195530726256983 0.6414081145584726 0.16983240223463686 0.17064439140811455
0 0.23072625698324023 0.649164677804296 0.36983240223463687 0.20286396181384247
0 0.7916201117318435 0.4468973747016706 0.27150837988826815 0.1873508353221957
0 0.6664804469273743 0.6479713603818615 0.10837988826815642 0.16945107398568018
0 0.8296089385474861 0.6211217183770883 0.19553072625698323 0.1801909307875895
0 0.7463687150837989 0.29236276849642007 0.20335195530726258 0.14558472553699284
0 0.924022346368715 0.27684964200477324 0.14748603351955308 0.15513126491646778
0 0.1787709497206704 0.13842482100238662 0.2659217877094972 0.15035799522673032
0 0.3346368715083799 0.3418854415274463 0.2737430167597765 0.18496420047732698
0 0.2519553072625698 0.8400954653937948 0.3474860335195531 0.1909307875894988
0 0.5430167597765363 0.8227923627684964 0.2346368715083799 0.17064439140811455
0 0.7212290502793296 0.8275656324582339 0.15977653631284916 0.19451073985680192
0 0.8731843575418995 0.7995226730310262 0.16201117318435754 0.1766109785202864
0 0.9592178770949721 0.6056085918854416 0.07709497206703911 0.13961813842482101
