0 0.1400862068965517 0.6898535564853556 0.21120689655172414 0.1600418410041841
0 0.3733836206896552 0.6631799163179917 0.2165948275862069 0.11715481171548117
0 0.23275862068965517 0.14801255230125523 0.23060344827586207 0.24790794979079497
0 0.5080818965517241 0.1401673640167364 0.24892241379310345 0.23221757322175732
0 0.7543103448275862 0.13964435146443516 0.15732758620689655 0.19142259414225943
0 0.5581896551724138 0.6616108786610879 0.125 0.17677824267782427
0 0.23922413793103448 0.06746861924686193 0.09482758620689655 0.08263598326359832
0 0.2165948275862069 0.10198744769874477 0.12284482758620689 0.1202928870292887
0 0.18588362068965517 0.14905857740585773 0.1411637931034483 0.14539748953974896
0 0.3081896551724138 0.1788702928870293 0.09051724137931035 0.15690376569037656
0 0.5140086206896551 0.1563807531380753 0.21551724137931033 0.0700836820083682
0 0.5140086206896551 0.12709205020920503 0.16810344827586207 0.032426778242677826
0 0.5064655172413793 0.10460251046025104 0.14655172413793102 0.016736401673640166
0 0.5070043103448276 0.0899581589958159 0.14547413793103448 0.016736401673640166
0 0.5134698275862069 0.07374476987447699 0.15193965517241378 0.0198744769874477
0 0.4989224137931034 0.0502092050209205 0.1271551724137931 0.03765690376569038
0 0.48814655172413796 0.13702928870292888 0.06465517241379311 0.19874476987447698
0 0.7316810344827587 0.11872384937238493 0.07327586206896551 0.13912133891213388
0 0.7979525862068966 0.10094142259414227 0.061422413793103446 0.09100418410041841
0 0.7936422413793104 0.18619246861924685 0.057112068965517244 0.08786610878661087
0 0.11745689655172414 0.6380753138075314 0.06465517241379311 0.07112970711297072
0 0.17564655172413793 0.6443514644351465 0.04956896551724138 0.04184100418410042
0 0.2025862068965517 0.6501046025104602 0.04310344827586207 0.07217573221757322
0 0.12446120689655173 0.7390167364016736 0.059267241379310345 0.08891213389121339
0 0.1567887931034483 0.7369246861924686 0.04202586206896552 0.07217573221757322
0 0.21605603448275862 0.7217573221757322 0.057112068965517244 0.07740585774058577
0 0.12931034482758622 0.6793933054393305 0.17025862068965517 0.08891213389121339
0 0.43211206896551724 0.6422594142259415 0.10560344827586207 0.04811715481171548
0 0.35290948275862066 0.6835774058577406 0.059267241379310345 0.049163179916317995
0 0.3081896551724138 0.680439330543933 0.06465517241379311 0.051255230125523014
0 0.3766163793103448 0.6647489539748954 0.0894396551724138 0.06171548117154812
0 0.3895474137931034 0.6521966527196653 0.052801724137931036 0.12447698744769875
0 0.5905172413793104 0.6223849372384938 0.0603448275862069 0.08368200836820083
0 0.5269396551724138 0.5983263598326359 0.06465517241379311 0.0502092050209205
0 0.5161637931034483 0.6438284518828452 0.04310344827586207 0.04079497907949791
