0 0.14659977703455965 0.18040621266427717 0.1415830546265329 0.1768219832735962
0 0.4866220735785953 0.1923536439665472 0.1995540691192865 0.1935483870967742
0 0.6304347826086957 0.2037037037037037 0.12151616499442586 0.22580645161290322
0 0.7920847268673356 0.1911589008363202 0.11928651059085842 0.1983273596176822
0 0.6109253065774805 0.4026284348864994 0.16722408026755853 0.16965352449223417
0 0.7809364548494984 0.4014336917562724 0.15496098104793757 0.1863799283154122
0 0.6142697881828316 0.5925925925925926 0.16276477146042365 0.1768219832735962
0 0.09977703455964325 0.38948626045400236 0.1326644370122631 0.1983273596176822
0 0.10702341137123746 0.7604540023894862 0.15384615384615385 0.17801672640382318
0 0.4754738015607581 0.7682198327359617 0.2508361204013378 0.1863799283154122
0 0.8355629877369007 0.5919952210274791 0.2508361204013378 0.20908004778972522
0 0.2530657748049052 0.3966547192353644 0.17391304347826086 0.1911589008363202
0 0.4297658862876254 0.39366786140979687 0.18840579710144928 0.20908004778972522
0 0.9292084726867336 0.3888888888888889 0.13489409141583056 0.1971326164874552
0 0.7313266443701226 0.9307048984468339 0.3500557413600892 0.13142174432497014
0 0.26644370122630995 0.7562724014336918 0.1806020066889632 0.2174432497013142
0 0.9069119286510591 0.7688172043010753 0.1750278706800446 0.17562724014336917
0 0.7023411371237458 0.7718040621266428 0.2318840579710145 0.1935483870967742
