0 0.14654282765737875 0.16523400191021967 0.0804953560371517 0.1623686723973257
0 0.30495356037151705 0.16141356255969436 0.16615067079463364 0.1413562559694365
0 0.5273477812177503 0.15472779369627507 0.23116615067079463 0.1489971346704871
0 0.7662538699690402 0.15854823304680038 0.1826625386996904 0.12416427889207259
0 0.10268317853457172 0.45033428844317097 0.14963880288957687 0.14613180515759314
0 0.7997936016511867 0.5993314231136581 0.26831785345717235 0.16523400191021967
0 0.608359133126935 0.4484240687679083 0.28173374613003094 0.14995224450811842
0 0.13364293085655315 0.7402101241642789 0.1475748194014448 0.12225405921680993
0 0.31682146542827655 0.7359121298949379 0.14860681114551083 0.12702960840496658
0 0.6568627450980392 0.7488061127029608 0.4716202270381837 0.14326647564469913
0 0.14086687306501547 0.8634192932187201 0.18059855521155832 0.13753581661891118
0 0.3431372549019608 0.8562559694364852 0.14551083591331268 0.1346704871060172
0 0.9174406604747162 0.15472779369627507 0.11351909184726522 0.1279847182425979
0 0.31991744066047473 0.4326647564469914 0.30340557275541796 0.1413562559694365
0 0.8668730650154799 0.4407831900668577 0.21259029927760578 0.1384909264565425
0 0.11661506707946337 0.6002865329512894 0.15892672858617132 0.14995224450811842
0 0.41279669762641896 0.6060171919770774 0.39628482972136225 0.13276026743075453
0 0.5583075335397317 0.30802292263610315 0.14035087719298245 0.14422158548233047
0 0.25541795665634676 0.3037249283667622 0.3498452012383901 0.1356255969436485
