0 0.4837121212121212 0.04366438356164384 0.11287878787878788 0.041438356164383565
0 0.08446969696969697 0.10667808219178082 0.09924242424242424 0.04554794520547945
0 0.2875 0.09315068493150686 0.20227272727272727 0.052054794520547946
0 0.5602272727272727 0.09006849315068494 0.2143939393939394 0.04452054794520548
0 0.11212121212121212 0.40034246575342464 0.10606060606060606 0.04726027397260274
0 0.1643939393939394 0.05873287671232877 0.2636363636363636 0.05582191780821918
0 0.0803030303030303 0.1517123287671233 0.05757575757575758 0.04178082191780822
0 0.21856060606060607 0.14589041095890412 0.19318181818181818 0.05410958904109589
0 0.39734848484848484 0.13664383561643836 0.16742424242424242 0.043835616438356165
0 0.5166666666666667 0.13664383561643836 0.05757575757575758 0.043835616438356165
0 0.6428030303030303 0.13544520547945205 0.11742424242424243 0.04965753424657534
0 0.36022727272727273 0.04589041095890411 0.13712121212121212 0.049315068493150684
0 0.6166666666666667 0.04366438356164384 0.1621212121212121 0.048287671232876715
0 0.7340909090909091 0.04589041095890411 0.07575757575757576 0.04041095890410959
0 0.8609848484848485 0.047773972602739724 0.1962121212121212 0.04212328767123288
0 0.7962121212121213 0.13647260273972603 0.18181818181818182 0.04554794520547945
0 0.9337121212121212 0.13904109589041097 0.0856060606060606 0.04246575342465753
0 0.2784090909090909 0.2851027397260274 0.18257575757575759 0.048287671232876715
0 0.42613636363636365 0.2779109589041096 0.1159090909090909 0.047602739726027396
0 0.3928030303030303 0.2327054794520548 0.16742424242424242 0.055136986301369866
0 0.5893939393939394 0.224486301369863 0.19090909090909092 0.054452054794520546
0 0.13522727272727272 0.5006849315068493 0.12196969696969696 0.04452054794520548
0 0.7859848484848485 0.0916095890410959 0.12196969696969696 0.047602739726027396
0 0.12121212121212122 0.34383561643835614 0.0893939393939394 0.04315068493150685
0 0.2784090909090909 0.339041095890411 0.17954545454545454 0.05958904109589041
0 0.19545454545454546 0.4606164383561644 0.2681818181818182 0.050684931506849315
0 0.28295454545454546 0.19212328767123288 0.15833333333333333 0.05684931506849315
0 0.4825757575757576 0.1821917808219178 0.14545454545454545 0.04246575342465753
0 0.8018939393939394 0.17054794520547945 0.1462121212121212 0.03287671232876712
0 0.8018939393939394 0.22397260273972602 0.18106060606060606 0.03972602739726028
0 0.10568181818181818 0.014383561643835616 0.08106060606060606 0.024657534246575342
0 0.2734848484848485 0.013527397260273973 0.17424242424242425 0.032534246575342464
0 0.4553030303030303 0.010445205479452055 0.15757575757575756 0.021575342465753426
0 0.6643939393939394 0.010958904109589041 0.13787878787878788 0.021917808219178082
0 0.2087121212121212 0.24092465753424658 0.20984848484848484 0.0523972602739726
0 0.6556818181818181 0.2684931506849315 0.19166666666666668 0.04657534246575343
0 0.45606060606060606 0.33458904109589044 0.1393939393939394 0.05958904109589041
0 0.6439393939393939 0.32226027397260276 0.1803030303030303 0.06095890410958904
0 0.890530303030303 0.31215753424657533 0.10075757575757575 0.04486301369863014
0 0.9712121212121212 0.3111301369863014 0.05 0.04417808219178082
0 0.24393939393939393 0.3977739726027397 0.14242424242424243 0.04897260273972603
0 0.09848484848484848 0.5416095890410959 0.05606060606060606 0.040753424657534246
0 0.10492424242424242 0.5936643835616439 0.05378787878787879 0.04554794520547945
0 0.27234848484848484 0.5020547945205479 0.16893939393939394 0.04315068493150685
0 0.25416666666666665 0.5421232876712329 0.2159090909090909 0.050684931506849315
