0 0.20584652862362973 0.6202466598150052 0.2387332521315469 0.17163412127440905
0 0.2028014616321559 0.7769784172661871 0.24482338611449453 0.131551901336074
0 0.4043848964677223 0.09146968139773895 0.17783191230207065 0.1397738951695786
0 0.4062119366626066 0.25488180883864336 0.13763702801461633 0.12744090441932168
0 0.6650426309378806 0.4614594039054471 0.18757612667478685 0.15827338129496402
0 0.5998781973203411 0.09301130524152107 0.20341047503045068 0.11613566289825282
0 0.892204628501827 0.10739979445015416 0.1425091352009744 0.144912641315519
0 0.4074299634591961 0.44141829393627957 0.2618757612667479 0.16752312435765673
0 0.12971985383678442 0.9218910585817061 0.15468940316686966 0.12744090441932168
0 0.47807551766138856 0.9116135662898253 0.4397076735688185 0.12332990750256938
0 0.21010962241169306 0.26156217882836585 0.2545676004872107 0.17163412127440905
0 0.7618757612667478 0.6351490236382322 0.29598051157125455 0.16032887975334018
0 0.8629719853836785 0.44964028776978415 0.20097442143727162 0.1963001027749229
0 0.46650426309378806 0.750256937307297 0.24847746650426308 0.1397738951695786
0 0.13337393422655297 0.43833504624871533 0.11814859926918392 0.1736896197327852
0 0.5712545676004872 0.23843782117163412 0.1997563946406821 0.12538540596094552
0 0.7320341047503045 0.7651593011305241 0.18026796589524968 0.13463514902363824
0 0.761266747868453 0.10739979445015416 0.12667478684531058 0.15313463514902365
0 0.1394640682095006 0.07810894141829394 0.13032886723507917 0.07399794450154162
0 0.728380024360536 0.27852004110996914 0.06090133982947625 0.1829393627954779
0 0.8422655298416565 0.2744090441932169 0.15956151035322777 0.1397738951695786
0 0.7740560292326432 0.8848920863309353 0.1814859926918392 0.08838643371017471
