0 0.22542204568023833 0.25023786869647957 0.13108242303872888 0.12559467174119887
0 0.3579940417080437 0.25118934348239774 0.14597815292949354 0.16936251189343482
0 0.5198609731876862 0.23644148430066603 0.16385302879841113 0.170313986679353
0 0.6653426017874876 0.2373929590865842 0.11916583912611718 0.17982873453853473
0 0.8416087388282025 0.2340627973358706 0.24528301886792453 0.17887725975261656
0 0.2845084409136048 0.7683158896289248 0.3584905660377358 0.14176974310180782
0 0.19116186693147963 0.609895337773549 0.16385302879841113 0.1522359657469077
0 0.4458788480635551 0.6184586108468125 0.28798411122144985 0.16936251189343482
0 0.24280039721946375 0.44386298763082777 0.2571996027805363 0.17411988582302568
0 0.47517378351539225 0.4400570884871551 0.1717974180734856 0.1988582302568982
0 0.7919563058589871 0.40865842055185536 0.16385302879841113 0.15699333967649856
0 0.7045680238331679 0.6222645099904852 0.19761668321747766 0.14462416745956233
0 0.9011916583912611 0.6232159847764034 0.18371400198609733 0.12940057088487156
