0 0.35625704622322435 0.1365698729582577 0.2570462232243517 0.12613430127041741
0 0.15783540022547915 0.13203266787658802 0.12175873731679819 0.1206896551724138
0 0.161217587373168 0.4455535390199637 0.20518602029312288 0.1088929219600726
0 0.17925591882750846 0.2595281306715064 0.26832018038331457 0.13793103448275862
0 0.4041713641488162 0.25226860254083483 0.17249154453213078 0.1161524500907441
0 0.16065388951521983 0.5812159709618875 0.23562570462232243 0.1569872958257713
0 0.1589627959413754 0.8729582577132486 0.21871476888387825 0.132486388384755
0 0.6313416009019166 0.4573502722323049 0.1600901916572717 0.15063520871143377
0 0.6302142051860203 0.25226860254083483 0.2818489289740699 0.12885662431941924
0 0.35174746335963925 0.5739564428312159 0.11950394588500564 0.08257713248638839
0 0.5597519729425028 0.5653357531760436 0.27846674182638104 0.0998185117967332
0 0.7790304396843292 0.5653357531760436 0.15107102593010147 0.10344827586206896
0 0.47576099210823 0.6651542649727767 0.0992108229988726 0.0925589836660617
0 0.6459977452085682 0.6683303085299456 0.2209695603156708 0.09346642468239565
0 0.8658399098083427 0.6574410163339383 0.2277339346110485 0.11161524500907441
0 0.1527621195039459 0.7504537205081669 0.1882750845546787 0.11252268602540835
0 0.3883878241262683 0.7522686025408348 0.27395715896279593 0.1088929219600726
0 0.6347237880496054 0.7590744101633394 0.22322435174746336 0.10798548094373865
0 0.48027057497181513 0.8720508166969148 0.4036076662908681 0.12341197822141561
0 0.7993235625704622 0.8570780399274047 0.2570462232243517 0.11887477313974591
0 0.8094701240135288 0.4528130671506352 0.21645997745208567 0.1306715063520871
0 0.8049605411499436 0.2422867513611615 0.09695603156708005 0.10344827586206896
0 0.290304396843292 0.43511796733212343 0.10033821871476889 0.1297640653357532
0 0.443630214205186 0.43511796733212343 0.1927846674182638 0.14609800362976408
0 0.8669673055242391 0.33756805807622503 0.24577226606538896 0.0925589836660617
0 0.9216459977452086 0.24455535390199637 0.14994363021420518 0.09709618874773139
0 0.8444193912063134 0.7549909255898367 0.19616685456595265 0.10344827586206896
0 0.9165727170236753 0.12704174228675136 0.1262683201803833 0.14519056261343014
0 0.95152198421646 0.4573502722323049 0.09470124013528748 0.12522686025408347
