0 0.6092485549132948 0.2356020942408377 0.19190751445086704 0.16963350785340314
0 0.11213872832369942 0.2581151832460733 0.14566473988439307 0.14764397905759163
0 0.1947976878612717 0.6146596858638743 0.2971098265895954 0.12774869109947645
0 0.47572254335260117 0.6068062827225131 0.26473988439306356 0.13089005235602094
0 0.5208092485549133 0.7837696335078534 0.15606936416184972 0.2
0 0.7601156069364162 0.775392670157068 0.35028901734104045 0.18952879581151832
0 0.8040462427745665 0.2157068062827225 0.2161849710982659 0.17801047120418848
0 0.44682080924855494 0.23298429319371727 0.15375722543352602 0.187434554973822
0 0.27398843930635836 0.24293193717277486 0.18497109826589594 0.1968586387434555
0 0.6398843930635838 0.07382198952879582 0.14450867052023122 0.11413612565445026
0 0.34508670520231216 0.7675392670157068 0.1907514450867052 0.16335078534031414
0 0.14739884393063585 0.7675392670157068 0.2023121387283237 0.16335078534031414
0 0.13179190751445086 0.08743455497382199 0.21271676300578035 0.12670157068062826
0 0.315028901734104 0.08167539267015707 0.14450867052023122 0.1256544502617801
0 0.4797687861271676 0.07696335078534032 0.18497109826589594 0.13089005235602094
0 0.7161849710982658 0.6020942408376964 0.2208092485549133 0.15287958115183245
0 0.8780346820809248 0.5916230366492147 0.10982658959537572 0.16335078534031414
0 0.784971098265896 0.07329842931937172 0.14797687861271677 0.11727748691099477
0 0.9121387283236995 0.06806282722513089 0.11791907514450867 0.11727748691099477
0 0.9294797687861271 0.2099476439790576 0.06936416184971098 0.16230366492146597
0 0.9595375722543352 0.569109947643979 0.06473988439306358 0.14345549738219895
