0 0.14316546762589927 0.14883401920438957 0.1971223021582734 0.20164609053497942
0 0.12589928057553956 0.3347050754458162 0.17697841726618704 0.1700960219478738
0 0.4784172661870504 0.31412894375857336 0.5021582733812949 0.20027434842249658
0 0.46906474820143884 0.6920438957475995 0.339568345323741 0.17421124828532236
0 0.10215827338129496 0.8943758573388203 0.16115107913669063 0.15363511659807957
0 0.3366906474820144 0.8827160493827161 0.17553956834532375 0.15775034293552812
0 0.7057553956834532 0.8772290809327846 0.5021582733812949 0.18244170096021947
0 0.1618705035971223 0.6954732510288066 0.28345323741007195 0.18106995884773663
0 0.8330935251798561 0.33676268861454045 0.2158273381294964 0.1550068587105624
0 0.4913669064748201 0.5061728395061729 0.26618705035971224 0.18930041152263374
0 0.8035971223021583 0.5027434842249657 0.33237410071942447 0.17146776406035666
0 0.7726618705035971 0.6968449931412894 0.33093525179856115 0.18106995884773663
0 0.37194244604316545 0.14060356652949246 0.2633093525179856 0.17695473251028807
