0 0.24210526315789474 0.6715189873417722 0.20669856459330144 0.1291139240506329
0 0.13444976076555024 0.07468354430379746 0.23444976076555024 0.0949367088607595
0 0.3535885167464115 0.060759493670886074 0.23444976076555024 0.0810126582278481
0 0.529665071770335 0.05664556962025316 0.12727272727272726 0.08291139240506329
0 0.11626794258373206 0.16677215189873418 0.1923444976076555 0.10316455696202531
0 0.6105263157894737 0.14367088607594936 0.2794258373205742 0.11518987341772152
0 0.8588516746411483 0.2636075949367089 0.16172248803827752 0.11708860759493671
0 0.6521531100478469 0.24873417721518987 0.24784688995215312 0.09113924050632911
0 0.5425837320574163 0.3642405063291139 0.2889952153110048 0.1120253164556962
0 0.09043062200956938 0.37816455696202533 0.14641148325358852 0.0981012658227848
0 0.23875598086124403 0.3712025316455696 0.1674641148325359 0.08417721518987342
0 0.6559808612440191 0.4642405063291139 0.21913875598086124 0.0879746835443038
0 0.0784688995215311 0.5626582278481013 0.12248803827751197 0.09873417721518987
0 0.32248803827751193 0.5537974683544303 0.3751196172248804 0.1189873417721519
0 0.614354066985646 0.5598101265822785 0.23923444976076555 0.1069620253164557
0 0.8593301435406698 0.5531645569620253 0.2507177033492823 0.12025316455696203
0 0.07320574162679426 0.6705696202531646 0.11770334928229666 0.11708860759493671
0 0.48086124401913877 0.670253164556962 0.291866028708134 0.11012658227848102
0 0.7263157894736842 0.6626582278481012 0.22392344497607655 0.10126582278481013
0 0.9244019138755981 0.6376582278481012 0.08421052631578947 0.0930379746835443
0 0.1813397129186603 0.7920886075949367 0.3186602870813397 0.12215189873417721
0 0.41483253588516744 0.7822784810126582 0.17511961722488037 0.11012658227848102
0 0.12822966507177033 0.2712025316455696 0.21626794258373205 0.11582278481012659
0 0.7641148325358852 0.05379746835443038 0.30526315789473685 0.0949367088607595
0 0.26889952153110047 0.14018987341772152 0.14354066985645933 0.07405063291139241
0 0.3368421052631579 0.2272151898734177 0.1799043062200957 0.08607594936708861
0 0.384688995215311 0.25221518987341773 0.32344497607655504 0.14620253164556962
0 0.17129186602870813 0.46455696202531643 0.31770334928229665 0.10506329113924051
0 0.4277511961722488 0.4525316455696203 0.23157894736842105 0.10506329113924051
