0 0.167973124300112 0.04667328699106256 0.18141097424412095 0.0913604766633565
0 0.10358342665173573 0.17974180734856007 0.16461366181410975 0.12909632571996027
0 0.786114221724524 0.18222442899702085 0.335946248600224 0.11420059582919563
0 0.261478163493841 0.1643495531281033 0.16461366181410975 0.1221449851042701
0 0.12430011198208286 0.6966236345580934 0.23292273236282196 0.1221449851042701
0 0.37010078387458006 0.052135054617676264 0.20044792833146696 0.10228401191658391
0 0.11814109742441209 0.2874875868917577 0.21388577827547592 0.09632571996027806
0 0.2989921612541993 0.27606752730883816 0.1433370660694289 0.1012909632571996
0 0.4944008958566629 0.2845084409136048 0.24300111982082867 0.13604766633565044
0 0.7015677491601344 0.2874875868917577 0.17581187010078386 0.12015888778550149
0 0.5481522956326987 0.05809334657398212 0.1780515117581187 0.11022840119165839
0 0.486562150055991 0.5655412115193644 0.17357222844344905 0.1221449851042701
0 0.6562150055991042 0.5580933465739821 0.17245240761478164 0.14895729890764647
0 0.7810750279955208 0.5446871896722939 0.08174692049272117 0.11022840119165839
0 0.31970884658454646 0.5585898709036743 0.1534154535274356 0.13604766633565044
0 0.1954087346024636 0.5655412115193644 0.10638297872340426 0.1221449851042701
0 0.0755879059350504 0.5660377358490566 0.13997760358342665 0.13902681231380337
0 0.3247480403135498 0.6971201588877854 0.1791713325867861 0.12909632571996027
0 0.49384098544232924 0.6906653426017875 0.1590145576707727 0.12413108242303873
0 0.7105263157894737 0.6896722939424031 0.2788353863381859 0.1221449851042701
0 0.11590145576707726 0.8262164846077458 0.21388577827547592 0.12909632571996027
0 0.3370660694288914 0.8123138033763655 0.23964165733482642 0.13902681231380337
0 0.10078387458006718 0.4175769612711023 0.1948488241881299 0.1499503475670308
0 0.35778275475923854 0.4155908639523337 0.3348264277715566 0.13604766633565044
0 0.6472564389697648 0.4155908639523337 0.2530795072788354 0.13604766633565044
0 0.5487122060470325 0.8167825223435948 0.16573348264277715 0.13406156901688182
0 0.7810750279955208 0.7835153922542205 0.22956326987681971 0.13108242303872888
0 0.8947368421052632 0.5600794438927508 0.1455767077267637 0.12711022840119166
0 0.6987681970884658 0.06554121151936444 0.12989921612541994 0.10724925521350546
0 0.8756998880179171 0.07447864945382324 0.22620380739081747 0.12711022840119166
0 0.8387458006718925 0.2899702085402185 0.10750279955207166 0.1112214498510427
0 0.864501679731243 0.4175769612711023 0.1769316909294513 0.14399205561072492
