0 0.359640831758034 0.21955128205128205 0.21455576559546313 0.13568376068376067
0 0.21455576559546313 0.7670940170940171 0.20793950850661624 0.17094017094017094
0 0.42107750472589794 0.782051282051282 0.16540642722117202 0.19444444444444445
0 0.5902646502835539 0.7553418803418803 0.14650283553875237 0.19444444444444445
0 0.18667296786389415 0.5822649572649573 0.14839319470699433 0.18376068376068377
0 0.3724007561436673 0.594017094017094 0.21739130434782608 0.18162393162393162
0 0.6049149338374291 0.5678418803418803 0.2608695652173913 0.1891025641025641
0 0.19234404536862004 0.2297008547008547 0.10680529300567108 0.17094017094017094
0 0.745274102079395 0.7510683760683761 0.14839319470699433 0.16452991452991453
0 0.6261814744801513 0.38461538461538464 0.13137996219281664 0.1794871794871795
0 0.8010396975425331 0.2142094017094017 0.2561436672967864 0.16132478632478633
0 0.43714555765595464 0.4011752136752137 0.13705103969754254 0.1997863247863248
0 0.22967863894139887 0.4049145299145299 0.27977315689981097 0.1752136752136752
0 0.8114366729678639 0.5357905982905983 0.14839319470699433 0.13995726495726496
0 0.9503780718336484 0.5213675213675214 0.10491493383742911 0.14316239316239315
0 0.5590737240075614 0.21047008547008547 0.1937618147448015 0.14316239316239315
