0 0.06100917431192661 0.07376237623762376 0.06880733944954129 0.09603960396039604
0 0.3201834862385321 0.6925742574257425 0.1743119266055046 0.15148514851485148
0 0.1665137614678899 0.6955445544554455 0.11284403669724771 0.13960396039603962
0 0.523394495412844 0.6777227722772278 0.14036697247706423 0.14356435643564355
0 0.1463302752293578 0.1806930693069307 0.11834862385321102 0.11782178217821782
0 0.42477064220183486 0.15742574257425743 0.09908256880733946 0.10495049504950495
0 0.28073394495412846 0.1707920792079208 0.163302752293578 0.12574257425742574
0 0.5454128440366972 0.18118811881188118 0.14954128440366973 0.12277227722772277
0 0.6876146788990826 0.8306930693069307 0.14587155963302753 0.13861386138613863
0 0.05045871559633028 0.16930693069306932 0.08623853211009175 0.13267326732673268
0 0.06192660550458716 0.6821782178217822 0.10550458715596331 0.14455445544554454
0 0.06284403669724771 0.843069306930693 0.10733944954128441 0.13960396039603962
0 0.6853211009174311 0.1806930693069307 0.13577981651376148 0.1316831683168317
0 0.7807339449541284 0.1806930693069307 0.07706422018348624 0.11782178217821782
0 0.9045871559633027 0.6806930693069307 0.06605504587155964 0.13564356435643565
0 0.8036697247706422 0.6816831683168317 0.11559633027522936 0.14554455445544554
0 0.6729357798165138 0.6762376237623763 0.15321100917431194 0.14257425742574256
0 0.24174311926605505 0.05 0.17706422018348625 0.09603960396039604
0 0.3756880733944954 0.04801980198019802 0.0908256880733945 0.09207920792079208
0 0.5036697247706422 0.04257425742574258 0.15045871559633028 0.09108910891089109
0 0.7279816513761468 0.05841584158415842 0.3055045871559633 0.11287128712871287
0 0.8036697247706422 0.8173267326732673 0.09724770642201835 0.12574257425742574
0 0.9142201834862386 0.7940594059405941 0.11651376146788991 0.11683168316831684
0 0.9073394495412844 0.903960396039604 0.13577981651376148 0.12277227722772277
0 0.8389908256880734 0.30643564356435643 0.21926605504587157 0.1198019801980198
0 0.8701834862385321 0.1915841584158416 0.10550458715596331 0.1297029702970297
