0 0.04471195184866724 0.6628014842300557 0.05331040412725709 0.07050092764378478
0 0.05975924333619948 0.8661873840445269 0.07136715391229578 0.07467532467532467
0 0.2622527944969905 0.8527365491651205 0.24763542562338778 0.07189239332096475
0 0.46689595872742906 0.860621521335807 0.1461736887360275 0.08580705009276438
0 0.47420464316423044 0.773886827458256 0.15391229578675839 0.08580705009276438
0 0.20937231298366293 0.7789888682745826 0.3860705073086844 0.08209647495361781
0 0.21797076526225279 0.6472634508348795 0.117798796216681 0.05797773654916512
0 0.48065348237317285 0.5800092764378478 0.1702493551160791 0.060760667903525044
0 0.27901977644024073 0.586038961038961 0.2295786758383491 0.06261595547309833
0 0.07136715391229578 0.5913729128014842 0.12209802235597593 0.06957328385899815
0 0.06706792777300086 0.2312152133580705 0.11349957007738606 0.08580705009276438
0 0.2472055030094583 0.2189239332096475 0.2553740326741187 0.09090909090909091
0 0.44325021496130695 0.20941558441558442 0.18486672398968185 0.07374768089053803
0 0.44411006018916593 0.27133580705009275 0.20894239036973344 0.06586270871985157
0 0.40928632846087704 0.4044526901669759 0.20980223559759242 0.0686456400742115
0 0.43336199484092863 0.5211038961038961 0.2717110920034394 0.07096474953617811
0 0.20980223559759242 0.525278293135436 0.1943250214961307 0.06447124304267161
0 0.3860705073086844 0.33302411873840443 0.35081685296646603 0.07792207792207792
0 0.47334479793637146 0.4605751391465677 0.18142734307824593 0.05287569573283859
0 0.2003439380911436 0.4714749536178108 0.3903697334479794 0.07096474953617811
0 0.11908856405846947 0.6579313543599258 0.09028374892519346 0.06910946196660482
0 0.3512467755803955 0.6456400742115028 0.15563198624247634 0.06771799628942486
0 0.5073086844368013 0.6389146567717996 0.15649183147033535 0.05890538033395176
0 0.42132416165090286 0.7026901669758813 0.15477214101461736 0.06679035250463822
0 0.07308684436801376 0.9452690166975881 0.10146173688736028 0.06215213358070501
0 0.2055030094582975 0.9403988868274582 0.16337059329320722 0.05797773654916512
0 0.3581255374032674 0.9369202226345084 0.15219260533104043 0.055658627087198514
0 0.5111779879621668 0.9392393320964749 0.16079105760963028 0.06493506493506493
0 0.705073086844368 0.9308905380333952 0.15133276010318142 0.04823747680890538
0 0.8490971625107481 0.9322820037105751 0.14359415305245055 0.0575139146567718
0 0.7446259673258814 0.976113172541744 0.22012037833190026 0.04591836734693878
0 0.10447119518486672 0.12360853432282004 0.20894239036973344 0.08580705009276438
0 0.27343078245915736 0.12337662337662338 0.16337059329320722 0.08163265306122448
0 0.4054170249355116 0.12128942486085344 0.11263972484952708 0.0839517625231911
0 0.48452278589853826 0.04638218923933209 0.23817712811693895 0.06215213358070501
0 0.5339638865004299 0.11595547309833024 0.14961306964746346 0.08070500927643785
