0 0.21325167037861914 0.6750713606089439 0.22605790645879734 0.14747859181731685
0 0.8663697104677061 0.24976213130352046 0.12249443207126949 0.14367269267364416
0 0.6737193763919822 0.25689819219790677 0.2383073496659243 0.14081826831588962
0 0.41648106904231624 0.2588011417697431 0.27839643652561247 0.15413891531874405
0 0.17538975501113585 0.2659372026641294 0.17483296213808464 0.14747859181731685
0 0.5055679287305123 0.11037107516650808 0.26948775055679286 0.15794481446241673
0 0.388641425389755 0.6631779257849667 0.12694877505567928 0.11988582302568981
0 0.5027839643652561 0.6655566127497621 0.12138084632516703 0.170313986679353
0 0.21993318485523386 0.12178877259752617 0.25278396436525613 0.1522359657469077
0 0.8279510022271714 0.11560418648905804 0.3062360801781737 0.15128449096098953
0 0.4760579064587973 0.8068506184586108 0.10356347438752785 0.11037107516650808
0 0.6002227171492205 0.890104662226451 0.15367483296213807 0.09419600380589914
0 0.1987750556792873 0.7987630827783063 0.16592427616926503 0.10561370123691723
0 0.35412026726057905 0.7982873453853473 0.15812917594654788 0.10846812559467174
0 0.6497772828507795 0.7987630827783063 0.2572383073496659 0.11512844909609896
0 0.6319599109131403 0.6246431969552807 0.09910913140311804 0.07706945765937202
0 0.7477728285077951 0.6460513796384396 0.3596881959910913 0.15794481446241673
0 0.8368596881959911 0.9509990485252141 0.20601336302895323 0.07897240723120837
0 0.5044543429844098 0.9595623215984777 0.2717149220489978 0.06565176022835395
0 0.4309576837416481 0.8953377735490009 0.18930957683741648 0.08753568030447194
0 0.7566815144766147 0.884871550903901 0.18819599109131402 0.09134157944814462
0 0.8981069042316259 0.8710751665080876 0.13474387527839643 0.10561370123691723
