0 0.34026128266033256 0.9004044489383215 0.167458432304038 0.1365015166835187
0 0.6157957244655582 0.9211324570273003 0.3171021377672209 0.1597573306370071
0 0.8414489311163895 0.9175935288169869 0.10095011876484561 0.14661274014155712
0 0.12885985748218529 0.9079878665318504 0.21021377672209027 0.13751263902932254
0 0.15973871733966746 0.7639029322548029 0.24109263657957244 0.13245702730030334
0 0.1508313539192399 0.6061678463094035 0.20665083135391923 0.15874620829120323
0 0.4489311163895487 0.1557128412537917 0.2589073634204275 0.16380182002022245
0 0.17517814726840855 0.4327603640040445 0.25534441805225655 0.16380182002022245
0 0.6900237529691211 0.44287158746208294 0.2589073634204275 0.16177957532861476
0 0.4305225653206651 0.4322548028311426 0.26247030878859856 0.18301314459049545
0 0.7090261282660333 0.7477249747219413 0.14726840855106887 0.1789686552072801
0 0.8842042755344418 0.756319514661274 0.19833729216152018 0.16582406471183014
0 0.5623515439429929 0.7467138523761375 0.15795724465558195 0.15672396359959556
0 0.38717339667458434 0.7512639029322548 0.2161520190023753 0.15166835187057634
0 0.40617577197149646 0.5980788675429727 0.3159144893111639 0.1486349848331648
0 0.7131828978622328 0.29069767441860467 0.2007125890736342 0.1486349848331648
0 0.6241092636579573 0.5980788675429727 0.14370546318289787 0.14459049544994945
0 0.8355106888361045 0.5813953488372093 0.3004750593824228 0.16380182002022245
0 0.8853919239904988 0.2851365015166835 0.14370546318289787 0.14964610717896865
0 0.9055819477434679 0.4322548028311426 0.167458432304038 0.134479271991911
0 0.6728028503562945 0.14256825075834176 0.18883610451306412 0.14560161779575329
0 0.09679334916864608 0.12032355915065723 0.10807600950118765 0.11931243680485339
0 0.23634204275534443 0.14610717896865522 0.1828978622327791 0.16885743174924167
0 0.8580760095011877 0.12891809908998988 0.18646080760095013 0.16279069767441862
