0 0.10970231532524807 0.2654185022026432 0.16207276736493936 0.21145374449339208
0 0.33461962513781696 0.263215859030837 0.16427783902976847 0.19823788546255505
0 0.685226019845645 0.269273127753304 0.4244762954796031 0.18612334801762115
0 0.14388092613009923 0.9322687224669604 0.22601984564498345 0.12665198237885464
0 0.18853362734288864 0.09140969162995595 0.33517089305402425 0.14317180616740088
0 0.5496141124586549 0.08975770925110133 0.3627342888643881 0.17070484581497797
0 0.8412348401323043 0.09416299559471365 0.23373759647188533 0.17290748898678415
0 0.15104740904079383 0.7098017621145375 0.23153252480705622 0.22797356828193832
0 0.40904079382579933 0.7098017621145375 0.2954796030871003 0.197136563876652
0 0.7458654906284454 0.677863436123348 0.3296582138919515 0.1751101321585903
0 0.519845644983462 0.888215859030837 0.4421168687982359 0.17070484581497797
0 0.8886438809261301 0.8458149779735683 0.2227122381477398 0.16519823788546256
