0 0.8958566629339306 0.3644488579940417 0.1433370660694289 0.12909632571996027
0 0.486562150055991 0.3599801390268123 0.20044792833146696 0.15789473684210525
0 0.3538633818589026 0.10873882820258193 0.18365061590145576 0.10625620655412116
0 0.28163493840985443 0.8967229394240318 0.21836506159014557 0.1012909632571996
0 0.4641657334826428 0.8952333664349553 0.135498320268757 0.11022840119165839
0 0.6091825307950728 0.887785501489573 0.14109742441209405 0.10526315789473684
0 0.8045912653975364 0.8853028798411122 0.24972004479283313 0.12413108242303873
0 0.40201567749160133 0.6360476663356505 0.1702127659574468 0.10824230387288977
0 0.1763717805151176 0.6300893743793445 0.2609182530795073 0.12015888778550149
0 0.5778275475923852 0.641012909632572 0.17245240761478164 0.12611717974180736
0 0.22508398656215006 0.3614697120158888 0.3426651735722284 0.15690168818272096
0 0.4977603583426652 0.10923535253227408 0.09518477043673013 0.12313803376365443
0 0.6175811870100784 0.10973187686196624 0.13773796192609183 0.12611717974180736
0 0.786114221724524 0.0903674280039722 0.1590145576707727 0.09533267130089375
0 0.7648376259798432 0.7432969215491559 0.10974244120940649 0.12413108242303873
0 0.7597984322508399 0.637537239324727 0.1937290033594625 0.10724925521350546
0 0.15845464725643896 0.11072492552135055 0.2116461366181411 0.11618669314796425
0 0.14949608062709965 0.5099304865938431 0.21388577827547592 0.13803376365441908
0 0.3516237402015677 0.5074478649453823 0.20156774916013437 0.12909632571996027
0 0.5587905935050392 0.5089374379344588 0.22396416573348266 0.16385302879841113
0 0.7687569988801791 0.506454816285998 0.20044792833146696 0.15491559086395235
0 0.6310190369540873 0.7586891757696127 0.1534154535274356 0.14299900695134063
0 0.5257558790593505 0.7681231380337636 0.07278835386338185 0.13803376365441908
0 0.38465845464725645 0.7701092353525323 0.21836506159014557 0.1519364448857994
0 0.15733482642777155 0.7745779543197616 0.23628219484882418 0.1529294935451837
0 0.925531914893617 0.6290963257199603 0.12877939529675253 0.12413108242303873
0 0.5638297872340425 0.22939424031777558 0.1511758118701008 0.12909632571996027
0 0.8045912653975364 0.2149950347567031 0.3258678611422172 0.14796425024826215
0 0.9115341545352743 0.5084409136047666 0.09630459126539753 0.13108242303872888
0 0.9115341545352743 0.7507447864945382 0.17469204927211646 0.12909632571996027
0 0.10022396416573348 0.9091360476663356 0.1422172452407615 0.11618669314796425
0 0.9176931690929452 0.0903674280039722 0.11310190369540873 0.10526315789473684
