0 0.13922651933701657 0.46538081107814044 0.23867403314917127 0.16913946587537093
0 0.4265193370165746 0.4342235410484669 0.3270718232044199 0.17606330365974282
0 0.7392265193370166 0.4149357072205737 0.3027624309392265 0.18694362017804153
0 0.6718232044198895 0.22700296735905046 0.11712707182320442 0.16913946587537093
0 0.09723756906077348 0.26409495548961426 0.16574585635359115 0.19188921859545005
0 0.0707182320441989 0.06726013847675569 0.12154696132596685 0.13254203758654798
0 0.3370165745856354 0.0702274975272008 0.2983425414364641 0.13847675568743817
0 0.6325966850828729 0.06132542037586548 0.23535911602209944 0.12067260138476756
0 0.6790055248618785 0.844213649851632 0.2773480662983425 0.16913946587537093
0 0.8784530386740331 0.847675568743818 0.10386740331491713 0.18595450049455983
0 0.541988950276243 0.6305637982195845 0.23535911602209944 0.19683481701285854
0 0.19779005524861878 0.6369930761622157 0.3558011049723757 0.17408506429277942
0 0.7171270718232045 0.6053412462908012 0.12375690607734807 0.17012858555885263
0 0.8519337016574585 0.6132542037586548 0.17679558011049723 0.18991097922848665
0 0.40718232044198893 0.2433234421364985 0.36574585635359114 0.17804154302670624
0 0.3828729281767956 0.8333333333333334 0.3370165745856354 0.19881305637982197
0 0.11657458563535912 0.820969337289812 0.1734806629834254 0.19188921859545005
0 0.8674033149171271 0.20969337289812068 0.21878453038674034 0.16221562809099901
