0 0.09034792368125702 0.7573426573426574 0.13131313131313133 0.16643356643356644
0 0.2845117845117845 0.7363636363636363 0.2143658810325477 0.23356643356643356
0 0.5510662177328844 0.734965034965035 0.2222222222222222 0.17482517482517482
0 0.7368125701459035 0.7545454545454545 0.16498316498316498 0.23356643356643356
0 0.34118967452300786 0.5097902097902098 0.1750841750841751 0.16923076923076924
0 0.5987654320987654 0.5027972027972027 0.3333333333333333 0.16923076923076924
0 0.8383838383838383 0.4671328671328671 0.1414141414141414 0.11188811188811189
0 0.8451178451178452 0.583916083916084 0.1638608305274972 0.15804195804195803
0 0.8984287317620651 0.7398601398601399 0.12008978675645342 0.17622377622377622
0 0.17620650953984288 0.5391608391608391 0.13468013468013468 0.18601398601398603
0 0.6161616161616161 0.1020979020979021 0.14814814814814814 0.14825174825174825
0 0.37037037037037035 0.3258741258741259 0.26038159371492703 0.1958041958041958
0 0.531986531986532 0.3167832167832168 0.06509539842873176 0.1944055944055944
