0 0.2508214676889376 0.8669396110542477 0.31106243154435925 0.1842374616171955
0 0.2552026286966046 0.6755373592630501 0.36363636363636365 0.20061412487205732
0 0.2009857612267251 0.49181166837256907 0.2508214676889376 0.19754350051177072
0 0.6276013143483024 0.6883316274309109 0.28258488499452356 0.1811668372569089
0 0.4994523548740416 0.2538382804503582 0.3088718510405257 0.23336745138178097
0 0.6226725082146769 0.48618219037871035 0.4611171960569551 0.17400204708290687
0 0.744249726177437 0.25281473899692936 0.19386637458926614 0.2374616171954964
0 0.8893756845564075 0.27175025588536333 0.11610076670317634 0.22006141248720573
0 0.6987951807228916 0.8618219037871033 0.343921139101862 0.17604912998976457
0 0.21741511500547644 0.2553735926305015 0.27710843373493976 0.2671443193449335
