0 0.1254107338444688 0.4727760736196319 0.18948521358159912 0.17561349693251535
0 0.5279299014238773 0.4562883435582822 0.2212486308871851 0.15030674846625766
0 0.80065717415115 0.46817484662576686 0.28696604600219056 0.125
0 0.4129244249726177 0.2802914110429448 0.19715224534501644 0.1495398773006135
0 0.6456736035049289 0.2910276073619632 0.18948521358159912 0.1280674846625767
0 0.20427163198247536 0.30483128834355827 0.10843373493975904 0.14800613496932516
0 0.30065717415115006 0.08090490797546013 0.25301204819277107 0.125
0 0.09090909090909091 0.2745398773006135 0.1380065717415115 0.08128834355828221
0 0.6237677984665937 0.06940184049079755 0.307776560788609 0.12960122699386503
0 0.8751369112814896 0.08819018404907976 0.1796276013143483 0.11196319018404909
0 0.8526834611171961 0.2684049079754601 0.244249726177437 0.09969325153374232
0 0.8488499452354874 0.3608128834355828 0.28039430449069 0.10506134969325154
0 0.13143483023001096 0.1058282208588957 0.07667031763417305 0.12269938650306748
0 0.0700985761226725 0.11771472392638037 0.0963855421686747 0.07438650306748466
0 0.9019715224534501 0.1522239263803681 0.1741511500547645 0.12653374233128833
