0 0.5583475298126065 0.7327844311377245 0.10817717206132879 0.2470059880239521
0 0.688671209540034 0.6968562874251497 0.12180579216354344 0.25898203592814373
0 0.42546848381601365 0.7544910179640718 0.13884156729131175 0.218562874251497
0 0.862862010221465 0.6309880239520959 0.1635434412265758 0.2470059880239521
0 0.46422487223168657 0.9296407185628742 0.07325383304940375 0.12275449101796407
0 0.5851788756388415 0.9206586826347305 0.07495741056218058 0.1347305389221557
0 0.09540034071550256 0.6077844311377245 0.11584327086882454 0.12574850299401197
0 0.7120954003407155 0.8907185628742516 0.14310051107325383 0.20059880239520958
0 0.8918228279386712 0.8360778443113772 0.13798977853492334 0.21107784431137724
0 0.8551959114139693 0.44011976047904194 0.1890971039182283 0.23952095808383234
0 0.08390119250425894 0.4782934131736527 0.09114139693356048 0.12425149700598802
0 0.8841567291311755 0.2342814371257485 0.14991482112436116 0.25
0 0.1575809199318569 0.4663173652694611 0.056218057921635436 0.1691616766467066
0 0.23551959114139692 0.45434131736526945 0.1030664395229983 0.18413173652694612
0 0.08091993185689948 0.906437125748503 0.09369676320272573 0.15119760479041916
0 0.260221465076661 0.9139221556886228 0.196763202725724 0.14820359281437126
0 0.6047700170357752 0.3555389221556886 0.2453151618398637 0.27694610778443113
