0 0.08325312800769971 0.47544642857142855 0.06448508180943215 0.09672619047619048
0 0.07699711260827719 0.5744047619047619 0.08662175168431184 0.08779761904761904
0 0.06929740134744947 0.6763392857142857 0.0846968238691049 0.10119047619047619
0 0.07459095283926853 0.7790178571428571 0.08180943214629452 0.07291666666666667
0 0.6145332050048123 0.6867559523809523 0.12223291626564003 0.1324404761904762
0 0.17420596727622714 0.19084821428571427 0.19056785370548604 0.12425595238095238
0 0.42348411934552455 0.6893601190476191 0.24061597690086622 0.10639880952380952
0 0.3917228103946102 0.7838541666666666 0.1867179980750722 0.08854166666666667
0 0.17035611164581327 0.8805803571428571 0.2791145332050048 0.09151785714285714
0 0.5428296438883542 0.5833333333333334 0.2386910490856593 0.09523809523809523
0 0.42974013474494704 0.18303571428571427 0.2858517805582291 0.11755952380952381
0 0.6631376323387873 0.19791666666666666 0.19826756496631376 0.14434523809523808
0 0.2728585178055823 0.4728422619047619 0.23387872954764197 0.12872023809523808
0 0.47593840230991336 0.4728422619047619 0.17228103946102022 0.12276785714285714
0 0.2151106833493744 0.6848958333333334 0.16650625601539942 0.11235119047619048
0 0.2699711260827719 0.5840773809523809 0.2492781520692974 0.09375
0 0.8282001924927815 0.6677827380952381 0.31857555341674687 0.13913690476190477
0 0.6424446583253128 0.4806547619047619 0.16073147256977863 0.12351190476190477
0 0.8272377285851781 0.47953869047619047 0.20115495668912417 0.12574404761904762
0 0.9600577478344562 0.4732142857142857 0.06448508180943215 0.11904761904761904
0 0.44128970163618864 0.8731398809523809 0.27237728585178056 0.10193452380952381
0 0.6655437921077959 0.8705357142857143 0.18575553416746873 0.11011904761904762
0 0.8099133782483157 0.8582589285714286 0.12030798845043311 0.10342261904761904
0 0.9162656400384985 0.8575148809523809 0.09817131857555342 0.11235119047619048
0 0.1260827718960539 0.9624255952380952 0.15399422521655437 0.057291666666666664
0 0.3156881616939365 0.9627976190476191 0.18479307025986524 0.0744047619047619
0 0.5052935514918191 0.9642857142857143 0.15399422521655437 0.07142857142857142
0 0.7059672762271415 0.953125 0.2435033686236766 0.08630952380952381
0 0.7584215591915303 0.078125 0.1289701636188643 0.09821428571428571
0 0.8739172281039461 0.0859375 0.11164581328200192 0.0900297619047619
0 0.5875842155919153 0.06101190476190476 0.2165543792107796 0.11904761904761904
0 0.36910490856592876 0.061755952380952384 0.22040423484119345 0.11755952380952381
0 0.13041385948026948 0.07477678571428571 0.11453320500481232 0.11235119047619048
0 0.8373435996150145 0.19791666666666666 0.16361886429258904 0.12797619047619047
0 0.9547641963426372 0.19977678571428573 0.0712223291626564 0.11681547619047619
0 0.20981713185755535 0.7864583333333334 0.1693936477382098 0.08779761904761904
0 0.6775745909528392 0.7779017857142857 0.39268527430221367 0.08110119047619048
