0 0.44860627177700346 0.32618733509234826 0.023809523809523808 0.14182058047493404
0 0.47415795586527293 0.3215699208443272 0.03542392566782811 0.15237467018469658
0 0.11962833914053426 0.3308047493403694 0.13124274099883856 0.013852242744063324
0 0.11759581881533102 0.3321240105540897 0.09349593495934959 0.08245382585751979
0 0.1132404181184669 0.32058047493403696 0.019744483159117306 0.08575197889182058
0 0.13153310104529617 0.32684696569920846 0.10627177700348432 0.07058047493403694
0 0.20150987224157957 0.3245382585751979 0.03368176538908246 0.06464379947229551
0 0.21428571428571427 0.4366754617414248 0.032520325203252036 0.036939313984168866
0 0.3208478513356562 0.4505277044854881 0.029616724738675958 0.036939313984168866
0 0.2842624854819977 0.48350923482849606 0.03193960511033682 0.059366754617414245
0 0.4457026713124274 0.47130606860158314 0.03426248548199768 0.1391820580474934
0 0.5194541231126597 0.4403034300791557 0.02148664343786295 0.03891820580474934
0 0.5034843205574913 0.43766490765171506 0.027874564459930314 0.040237467018469655
0 0.5211962833914053 0.4653693931398417 0.10511033681765389 0.040237467018469655
0 0.45760743321718933 0.783311345646438 0.026713124274099883 0.09564643799472296
0 0.4898373983739837 0.7846306068601583 0.02613240418118467 0.09564643799472296
0 0.6065621370499419 0.4551451187335092 0.04936120789779326 0.05804749340369393
0 0.6570847851335656 0.5135224274406333 0.047038327526132406 0.04683377308707124
0 0.3519163763066202 0.28924802110817943 0.03948896631823461 0.036279683377308705
0 0.31010452961672474 0.32849604221635886 0.030197444831591175 0.06992084432717678
0 0.3893728222996516 0.3627968337730871 0.044715447154471545 0.09630606860158311
0 0.468931475029036 0.6032321899736148 0.023809523809523808 0.02704485488126649
0 0.5548780487804879 0.6114775725593667 0.013356562137049941 0.0316622691292876
0 0.5853658536585366 0.6405013192612137 0.09291521486643438 0.026385224274406333
0 0.7813588850174216 0.31101583113456466 0.11904761904761904 0.04947229551451187
0 0.7717770034843205 0.3413588390501319 0.04529616724738676 0.04947229551451187
0 0.7897793263646922 0.3397097625329815 0.03948896631823461 0.04617414248021108
0 0.6977351916376306 0.34729551451187335 0.056329849012775844 0.05738786279683377
0 0.6869918699186992 0.26616094986807387 0.04529616724738676 0.08245382585751979
0 0.7677119628339141 0.4267810026385224 0.08826945412311266 0.055408970976253295
0 0.5824622531939605 0.6391820580474934 0.036004645760743324 0.10554089709762533
0 0.7787456445993032 0.27506596306068604 0.0313588850174216 0.06200527704485488
0 0.7508710801393729 0.27341688654353563 0.0313588850174216 0.05343007915567282
0 0.6570847851335656 0.33937994722955145 0.033101045296167246 0.05079155672823219
0 0.6289198606271778 0.27440633245382584 0.029036004645760744 0.055408970976253295
0 0.9448315911730546 0.4267810026385224 0.025551684088269456 0.051451187335092345
0 0.898664343786295 0.42216358839050133 0.0586527293844367 0.0395778364116095
0 0.27380952380952384 0.3651055408970976 0.04123112659698026 0.09036939313984169
0 0.5670731707317073 0.31926121372031663 0.10859465737514518 0.03562005277044855
0 0.8536585365853658 0.4346965699208443 0.036004645760743324 0.023746701846965697
0 0.8722415795586528 0.29188654353562005 0.06039488966318235 0.060026385224274406
0 0.8873403019744484 0.3317941952506596 0.08013937282229965 0.044854881266490766
0 0.2505807200929152 0.4858179419525066 0.04123112659698026 0.06134564643799472
0 0.19831591173054589 0.47559366754617416 0.02148664343786295 0.0395778364116095
0 0.3089430894308943 0.4808707124010554 0.023228803716608595 0.030343007915567283
0 0.6922183507549361 0.4825197889182058 0.020905923344947737 0.09960422163588391
0 0.7508710801393729 0.5013192612137203 0.06504065040650407 0.029023746701846966
0 0.7247386759581882 0.5 0.018583042973286876 0.08839050131926121
0 0.743321718931475 0.5046174142480211 0.018583042973286876 0.07519788918205805
0 0.8670150987224158 0.49241424802110817 0.06039488966318235 0.03891820580474934
0 0.8397212543554007 0.4656992084432718 0.012775842044134728 0.032981530343007916
0 0.5987224157955865 0.49076517150395776 0.05574912891986063 0.051451187335092345
0 0.3234610917537747 0.6385224274406333 0.026713124274099883 0.06068601583113457
0 0.8246225319396051 0.3106860158311346 0.2218350754936121 0.1503957783641161
0 0.12166085946573751 0.32816622691292874 0.14692218350754935 0.12598944591029024
0 0.23722415795586527 0.33839050131926124 0.11207897793263646 0.14907651715039577
0 0.35452961672473865 0.3400395778364116 0.1248548199767712 0.15237467018469658
0 0.4645760743321719 0.3215699208443272 0.08013937282229965 0.17216358839050133
0 0.6152729384436701 0.3133245382585752 0.22473867595818817 0.19129287598944592
0 0.47706155632984903 0.7846306068601583 0.09233449477351917 0.11543535620052771
0 0.22009291521486643 0.46932717678100266 0.09988385598141696 0.10620052770448549
0 0.3278164924506388 0.4887862796833773 0.12137049941927991 0.13852242744063326
0 0.43031358885017423 0.4729551451187335 0.06736353077816493 0.15963060686015831
0 0.5467479674796748 0.48548812664907653 0.16898954703832753 0.1424802110817942
0 0.7619047619047619 0.47394459102902375 0.11382113821138211 0.15237467018469658
0 0.8948896631823461 0.4630606860158311 0.148664343786295 0.16358839050131926
0 0.6684088269454123 0.4808707124010554 0.07317073170731707 0.1424802110817942
0 0.5830429732868757 0.6345646437994723 0.11265969802555169 0.12928759894459102
0 0.37688734030197446 0.5969656992084432 0.032520325203252036 0.0395778364116095
0 0.43931475029036005 0.6052110817941952 0.028455284552845527 0.024406332453825858
0 0.532520325203252 0.5056068601583114 0.030197444831591175 0.048153034300791556
0 0.5490708478513356 0.33047493403693934 0.02264808362369338 0.12928759894459102
0 0.25203252032520324 0.35356200527704484 0.07549361207897794 0.07783641160949868
0 0.6472125435540069 0.6081794195250659 0.013356562137049941 0.023746701846965697
0 0.41986062717770034 0.4752638522427441 0.024390243902439025 0.145778364116095
0 0.8533681765389083 0.46602902374670185 0.018002322880371662 0.029683377308707123
0 0.9059233449477352 0.4488786279683377 0.059233449477351915 0.048153034300791556
0 0.3896631823461092 0.7361477572559367 0.024390243902439025 0.03562005277044855
0 0.39547038327526135 0.6658970976253298 0.06387921022067364 0.0758575197889182
0 0.2534843205574913 0.33476253298153036 0.0156794425087108 0.020448548812664908
0 0.47038327526132406 0.6381926121372031 0.023228803716608595 0.048153034300791556
0 0.6544715447154471 0.28562005277044855 0.017421602787456445 0.029023746701846966
0 0.645760743321719 0.2826517150395778 0.018583042973286876 0.03891820580474934
0 0.3612078977932636 0.5036279683377308 0.0429732868757259 0.048153034300791556
0 0.6347270615563299 0.33509234828496043 0.032520325203252036 0.04353562005277045
0 0.6579558652729385 0.4571240105540897 0.04529616724738676 0.027704485488126648
