0 0.12983706720977597 0.1027906976744186 0.1659877800407332 0.12744186046511627
0 0.3304480651731161 0.08511627906976744 0.23930753564154786 0.1330232558139535
0 0.544806517311609 0.07720930232558139 0.17718940936863545 0.11348837209302326
0 0.09012219959266803 0.25906976744186044 0.1354378818737271 0.11255813953488372
0 0.26731160896130346 0.23767441860465116 0.20672097759674135 0.10697674418604651
0 0.4465376782077393 0.2241860465116279 0.1354378818737271 0.09116279069767441
0 0.09164969450101833 0.38 0.15071283095723015 0.08465116279069768
0 0.08910386965376782 0.4823255813953488 0.1415478615071283 0.08651162790697674
0 0.2739307535641548 0.3641860465116279 0.20162932790224034 0.10511627906976745
0 0.10539714867617107 0.752093023255814 0.1395112016293279 0.14046511627906977
0 0.1680244399185336 0.8772093023255814 0.20570264765784113 0.10976744186046512
0 0.6720977596741344 0.326046511627907 0.329938900203666 0.1330232558139535
0 0.8828920570264766 0.3097674418604651 0.10590631364562118 0.11348837209302326
0 0.8823828920570265 0.21302325581395348 0.17820773930753564 0.11534883720930232
0 0.3406313645621181 0.8725581395348837 0.13747454175152748 0.08558139534883721
0 0.45621181262729127 0.8706976744186047 0.09368635437881874 0.08
0 0.5733197556008147 0.8665116279069768 0.1446028513238289 0.09767441860465116
0 0.8396130346232179 0.9348837209302325 0.2230142566191446 0.10790697674418605
0 0.9312627291242362 0.4358139534883721 0.07026476578411406 0.12744186046511627
0 0.6369653767820774 0.4604651162790698 0.20672097759674135 0.11906976744186047
0 0.8228105906313645 0.44976744186046513 0.15274949083503056 0.12930232558139534
0 0.3579429735234216 0.4906976744186046 0.3391038696537678 0.14232558139534884
0 0.909877800407332 0.7051162790697675 0.10692464358452139 0.11348837209302326
0 0.7968431771894093 0.8348837209302326 0.31262729124236255 0.16093023255813954
0 0.5717922606924644 0.9590697674418605 0.3105906313645621 0.09674418604651162
0 0.46181262729124234 0.7651162790697674 0.09063136456211812 0.14976744186046512
0 0.29327902240325865 0.7660465116279069 0.24236252545824846 0.13488372093023257
0 0.6155804480651731 0.7372093023255814 0.15376782077393075 0.16837209302325581
0 0.8223014256619144 0.7102325581395349 0.0560081466395112 0.10325581395348837
0 0.6232179226069247 0.21348837209302327 0.20773930753564154 0.09767441860465116
0 0.7525458248472505 0.21069767441860465 0.07739307535641547 0.09767441860465116
0 0.08910386965376782 0.0944186046511628 0.0560081466395112 0.07720930232558139
0 0.12729124236252545 0.10744186046511628 0.06924643584521385 0.12744186046511627
0 0.1975560081466395 0.08232558139534883 0.12423625254582485 0.03255813953488372
0 0.3090631364562118 0.11209302325581395 0.18228105906313646 0.04
0 0.34674134419551933 0.07441860465116279 0.12729124236252545 0.024186046511627906
0 0.28869653767820774 0.07395348837209302 0.06008146639511202 0.0641860465116279
0 0.32942973523421587 0.06883720930232558 0.04989816700610998 0.05581395348837209
0 0.42769857433808556 0.08186046511627906 0.06720977596741344 0.10976744186046512
0 0.5493890020366599 0.08046511627906977 0.04175152749490835 0.08651162790697674
0 0.5677189409368636 0.06790697674418604 0.15376782077393075 0.04093023255813953
0 0.5621181262729125 0.0641860465116279 0.1446028513238289 0.07255813953488371
0 0.4831975560081466 0.06837209302325581 0.045824847250509164 0.02883720930232558
0 0.6710794297352343 0.09348837209302326 0.07331975560081466 0.030697674418604652
0 0.945010183299389 0.13162790697674417 0.034623217922606926 0.026976744186046512
0 0.9154786150712831 0.1144186046511628 0.032586558044806514 0.03906976744186046
0 0.9164969450101833 0.07720930232558139 0.034623217922606926 0.044651162790697675
0 0.054480651731160894 0.25906976744186044 0.04175152749490835 0.06046511627906977
0 0.08503054989816701 0.2702325581395349 0.0539714867617108 0.10883720930232559
0 0.13747454175152748 0.23813953488372094 0.0835030549898167 0.024186046511627906
0 0.2805498981670061 0.2344186046511628 0.10488798370672098 0.020465116279069766
0 0.23625254582484725 0.266046511627907 0.1425661914460285 0.03162790697674418
0 0.22606924643584522 0.21488372093023256 0.03665987780040733 0.03906976744186046
0 0.2535641547861507 0.2302325581395349 0.034623217922606926 0.04930232558139535
0 0.3564154786150713 0.24 0.05091649694501019 0.09488372093023256
0 0.4638492871690428 0.22790697674418606 0.029531568228105907 0.08558139534883721
0 0.4974541751527495 0.23209302325581396 0.0539714867617108 0.02883720930232558
0 0.4984725050916497 0.20837209302325582 0.062118126272912425 0.026046511627906978
0 0.42820773930753564 0.2 0.051934826883910386 0.03348837209302326
0 0.4271894093686354 0.21767441860465117 0.0824847250509165 0.027906976744186046
0 0.5575356415478615 0.2288372093023256 0.045824847250509164 0.05767441860465116
0 0.5697556008146639 0.19488372093023257 0.03360488798370672 0.04372093023255814
0 0.6176171079429735 0.22604651162790698 0.08655804480651731 0.024186046511627906
0 0.664969450101833 0.20883720930232558 0.024439918533604887 0.062325581395348835
0 0.6440936863543788 0.20325581395348838 0.017311608961303463 0.04744186046511628
0 0.6237270875763747 0.20651162790697675 0.015274949083503055 0.046511627906976744
0 0.7082484725050916 0.21674418604651163 0.031568228105906315 0.08
0 0.7377800407331976 0.22232558139534883 0.15784114052953158 0.022325581395348838
0 0.7576374745417516 0.19627906976744186 0.06313645621181263 0.018604651162790697
0 0.7581466395112016 0.21395348837209302 0.03767820773930754 0.08372093023255814
0 0.8182281059063137 0.19813953488372094 0.051934826883910386 0.06325581395348837
0 0.8396130346232179 0.20511627906976745 0.04175152749490835 0.08651162790697674
0 0.9363543788187373 0.1958139534883721 0.035641547861507125 0.05674418604651163
0 0.8778004073319755 0.20046511627906977 0.018329938900203666 0.03255813953488372
0 0.9032586558044806 0.22372093023255815 0.07331975560081466 0.021395348837209303
0 0.9231160896130346 0.20883720930232558 0.04989816700610998 0.025116279069767444
0 0.9012219959266803 0.173953488372093 0.05702647657841141 0.026046511627906978
0 0.9521384928716904 0.21488372093023256 0.028513238289205704 0.08186046511627906
0 0.04429735234215886 0.38976744186046514 0.04989816700610998 0.07069767441860465
0 0.0840122199592668 0.38 0.03767820773930754 0.09581395348837209
0 0.12423625254582485 0.3716279069767442 0.0855397148676171 0.021395348837209303
0 0.23676171079429736 0.3372093023255814 0.029531568228105907 0.03255813953488372
0 0.24643584521384929 0.3502325581395349 0.026476578411405296 0.04186046511627907
0 0.2683299389002037 0.35209302325581393 0.11710794297352342 0.026976744186046512
0 0.24490835030549898 0.38372093023255816 0.1395112016293279 0.030697674418604652
0 0.3513238289205703 0.3641860465116279 0.048879837067209775 0.1013953488372093
0 0.5804480651731161 0.27581395348837207 0.04684317718940937 0.03813953488372093
0 0.604887983706721 0.35255813953488374 0.07535641547861507 0.059534883720930236
0 0.5417515274949084 0.3446511627906977 0.059063136456211814 0.04186046511627907
0 0.5473523421588594 0.33348837209302323 0.04989816700610998 0.05488372093023256
0 0.5580448065173116 0.3269767441860465 0.034623217922606926 0.04372093023255814
0 0.5784114052953157 0.3218604651162791 0.04276985743380855 0.04837209302325581
0 0.5916496945010183 0.3209302325581395 0.04276985743380855 0.046511627906976744
0 0.6079429735234216 0.3116279069767442 0.04276985743380855 0.04279069767441861
0 0.6247454175152749 0.29953488372093023 0.03971486761710794 0.05767441860465116
0 0.6731160896130346 0.3572093023255814 0.06924643584521385 0.01674418604651163
0 0.6787169042769857 0.3469767441860465 0.06008146639511202 0.013023255813953489
0 0.6761710794297352 0.3358139534883721 0.06924643584521385 0.018604651162790697
0 0.6776985743380856 0.313953488372093 0.07026476578411406 0.01953488372093023
0 0.6787169042769857 0.2869767441860465 0.07433808553971487 0.04186046511627907
0 0.7189409368635438 0.3251162790697674 0.02240325865580448 0.06976744186046512
0 0.7708757637474541 0.34186046511627904 0.14052953156822812 0.08837209302325581
0 0.7724032586558045 0.29534883720930233 0.12118126272912423 0.09023255813953489
0 0.8024439918533605 0.3144186046511628 0.03665987780040733 0.07627906976744186
0 0.879837067209776 0.2911627906976744 0.03665987780040733 0.018604651162790697
0 0.8788187372708758 0.3055813953488372 0.038696537678207736 0.012093023255813953
0 0.8772912423625254 0.31906976744186044 0.04175152749490835 0.014883720930232559
0 0.8742362525458248 0.2669767441860465 0.04989816700610998 0.03348837209302326
0 0.9032586558044806 0.30604651162790697 0.020366598778004074 0.08372093023255814
0 0.8538696537678208 0.30930232558139537 0.019348268839103868 0.05674418604651163
0 0.8681262729124236 0.3437209302325581 0.06822810590631365 0.030697674418604652
0 0.04378818737270876 0.48930232558139536 0.04073319755600815 0.05023255813953489
0 0.11761710794297352 0.4865116279069767 0.07841140529531568 0.026046511627906978
0 0.08655804480651731 0.48093023255813955 0.05702647657841141 0.08558139534883721
0 0.24134419551934827 0.52 0.08961303462321792 0.022325581395348838
0 0.2209775967413442 0.512093023255814 0.02240325865580448 0.05116279069767442
0 0.2530549898167006 0.5237209302325582 0.029531568228105907 0.06325581395348837
0 0.3406313645621181 0.5241860465116279 0.03971486761710794 0.0641860465116279
0 0.22606924643584522 0.4544186046511628 0.04480651731160896 0.025116279069767444
0 0.3594704684317719 0.4646511627906977 0.04684317718940937 0.07906976744186046
0 0.4979633401221996 0.5046511627906977 0.05091649694501019 0.06976744186046512
0 0.4908350305498982 0.4483720930232558 0.054989816700611 0.05023255813953489
0 0.414969450101833 0.4711627906976744 0.1109979633401222 0.021395348837209303
0 0.39460285132382894 0.47348837209302325 0.025458248472505093 0.06697674418604652
0 0.42209775967413443 0.47674418604651164 0.021384928716904276 0.06046511627906977
0 0.4455193482688391 0.4762790697674419 0.021384928716904276 0.06325581395348837
0 0.5773930753564155 0.41209302325581393 0.048879837067209775 0.03162790697674418
0 0.6059063136456212 0.43767441860465117 0.09775967413441955 0.026976744186046512
0 0.670061099796334 0.4572093023255814 0.05091649694501019 0.04930232558139535
0 0.7153767820773931 0.4344186046511628 0.03971486761710794 0.07441860465116279
0 0.5855397148676171 0.4544186046511628 0.014256619144602852 0.026976744186046512
0 0.6018329938900203 0.48372093023255813 0.13238289205702647 0.03162790697674418
0 0.8711812627291242 0.406046511627907 0.07026476578411406 0.09023255813953489
0 0.8620162932790224 0.48697674418604653 0.0539714867617108 0.05674418604651163
0 0.8778004073319755 0.4511627906976744 0.018329938900203666 0.046511627906976744
0 0.865071283095723 0.44558139534883723 0.013238289205702648 0.037209302325581395
0 0.8492871690427699 0.4451162790697674 0.016293279022403257 0.03813953488372093
0 0.8355397148676171 0.44883720930232557 0.015274949083503055 0.04186046511627907
0 0.789714867617108 0.4265116279069767 0.07637474541751528 0.023255813953488372
0 0.7912423625254582 0.44883720930232557 0.07331975560081466 0.013953488372093023
0 0.7754582484725051 0.467906976744186 0.03360488798370672 0.011162790697674419
0 0.8024439918533605 0.48186046511627906 0.07942973523421588 0.013023255813953489
0 0.9282077393075356 0.47255813953488374 0.05804480651731161 0.03348837209302326
0 0.9307535641547862 0.4297674418604651 0.034623217922606926 0.013023255813953489
0 0.929735234215886 0.4474418604651163 0.04073319755600815 0.024186046511627906
0 0.9236252545824847 0.41209302325581393 0.04276985743380855 0.027906976744186046
0 0.9302443991853361 0.38372093023255816 0.03971486761710794 0.03813953488372093
0 0.9495926680244399 0.4288372093023256 0.021384928716904276 0.07069767441860465
0 0.13238289205702647 0.7427906976744186 0.07739307535641547 0.12930232558139534
0 0.08757637474541752 0.7325581395348837 0.05091649694501019 0.045581395348837206
0 0.07128309572301425 0.7562790697674419 0.059063136456211814 0.07069767441860465
0 0.23879837067209775 0.7469767441860465 0.04786150712830957 0.04093023255813953
0 0.31313645621181263 0.7288372093023255 0.03360488798370672 0.010232558139534883
0 0.3095723014256619 0.7455813953488372 0.028513238289205704 0.008372093023255815
0 0.3044806517311609 0.7567441860465116 0.06313645621181263 0.017674418604651163
0 0.3044806517311609 0.7688372093023256 0.06313645621181263 0.013953488372093023
0 0.23370672097759673 0.7827906976744186 0.08655804480651731 0.03441860465116279
0 0.3029531568228106 0.8069767441860465 0.015274949083503055 0.04744186046511628
0 0.34521384928716903 0.7841860465116279 0.06720977596741344 0.05767441860465116
0 0.4938900203665988 0.7869767441860465 0.05091649694501019 0.061395348837209304
0 0.4847250509164969 0.7306976744186047 0.032586558044806514 0.045581395348837206
0 0.4455193482688391 0.7232558139534884 0.025458248472505093 0.04372093023255814
0 0.43279022403258655 0.7934883720930233 0.03054989816700611 0.05767441860465116
0 0.6160896130346232 0.7669767441860466 0.1384928716904277 0.10883720930232559
0 0.6334012219959266 0.6827906976744186 0.09572301425661914 0.08930232558139535
0 0.5977596741344195 0.746046511627907 0.02240325865580448 0.05581395348837209
0 0.5738289205702648 0.7423255813953489 0.025458248472505093 0.059534883720930236
0 0.8258655804480651 0.7125581395348837 0.04073319755600815 0.07441860465116279
0 0.9119144602851323 0.6674418604651163 0.09063136456211812 0.04372093023255814
0 0.9322810590631364 0.7093023255813954 0.04786150712830957 0.030697674418604652
0 0.960285132382892 0.7116279069767442 0.018329938900203666 0.046511627906976744
0 0.9714867617107943 0.6962790697674418 0.020366598778004074 0.07348837209302325
0 0.9796334012219959 0.7009302325581396 0.018329938900203666 0.03813953488372093
0 0.14511201629327902 0.8674418604651163 0.1395112016293279 0.045581395348837206
0 0.2209775967413442 0.8544186046511628 0.06517311608961303 0.07720930232558139
0 0.13136456211812628 0.893953488372093 0.032586558044806514 0.035348837209302326
0 0.15325865580448064 0.8897674418604651 0.0274949083503055 0.03441860465116279
0 0.22963340122199594 0.9023255813953488 0.062118126272912425 0.04837209302325581
0 0.32382892057026474 0.8776744186046511 0.10590631364562118 0.03627906976744186
0 0.34419551934826886 0.8609302325581395 0.09164969450101833 0.04744186046511628
0 0.3630346232179226 0.8693023255813953 0.045824847250509164 0.07348837209302325
0 0.47963340122199594 0.8665116279069768 0.020366598778004074 0.06604651162790698
0 0.4480651731160896 0.8497674418604652 0.04276985743380855 0.021395348837209303
0 0.4434826883910387 0.8683720930232558 0.04378818737270876 0.01953488372093023
0 0.44908350305498984 0.8897674418604651 0.04073319755600815 0.017674418604651163
0 0.5931771894093686 0.8562790697674418 0.10285132382892057 0.04372093023255814
0 0.5524439918533605 0.8753488372093023 0.0824847250509165 0.029767441860465118
0 0.6033604887983707 0.8734883720930232 0.031568228105906315 0.09488372093023256
0 0.6471486761710794 0.9027906976744186 0.03767820773930754 0.03627906976744186
0 0.7057026476578412 0.8772093023255814 0.03054989816700611 0.05023255813953489
0 0.7230142566191446 0.8813953488372093 0.02240325865580448 0.04930232558139535
0 0.7393075356415478 0.8865116279069768 0.020366598778004074 0.03162790697674418
0 0.7036659877800407 0.8725581395348837 0.11405295315682282 0.027906976744186046
0 0.7846232179226069 0.8846511627906977 0.0560081466395112 0.07069767441860465
0 0.789714867617108 0.8302325581395349 0.029531568228105907 0.05674418604651163
0 0.7540733197556008 0.8376744186046512 0.04786150712830957 0.01953488372093023
0 0.7601832993890021 0.8209302325581396 0.031568228105906315 0.017674418604651163
0 0.7678207739307535 0.793953488372093 0.06924643584521385 0.03627906976744186
0 0.8457230142566191 0.8227906976744186 0.015274949083503055 0.04372093023255814
0 0.8620162932790224 0.8223255813953488 0.015274949083503055 0.04837209302325581
0 0.8813645621181263 0.8190697674418604 0.015274949083503055 0.04930232558139535
0 0.9017311608961304 0.8130232558139535 0.015274949083503055 0.05767441860465116
0 0.8737270875763747 0.7916279069767442 0.07128309572301425 0.024186046511627906
0 0.8747454175152749 0.8237209302325581 0.0814663951120163 0.01581395348837209
0 0.8783095723014257 0.8534883720930233 0.09674134419551934 0.03255813953488372
0 0.9210794297352343 0.8297674418604651 0.04175152749490835 0.14511627906976743
0 0.6614052953156823 0.9381395348837209 0.13136456211812628 0.04
0 0.5280040733197556 0.966046511627907 0.04989816700610998 0.03441860465116279
0 0.5712830957230143 0.9576744186046512 0.04684317718940937 0.030697674418604652
0 0.5509164969450102 0.9827906976744186 0.14867617107942974 0.017674418604651163
0 0.6145621181262729 0.9674418604651163 0.025458248472505093 0.029767441860465118
0 0.4969450101832994 0.9553488372093023 0.020366598778004074 0.03906976744186046
0 0.4445010183299389 0.9688372093023255 0.023421588594704685 0.04186046511627907
0 0.7525458248472505 0.9516279069767442 0.034623217922606926 0.061395348837209304
0 0.790224032586558 0.933953488372093 0.032586558044806514 0.035348837209302326
0 0.7876782077393075 0.9665116279069768 0.03971486761710794 0.03906976744186046
0 0.8920570264765784 0.9167441860465116 0.09775967413441955 0.03627906976744186
0 0.8839103869653768 0.9274418604651162 0.11812627291242363 0.03906976744186046
0 0.8732179226069247 0.926046511627907 0.031568228105906315 0.07348837209302325
