0 0.5736677115987461 0.1987242394504416 0.22152560083594566 0.2011776251226693
0 0.799373040752351 0.19087340529931304 0.1922675026123302 0.19921491658488713
0 0.27377220480668757 0.2168792934249264 0.2612330198537095 0.1786064769381747
0 0.5512016718913271 0.3812561334641806 0.18704284221525602 0.15996074582924436
0 0.23981191222570533 0.7134445534838076 0.21839080459770116 0.15112855740922473
0 0.46917450365726227 0.7090284592737979 0.20689655172413793 0.16388616290480865
0 0.241901776384535 0.5490677134445535 0.2476489028213166 0.1481844946025515
0 0.47126436781609193 0.5436702649656526 0.18181818181818182 0.16683022571148184
0 0.6703239289446186 0.5461236506378803 0.1724137931034483 0.18351324828263002
0 0.8657262277951933 0.5539744847890088 0.180773249738767 0.16388616290480865
0 0.26959247648902823 0.39106967615309124 0.28631138975966564 0.17566241413150147
0 0.6598746081504702 0.7105004906771345 0.16405433646812956 0.15309126594700687
0 0.8510971786833855 0.7070657507360157 0.18495297805642633 0.1324828263002944
0 0.6624869383490073 0.8704612365063789 0.4367816091954023 0.17271835132482827
0 0.25653082549634276 0.8704612365063789 0.2330198537095089 0.1452404317958783
0 0.7324973876698014 0.3719332679097154 0.14629049111807732 0.1589793915603533
0 0.9179728317659352 0.3547595682041217 0.14315569487983282 0.17566241413150147
