0 0.07545454545454545 0.3362030411449016 0.10484848484848484 0.044946332737030414
0 0.17666666666666667 0.33530858676207514 0.10363636363636364 0.044499105545617174
0 0.26272727272727275 0.33340787119856885 0.06848484848484848 0.04740608228980322
0 0.3715151515151515 0.3301654740608229 0.15515151515151515 0.051207513416815745
0 0.24303030303030304 0.37656529516994636 0.16727272727272727 0.04338103756708408
0 0.38545454545454544 0.2876788908765653 0.27636363636363637 0.04092128801431127
0 0.7442424242424243 0.27515652951699465 0.3284848484848485 0.04092128801431127
0 0.546969696969697 0.24619856887298747 0.06606060606060606 0.04785330948121646
0 0.6951515151515152 0.2371422182468694 0.21575757575757576 0.03823792486583184
0 0.7206060606060606 0.3608005366726297 0.1393939393939394 0.044499105545617174
0 0.09545454545454546 0.6417710196779964 0.17636363636363636 0.03935599284436494
0 0.08878787878787879 0.7304338103756708 0.12181818181818181 0.03689624329159213
0 0.10242424242424242 0.8545393559928444 0.14303030303030304 0.04584078711985689
0 0.09303030303030303 0.9305679785330948 0.12666666666666668 0.03689624329159213
0 0.24303030303030304 0.850067084078712 0.14545454545454545 0.03510733452593918
0 0.38636363636363635 0.8457066189624329 0.14727272727272728 0.03801431127012522
0 0.34454545454545454 0.9246422182468694 0.1290909090909091 0.03667262969588551
0 0.08484848484848485 0.37678890876565296 0.1393939393939394 0.04025044722719141
0 0.13696969696969696 0.9615384615384616 0.15878787878787878 0.0353309481216458
0 0.2706060606060606 0.9610912343470484 0.10848484848484849 0.03622540250447227
0 0.3806060606060606 0.9557245080500895 0.12606060606060607 0.03980322003577817
0 0.4896969696969697 0.9523703041144902 0.09696969696969697 0.0389087656529517
0 0.5896969696969697 0.9471153846153846 0.11878787878787879 0.04002683363148479
0 0.486969696969697 0.8852862254025045 0.15212121212121213 0.04159212880143113
0 0.6672727272727272 0.8724284436493739 0.1987878787878788 0.05254919499105545
0 0.23484848484848486 0.6404293381037567 0.11818181818181818 0.03935599284436494
0 0.34575757575757576 0.6352862254025045 0.11818181818181818 0.04427549194991055
0 0.46484848484848484 0.6252236135957067 0.1393939393939394 0.04516994633273703
0 0.5936363636363636 0.6200805008944544 0.1303030303030303 0.04382826475849732
0 0.7160606060606061 0.6153846153846154 0.1412121212121212 0.04293381037567084
0 0.1193939393939394 0.6773255813953488 0.11515151515151516 0.0389087656529517
0 0.24909090909090909 0.6752012522361359 0.13575757575757577 0.04181574239713775
0 0.5145454545454545 0.8394454382826476 0.11757575757575757 0.03801431127012522
0 0.21666666666666667 0.926319320214669 0.1315151515151515 0.036449016100178894
0 0.4706060606060606 0.9200581395348837 0.12545454545454546 0.03197674418604651
0 0.656060606060606 0.9105545617173524 0.2175757575757576 0.03443649373881932
0 0.5657575757575758 0.36516100178890876 0.1484848484848485 0.04516994633273703
0 0.4084848484848485 0.37097495527728086 0.1684848484848485 0.046511627906976744
0 0.35878787878787877 0.4175983899821109 0.16727272727272727 0.050760286225402504
0 0.5206060606060606 0.4108899821109123 0.15151515151515152 0.048524150268336314
0 0.6948484848484848 0.40641771019677997 0.20787878787878789 0.05612701252236136
0 0.38333333333333336 0.4529293381037567 0.1206060606060606 0.0377906976744186
0 0.07696969696969697 0.5988372093023255 0.12848484848484848 0.04785330948121646
0 0.1784848484848485 0.5967128801431127 0.1096969696969697 0.051207513416815745
0 0.2703030303030303 0.5922406082289803 0.10424242424242425 0.05389087656529517
0 0.3718181818181818 0.5770348837209303 0.11333333333333333 0.03689624329159213
0 0.466969696969697 0.5774821109123435 0.08424242424242424 0.03957960644007156
0 0.5563636363636364 0.5740161001788909 0.0993939393939394 0.040697674418604654
0 0.6451515151515151 0.5706618962432916 0.07818181818181819 0.03711985688729875
0 0.7503030303030302 0.5668604651162791 0.16242424242424242 0.048747763864042934
0 0.37636363636363634 0.6692754919499105 0.11757575757575757 0.040697674418604654
0 0.48393939393939395 0.6615608228980322 0.10363636363636364 0.04315742397137746
0 0.5612121212121212 0.6547406082289803 0.06909090909090909 0.03577817531305903
0 0.6218181818181818 0.651386404293381 0.06424242424242424 0.029069767441860465
0 0.7148484848484848 0.644901610017889 0.14 0.03667262969588551
0 0.22393939393939394 0.7259615384615384 0.15454545454545454 0.04092128801431127
0 0.36 0.720371198568873 0.12484848484848485 0.04181574239713775
0 0.6227272727272727 0.830948121645796 0.11575757575757575 0.0353309481216458
0 0.7403030303030304 0.8287119856887298 0.13272727272727272 0.0353309481216458
0 0.33606060606060606 0.8869633273703041 0.14727272727272728 0.04315742397137746
0 0.12121212121212122 0.7686717352415027 0.17939393939393938 0.042710196779964224
0 0.26545454545454544 0.7600626118067979 0.12 0.03309481216457961
0 0.396969696969697 0.7553667262969589 0.15636363636363637 0.03577817531305903
0 0.5318181818181819 0.7510062611806798 0.12545454545454546 0.04092128801431127
0 0.6427272727272727 0.7475402504472272 0.10848484848484849 0.04025044722719141
0 0.7451515151515151 0.7446332737030411 0.11454545454545455 0.03443649373881932
0 0.12393939393939393 0.8080277280858676 0.1412121212121212 0.04136851520572451
0 0.23515151515151514 0.8040026833631485 0.10424242424242425 0.051207513416815745
0 0.346969696969697 0.8015429338103757 0.14363636363636365 0.05254919499105545
0 0.4636363636363636 0.7986359570661896 0.09575757575757576 0.05254919499105545
0 0.5533333333333333 0.7856663685152058 0.10303030303030303 0.03555456171735241
0 0.0803030303030303 0.5495304114490162 0.1290909090909091 0.031082289803220035
0 0.28454545454545455 0.5458407871198568 0.10727272727272727 0.038461538461538464
0 0.40515151515151515 0.5354427549194991 0.13757575757575757 0.04628801431127012
0 0.516969696969697 0.5333184257602862 0.09575757575757576 0.046958855098389984
0 0.6257575757575757 0.5289579606440071 0.12181818181818181 0.04002683363148479
0 0.7118181818181818 0.5248211091234347 0.05757575757575758 0.03711985688729875
0 0.796969696969697 0.5233676207513417 0.12484848484848485 0.042710196779964224
0 0.7318181818181818 0.48300536672629696 0.1412121212121212 0.04830053667262969
0 0.5936363636363636 0.48736583184257604 0.14363636363636365 0.04584078711985689
0 0.4533333333333333 0.4913908765652952 0.16 0.04092128801431127
0 0.3109090909090909 0.4940742397137746 0.1321212121212121 0.03913237924865832
0 0.32666666666666666 0.17743738819320215 0.09333333333333334 0.0377906976744186
0 0.5590909090909091 0.20483005366726298 0.18 0.038461538461538464
0 0.4996969696969697 0.16793381037567084 0.19575757575757577 0.03622540250447227
0 0.5193939393939394 0.13372093023255813 0.19151515151515153 0.03577817531305903
0 0.30636363636363634 0.09883720930232558 0.11818181818181818 0.03398926654740608
0 0.503030303030303 0.31999105545617174 0.12363636363636364 0.04203935599284436
0 0.623030303030303 0.3170840787119857 0.12363636363636364 0.04203935599284436
0 0.6990909090909091 0.3174194991055456 0.056363636363636366 0.04136851520572451
0 0.7906060606060606 0.3185375670840787 0.14242424242424243 0.04628801431127012
0 0.7318181818181818 0.1933139534883721 0.17515151515151514 0.05433810375670841
0 0.6696969696969697 0.787902504472272 0.1393939393939394 0.052996422182468694
0 0.7839393939393939 0.7839892665474061 0.1 0.055008944543828264
0 0.1706060606060606 0.8790250447227191 0.08424242424242424 0.019230769230769232
0 0.18757575757575756 0.8878577817531306 0.16303030303030303 0.04315742397137746
0 0.686060606060606 0.9448792486583184 0.08484848484848485 0.04092128801431127
0 0.7693939393939394 0.942195885509839 0.10727272727272727 0.04092128801431127
0 0.7306060606060606 0.7032647584973166 0.11696969696969697 0.04964221824686941
0 0.4527272727272727 0.7032647584973166 0.06303030303030303 0.019230769230769232
0 0.4618181818181818 0.7125447227191414 0.11878787878787879 0.04002683363148479
0 0.5654545454545454 0.709190518783542 0.10424242424242425 0.04405187835420393
0 0.6590909090909091 0.7070661896243292 0.08666666666666667 0.04203935599284436
0 0.5278787878787878 0.4509168157423971 0.1709090909090909 0.03242397137745975
0 0.7157575757575757 0.4453264758497317 0.21454545454545454 0.03823792486583184
0 0.05909090909090909 0.2595035778175313 0.09393939393939393 0.04315742397137746
0 0.31212121212121213 0.24910554561717352 0.41454545454545455 0.04785330948121646
0 0.15181818181818182 0.09838998211091235 0.19090909090909092 0.0353309481216458
0 0.44181818181818183 0.09816636851520573 0.16121212121212122 0.03577817531305903
0 0.4448484848484848 0.061717352415026835 0.15515151515151515 0.03577817531305903
0 0.14 0.17900268336314848 0.27515151515151515 0.04092128801431127
0 0.7551515151515151 0.1569767441860465 0.31272727272727274 0.03711985688729875
0 0.1712121212121212 0.21612254025044722 0.1484848484848485 0.03600178890876565
0 0.29333333333333333 0.2135509838998211 0.11636363636363636 0.03175313059033989
0 0.40606060606060607 0.2076252236135957 0.13818181818181818 0.04136851520572451
