0 0.29239766081871343 0.1167420814479638 0.2046783625730994 0.0760180995475113
0 0.2982456140350877 0.18733031674208145 0.2046783625730994 0.07239819004524888
0 0.10380116959064327 0.4289592760180995 0.16666666666666666 0.06334841628959276
0 0.09941520467836257 0.5036199095022624 0.13450292397660818 0.0660633484162896
0 0.06944444444444445 0.5828054298642534 0.09502923976608187 0.05972850678733032
0 0.2909356725146199 0.49638009049773757 0.2134502923976608 0.08778280542986425
0 0.3084795321637427 0.41990950226244345 0.22514619883040934 0.07782805429864253
0 0.11695906432748537 0.20226244343891403 0.14619883040935672 0.06968325791855204
0 0.1206140350877193 0.1321266968325792 0.1476608187134503 0.0669683257918552
0 0.09429824561403509 0.2742081447963801 0.09502923976608187 0.05972850678733032
0 0.4817251461988304 0.18914027149321266 0.14181286549707603 0.07963800904977375
0 0.7902046783625731 0.17375565610859728 0.2412280701754386 0.08687782805429864
0 0.7799707602339181 0.2497737556561086 0.26169590643274854 0.07239819004524888
0 0.30409356725146197 0.27194570135746604 0.2719298245614035 0.08235294117647059
0 0.13157894736842105 0.3574660633484163 0.19005847953216373 0.07782805429864253
0 0.30409356725146197 0.3420814479638009 0.1783625730994152 0.07420814479638009
0 0.48830409356725146 0.32895927601809954 0.19005847953216373 0.08235294117647059
0 0.6440058479532164 0.32805429864253394 0.12134502923976608 0.08778280542986425
0 0.8260233918128655 0.3217194570135747 0.24269005847953215 0.08235294117647059
0 0.7989766081871345 0.4108597285067873 0.2821637426900585 0.09773755656108597
0 0.48391812865497075 0.4972850678733032 0.1695906432748538 0.09140271493212669
0 0.814327485380117 0.47873303167420816 0.30701754385964913 0.11402714932126697
0 0.31505847953216376 0.5900452488687783 0.2733918128654971 0.08506787330316742
0 0.5146198830409356 0.5868778280542987 0.13157894736842105 0.09140271493212669
0 0.49780701754385964 0.2524886877828054 0.13596491228070176 0.07420814479638009
0 0.7887426900584795 0.5687782805429864 0.24415204678362573 0.09321266968325792
0 0.5730994152046783 0.6669683257918552 0.28654970760233917 0.09954751131221719
0 0.08187134502923976 0.9357466063348416 0.1286549707602339 0.09049773755656108
0 0.26242690058479534 0.9461538461538461 0.26169590643274854 0.09683257918552036
0 0.4780701754385965 0.9529411764705882 0.17543859649122806 0.07963800904977375
0 0.6396198830409356 0.948868778280543 0.1476608187134503 0.08778280542986425
0 0.8135964912280702 0.9366515837104072 0.25584795321637427 0.1085972850678733
0 0.6710526315789473 0.7393665158371041 0.2309941520467836 0.11402714932126697
0 0.4992690058479532 0.7470588235294118 0.1388888888888889 0.09864253393665158
0 0.868421052631579 0.7276018099547511 0.15789473684210525 0.1085972850678733
0 0.2448830409356725 0.6574660633484163 0.1476608187134503 0.06968325791855204
0 0.09941520467836257 0.6683257918552036 0.17251461988304093 0.08416289592760182
0 0.8289473684210527 0.646606334841629 0.23684210526315788 0.09683257918552036
0 0.22587719298245615 0.7588235294117647 0.40789473684210525 0.10045248868778281
0 0.6834795321637427 0.10542986425339367 0.24415204678362573 0.06425339366515836
0 0.7317251461988304 0.05113122171945701 0.2646198830409357 0.049773755656108594
