0 0.1272617611580217 0.17483870967741935 0.10494571773220748 0.1664516129032258
0 0.3100120627261761 0.1761290322580645 0.20989143546441497 0.21548387096774194
0 0.5024125452352232 0.16451612903225807 0.1700844390832328 0.21548387096774194
0 0.6785283474065139 0.16129032258064516 0.13872135102533173 0.1832258064516129
0 0.52291917973462 0.6748387096774193 0.14354644149577805 0.1625806451612903
0 0.6574185765983113 0.6716129032258065 0.13268998793727382 0.15870967741935485
0 0.856453558504222 0.6625806451612903 0.2750301568154403 0.14838709677419354
0 0.3172496984318456 0.6819354838709677 0.27744270205066346 0.16903225806451613
0 0.8661037394451147 0.15806451612903225 0.22677925211097708 0.18193548387096775
0 0.10615199034981906 0.6735483870967742 0.16164053075995174 0.18580645161290324
0 0.3715319662243667 0.8541935483870968 0.3401688781664656 0.1625806451612903
0 0.6218335343787696 0.8361290322580646 0.1700844390832328 0.14967741935483872
0 0.9523522316043426 0.5006451612903225 0.09047044632086852 0.17548387096774193
0 0.17611580217129072 0.34516129032258064 0.29191797346200243 0.1664516129032258
0 0.770205066344994 0.5109677419354839 0.2738238841978287 0.16516129032258065
0 0.5422195416164053 0.516774193548387 0.18455971049457176 0.17161290322580644
0 0.1411338962605549 0.5006451612903225 0.22919179734620024 0.19870967741935483
0 0.40651387213510254 0.3503225806451613 0.16887816646562123 0.15612903225806452
0 0.6574185765983113 0.3503225806451613 0.3618817852834741 0.1638709677419355
0 0.35223160434258144 0.5116129032258064 0.195416164053076 0.1767741935483871
0 0.7955367913148371 0.8258064516129032 0.19662243667068757 0.18838709677419355
