0 0.18190854870775347 0.17823878069432683 0.12524850894632206 0.12277730736663844
0 0.38916500994035785 0.321337849280271 0.12823061630218688 0.11939034716342083
0 0.5805168986083499 0.3001693480101609 0.23061630218687873 0.12955122777307368
0 0.7311133200795229 0.2972057578323455 0.05864811133200795 0.10160880609652836
0 0.1754473161033797 0.4703640982218459 0.16202783300198806 0.12108382726502964
0 0.17743538767395625 0.8124470787468248 0.17395626242544732 0.11600338696020322
0 0.415506958250497 0.8099068585944115 0.13916500994035785 0.12108382726502964
0 0.6665009940357853 0.8073666384419983 0.30119284294234594 0.1126164267569856
0 0.8817097415506958 0.8065198983911939 0.10536779324055666 0.10414902624894158
0 0.2738568588469185 0.9212531752751905 0.09840954274353876 0.08806096528365792
0 0.14214711729622267 0.9271803556308214 0.13518886679920478 0.09991532599491956
0 0.21520874751491054 0.3348856900931414 0.2117296222664016 0.12955122777307368
0 0.43489065606361826 0.16977138018628282 0.279324055666004 0.14309906858594412
0 0.40457256461232605 0.5817104149026249 0.21073558648111332 0.10160880609652836
0 0.7862823061630219 0.5571549534292972 0.11133200795228629 0.10160880609652836
0 0.1848906560636183 0.5787468247248095 0.21669980119284293 0.11769686706181202
0 0.4000994035785288 0.4652836579170195 0.18190854870775347 0.13124470787468248
0 0.17594433399602386 0.6947502116850127 0.2345924453280318 0.14479254868755292
0 0.6232604373757455 0.5677392040643523 0.22664015904572565 0.12955122777307368
0 0.6411530815109344 0.1668077900084674 0.13320079522862824 0.15918712955122777
0 0.7703777335984096 0.1642675698560542 0.12127236580516898 0.15071972904318373
0 0.5670974155069582 0.4398814563928874 0.1679920477137177 0.1363251481795089
0 0.7604373757455268 0.42548687552921255 0.2147117296222664 0.15495342929720576
0 0.9244532803180915 0.42718035563082135 0.1172962226640159 0.15495342929720576
0 0.8608349900596421 0.29254868755292124 0.19284294234592445 0.13124470787468248
0 0.6595427435387674 0.9178662150719729 0.1341948310139165 0.10838272650296359
0 0.8464214711729622 0.9132091447925487 0.2654075546719682 0.11769686706181202
0 0.3976143141153082 0.6926333615580017 0.21669980119284293 0.13378492802709568
0 0.44980119284294234 0.9187129551227773 0.2654075546719682 0.11346316680779
0 0.6918489065606361 0.6685012701100762 0.3558648111332008 0.15156646909398813
0 0.9224652087475149 0.558848433530906 0.15705765407554673 0.11515664690939881
0 0.8941351888667992 0.15707027942421675 0.14214711729622267 0.14648602878916173
0 0.5859840954274353 0.668077900084674 0.09443339960238568 0.06943268416596104
0 0.9254473161033797 0.6900931414055885 0.1312127236580517 0.12870448772226925
