0 0.055304740406320545 0.08043273753527752 0.08126410835214447 0.11382878645343368
0 0.05248306997742664 0.2262464722483537 0.07110609480812641 0.09501411100658513
0 0.05248306997742664 0.376763875823142 0.07787810383747178 0.08372530573847602
0 0.044582392776523705 0.5555032925682032 0.07336343115124154 0.11382878645343368
0 0.050790067720090294 0.6994355597365945 0.08577878103837472 0.09313264346190028
0 0.034988713318284424 0.8508936970837253 0.06320541760722348 0.11006585136406397
0 0.8910835214446953 0.09877704609595485 0.1072234762979684 0.1354656632173095
0 0.9463882618510158 0.24082784571966134 0.08690744920993228 0.1354656632173095
0 0.6687358916478555 0.08936970837253057 0.2381489841986456 0.1317027281279398
0 0.7928893905191874 0.23847601128880527 0.20428893905191872 0.14393226716839136
0 0.554176072234763 0.24553151458137348 0.24153498871331827 0.1636876763875823
0 0.23081264108352145 0.3927563499529633 0.18623024830699775 0.12699905926622765
0 0.4153498871331828 0.08654750705550329 0.255079006772009 0.13358419567262464
0 0.8053047404063205 0.38146754468485417 0.3194130925507901 0.11947318908748825
0 0.26241534988713316 0.5602069614299153 0.2562076749435666 0.1702728127939793
0 0.49435665914221216 0.5428033866415805 0.2054176072234763 0.16180620884289745
0 0.27200902934537247 0.23047977422389465 0.31376975169300225 0.14111006585136407
0 0.8470654627539503 0.6773283160865475 0.136568848758465 0.14863593603010347
0 0.23871331828442438 0.8584195672624647 0.136568848758465 0.1589840075258702
0 0.7437923250564334 0.528692380056444 0.27313769751693 0.16933207902163688
0 0.9351015801354402 0.5192850423330198 0.12979683972911965 0.15051740357478832
0 0.6410835214446953 0.6970837253057385 0.2708803611738149 0.1636876763875823
0 0.7381489841986456 0.8447789275634995 0.27539503386004516 0.16556914393226718
0 0.20993227990970656 0.08654750705550329 0.18961625282167044 0.13358419567262464
0 0.38656884875846503 0.8471307619943556 0.15914221218961624 0.13640639698965193
0 0.5276523702031602 0.8504233301975541 0.12979683972911965 0.1561618062088429
0 0.9548532731376975 0.665098777046096 0.07900677200902935 0.1523988711194732
0 0.38544018058690743 0.6970837253057385 0.23137697516930023 0.14299153339604892
