0 0.14669652855543114 0.0998240985048373 0.2127659574468085 0.10290237467018469
0 0.15509518477043674 0.2801231310466139 0.24076147816349383 0.07827616534740545
0 0.3706606942889138 0.2726473175021988 0.15005599104143338 0.07036059806508356
0 0.1612541993281075 0.36807387862796836 0.23964165733482642 0.09410729991204925
0 0.37793952967525196 0.36675461741424803 0.18253079507278835 0.08443271767810026
0 0.1276595744680851 0.5576077396657871 0.12318029115341546 0.07387862796833773
0 0.13997760358342665 0.6578715919085312 0.1433370660694289 0.08795074758135445
0 0.1366181410974244 0.7524186455584873 0.1343784994400896 0.0853122251539138
0 0.1360582306830907 0.8430079155672823 0.135498320268757 0.08179419525065963
0 0.24412094064949608 0.5611257695690414 0.10974244120940649 0.09850483729111698
0 0.39585666293393057 0.5624450307827616 0.14669652855543114 0.0853122251539138
0 0.5319148936170213 0.558047493403694 0.0940649496080627 0.09058927000879508
0 0.6539753639417694 0.5545294635004397 0.09630459126539753 0.09762532981530343
0 0.7609182530795073 0.5470536499560247 0.11310190369540873 0.09850483729111698
0 0.896976483762598 0.5312225153913809 0.1590145576707727 0.10378188214599825
0 0.34994400895856664 0.8456464379947229 0.13325867861142218 0.07651715039577836
0 0.4776035834266517 0.8460861917326298 0.1019036954087346 0.07563764291996482
0 0.1769316909294513 0.9278803869832893 0.24412094064949608 0.08443271767810026
0 0.3370660694288914 0.08575197889182058 0.15677491601343785 0.08883025505716799
0 0.48936170212765956 0.08575197889182058 0.10078387458006718 0.0853122251539138
0 0.6606942889137738 0.07563764291996482 0.20156774916013437 0.08091468777484609
0 0.6853303471444568 0.16578715919085313 0.20156774916013437 0.10993843447669305
0 0.5498320268756999 0.2796833773087071 0.20604703247480402 0.08091468777484609
0 0.8516237402015677 0.26077396657871593 0.18253079507278835 0.1011433597185576
0 0.6091825307950728 0.3544415127528584 0.2374020156774916 0.08970976253298153
0 0.24356103023516237 0.6587510993843447 0.0593505039193729 0.08443271767810026
0 0.23236282194848823 0.7546174142480211 0.054871220604703244 0.09674582233948989
0 0.23236282194848823 0.841688654353562 0.0593505039193729 0.08443271767810026
0 0.3393057110862262 0.7449428320140721 0.12318029115341546 0.08795074758135445
0 0.35890257558790595 0.6525945470536499 0.12206047032474804 0.08619173262972735
0 0.4854423292273236 0.6534740545294635 0.08174692049272117 0.08795074758135445
0 0.6422172452407615 0.6556728232189973 0.19820828667413215 0.09762532981530343
0 0.4501679731243001 0.7493403693931399 0.12541993281075028 0.10378188214599825
0 0.39529675251959684 0.9366754617414248 0.1948488241881299 0.08795074758135445
0 0.5884658454647257 0.8364116094986808 0.09518477043673013 0.08443271767810026
0 0.8678611422172452 0.06420404573438875 0.21500559910414332 0.08443271767810026
0 0.26651735722284436 0.18117854001759015 0.1881298992161254 0.09850483729111698
0 0.46024636058230683 0.1789797713280563 0.21948488241881298 0.10993843447669305
0 0.883538633818589 0.14951627088830255 0.18365061590145576 0.08970976253298153
0 0.37458006718924974 0.4520668425681618 0.13997760358342665 0.0773966578715919
0 0.5313549832026876 0.4520668425681618 0.16461366181410975 0.09498680738786279
0 0.6937290033594625 0.4494283201407212 0.15565509518477044 0.11081794195250659
0 0.8387458006718925 0.43007915567282323 0.13885778275475924 0.09146877748460862
0 0.8706606942889138 0.9190853122251539 0.15789473684210525 0.08795074758135445
0 0.7026875699888018 0.9234828496042217 0.1690929451287794 0.08970976253298153
0 0.5543113101903695 0.93051890941073 0.1276595744680851 0.09674582233948989
0 0.7402015677491601 0.8364116094986808 0.21724524076147816 0.09146877748460862
0 0.9081746920492721 0.8144239226033422 0.12318029115341546 0.09498680738786279
0 0.6007838745800672 0.7493403693931399 0.17581187010078386 0.08619173262972735
0 0.7413213885778276 0.7418645558487247 0.11422172452407615 0.09762532981530343
0 0.8880179171332587 0.7269129287598944 0.17469204927211646 0.11345646437994723
0 0.9098544232922733 0.33773087071240104 0.1534154535274356 0.08970976253298153
0 0.1438969764837626 0.4635004397537379 0.20716685330347145 0.08970976253298153
0 0.27491601343784994 0.46262093227792433 0.0593505039193729 0.09498680738786279
0 0.786114221724524 0.6437994722955145 0.10750279955207166 0.10202286719437115
0 0.8947368421052632 0.6306068601583114 0.11422172452407615 0.10026385224274406
