0 0.3091317365269461 0.2506188118811881 0.18263473053892215 0.08168316831683169
0 0.5284431137724551 0.24040841584158415 0.18113772455089822 0.08972772277227722
0 0.8304640718562875 0.23205445544554457 0.20134730538922155 0.08292079207920793
0 0.2964071856287425 0.3353960396039604 0.1661676646706587 0.08168316831683169
0 0.42065868263473055 0.4344059405940594 0.15718562874251496 0.09653465346534654
0 0.2619760479041916 0.4375 0.1601796407185629 0.09653465346534654
0 0.12836826347305388 0.5380569306930693 0.2028443113772455 0.09096534653465346
0 0.5138473053892215 0.5962252475247525 0.10404191616766467 0.09715346534653466
0 0.3967065868263473 0.6113861386138614 0.13023952095808383 0.11757425742574257
0 0.2522455089820359 0.619740099009901 0.1691616766467066 0.09344059405940594
0 0.6654191616766467 0.5909653465346535 0.20658682634730538 0.08787128712871287
0 0.06062874251497006 0.4399752475247525 0.06437125748502993 0.07054455445544554
0 0.06848802395209581 0.34034653465346537 0.05913173652694611 0.06930693069306931
0 0.4936377245508982 0.33879950495049505 0.22380239520958084 0.09715346534653466
0 0.7020958083832335 0.3208539603960396 0.12724550898203593 0.09962871287128713
0 0.8967065868263473 0.30445544554455445 0.19311377245508982 0.0891089108910891
0 0.5464071856287425 0.15903465346534654 0.09431137724550898 0.06930693069306931
0 0.40755988023952094 0.1630569306930693 0.17739520958083832 0.08477722772277228
0 0.22305389221556887 0.17790841584158415 0.1497005988023952 0.07735148514851485
0 0.7428892215568862 0.15686881188118812 0.2402694610778443 0.07611386138613861
0 0.6175149700598802 0.07735148514851485 0.11826347305389222 0.0891089108910891
0 0.8420658682634731 0.08013613861386139 0.20209580838323354 0.08601485148514851
0 0.8098802395209581 0.40717821782178215 0.3008982035928144 0.10767326732673267
0 0.813248502994012 0.588799504950495 0.09505988023952096 0.10334158415841584
0 0.8922155688622755 0.5807549504950495 0.07335329341317365 0.07611386138613861
0 0.9625748502994012 0.5875618811881188 0.05389221556886228 0.09467821782178218
0 0.6272455089820359 0.5117574257425742 0.23502994011976047 0.07920792079207921
0 0.8491766467065869 0.505569306930693 0.2118263473053892 0.06930693069306931
0 0.1156437125748503 0.7453589108910891 0.19086826347305388 0.11819306930693069
0 0.2971556886227545 0.7317450495049505 0.17964071856287425 0.11076732673267327
0 0.5276946107784432 0.7079207920792079 0.29191616766467066 0.10643564356435643
0 0.8053892215568862 0.6974009900990099 0.27095808383233533 0.10767326732673267
0 0.46070359281437123 0.8078589108910891 0.15793413173652696 0.09962871287128713
0 0.6186377245508982 0.8056930693069307 0.18188622754491018 0.10643564356435643
0 0.8192365269461078 0.7899133663366337 0.22979041916167664 0.08849009900990099
0 0.9543413173652695 0.7920792079207921 0.05389221556886228 0.09653465346534654
0 0.07709580838323353 0.26021039603960394 0.07634730538922156 0.0922029702970297
0 0.5520209580838323 0.41120049504950495 0.09655688622754491 0.08725247524752475
0 0.09356287425149701 0.6321163366336634 0.13023952095808383 0.0983910891089109
0 0.9266467065868264 0.1547029702970297 0.12275449101796407 0.06806930693069307
