0 0.15922107674684993 0.12100926879505665 0.12829324169530354 0.15550978372811536
0 0.4163802978235968 0.11483007209062822 0.1958762886597938 0.1431513903192585
0 0.7130584192439863 0.10453141091658084 0.3654066437571592 0.13285272914521112
0 0.4495990836197022 0.2801235839340886 0.1156930126002291 0.15036045314109167
0 0.6019473081328751 0.26364572605561276 0.10194730813287514 0.13388259526261587
0 0.8436426116838488 0.26055612770339853 0.30126002290950743 0.15859938208032956
0 0.22508591065292097 0.27703398558187436 0.2920962199312715 0.15653964984552007
0 0.12142038946162657 0.4181256436663234 0.1145475372279496 0.11534500514933059
0 0.3940435280641466 0.41709577754891863 0.20389461626575028 0.12358393408856849
0 0.6088201603665521 0.41503604531410915 0.2073310423825888 0.13594232749742532
0 0.8579610538373424 0.3995880535530381 0.26804123711340205 0.14830072090628219
0 0.1958762886597938 0.8831101956745623 0.1970217640320733 0.14933058702368693
0 0.40778923253150057 0.8769309989701339 0.18556701030927836 0.1184346035015448
0 0.1861397479954181 0.5453141091658085 0.2325315005727377 0.1266735324407827
0 0.6134020618556701 0.8733264675592173 0.22107674684994272 0.10710607621009269
0 0.1718213058419244 0.6719876416065912 0.1764032073310424 0.12049433573635428
0 0.4725085910652921 0.543254376930999 0.32646048109965636 0.13285272914521112
0 0.7399770904925544 0.5355303810504635 0.21305841924398625 0.13388259526261587
0 0.9221076746849943 0.5242018537590113 0.13287514318442153 0.1400617919670443
0 0.36597938144329895 0.67610710607621 0.18213058419243985 0.16374871266735325
0 0.8138602520045819 0.8599382080329557 0.15005727376861397 0.10298661174047374
0 0.5578465063001146 0.6694129763130793 0.1970217640320733 0.12976313079299692
0 0.9410080183276059 0.09629248197734294 0.0882016036655212 0.12049433573635428
0 0.5950744558991982 0.9634397528321318 0.1156930126002291 0.0690010298661174
0 0.7308132875143184 0.962409886714727 0.11683848797250859 0.06282183316168898
0 0.7628865979381443 0.649330587023687 0.19014891179839633 0.08959835221421215
0 0.7502863688430699 0.758496395468589 0.2611683848797251 0.13079299691040164
0 0.9312714776632303 0.7533470648815654 0.10767468499427263 0.12049433573635428
0 0.9163802978235968 0.6405767250257467 0.15578465063001146 0.11740473738414006
