0 0.18002257336343114 0.11904761904761904 0.21331828442437922 0.14285714285714285
0 0.40349887133182843 0.11807580174927114 0.20428893905191872 0.14480077745383868
0 0.5965011286681715 0.11613216715257532 0.16591422121896163 0.17395529640427598
0 0.7607223476297968 0.11321671525753159 0.14672686230248308 0.17978620019436345
0 0.65744920993228 0.48882410106899904 0.12076749435665914 0.12439261418853255
0 0.8357787810383747 0.49173955296404276 0.23589164785553046 0.13994169096209913
0 0.11794582392776523 0.6788143828960156 0.15914221218961624 0.17589893100097181
0 0.44808126410835214 0.5019436345966958 0.11060948081264109 0.13313896987366375
0 0.3843115124153499 0.6399416909620991 0.3623024830699774 0.1467444120505345
0 0.664785553047404 0.6457725947521866 0.17832957110609482 0.16229348882410108
0 0.21501128668171557 0.82555879494655 0.39164785553047404 0.13508260447035958
0 0.9130925507900677 0.1185617103984451 0.15349887133182843 0.1729834791059281
0 0.43905191873589167 0.2793974732750243 0.28442437923250563 0.1292517006802721
0 0.6743792325056434 0.2847424684159378 0.19074492099322798 0.15354713313896987
0 0.09085778781038374 0.49854227405247814 0.1523702031602709 0.1360544217687075
0 0.27595936794582393 0.4970845481049563 0.24266365688487584 0.1564625850340136
0 0.14051918735891647 0.2813411078717201 0.2562076749435666 0.119533527696793
0 0.8419864559819413 0.3109815354713314 0.16027088036117382 0.22546161321671526
0 0.4904063205417607 0.7925170068027211 0.14108352144469527 0.0826044703595724
0 0.6613995485327314 0.8236151603498543 0.5011286681715575 0.17978620019436345
0 0.8521444695259593 0.6506316812439261 0.21218961625282168 0.17395529640427598
0 0.958803611738149 0.3129251700680272 0.07336343115124154 0.21379980563654033
