0 0.689453125 0.1615566037735849 0.17838541666666666 0.16273584905660377
0 0.16276041666666666 0.15625 0.12239583333333333 0.15212264150943397
0 0.10807291666666667 0.3107311320754717 0.1171875 0.1403301886792453
0 0.150390625 0.6132075471698113 0.18098958333333334 0.14386792452830188
0 0.3841145833333333 0.7553066037735849 0.2109375 0.1474056603773585
0 0.7135416666666666 0.30542452830188677 0.17447916666666666 0.12264150943396226
0 0.4759114583333333 0.31485849056603776 0.30078125 0.12735849056603774
0 0.5403645833333334 0.6073113207547169 0.203125 0.13679245283018868
0 0.7252604166666666 0.5961084905660378 0.16927083333333334 0.13089622641509435
0 0.3307291666666667 0.6084905660377359 0.20052083333333334 0.13443396226415094
0 0.8997395833333334 0.5795990566037735 0.17708333333333334 0.1403301886792453
0 0.17903645833333334 0.7417452830188679 0.20963541666666666 0.11556603773584906
0 0.5690104166666666 0.7482311320754716 0.15885416666666666 0.14976415094339623
0 0.23893229166666666 0.3136792452830189 0.16796875 0.14622641509433962
0 0.4231770833333333 0.8767688679245284 0.22395833333333334 0.11438679245283019
0 0.185546875 0.8785377358490566 0.2513020833333333 0.16273584905660377
0 0.7578125 0.8543632075471698 0.3046875 0.14504716981132076
0 0.5572916666666666 0.4563679245283019 0.15885416666666666 0.16981132075471697
0 0.798828125 0.4404481132075472 0.3138020833333333 0.17570754716981132
0 0.7337239583333334 0.7216981132075472 0.18619791666666666 0.125
0 0.8984375 0.7211084905660378 0.16145833333333334 0.14268867924528303
0 0.3346354166666667 0.4581367924528302 0.2786458333333333 0.15919811320754718
0 0.8658854166666666 0.2954009433962264 0.13020833333333334 0.12617924528301888
