0 0.07795275590551182 0.391399416909621 0.14960629921259844 0.15014577259475217
0 0.25826771653543307 0.3826530612244898 0.1732283464566929 0.1880466472303207
0 0.5661417322834645 0.38629737609329445 0.4141732283464567 0.17201166180758018
0 0.3236220472440945 0.7252186588921283 0.247244094488189 0.1618075801749271
0 0.08661417322834646 0.7295918367346939 0.14803149606299212 0.15306122448979592
0 0.3968503937007874 0.05830903790087463 0.462992125984252 0.11370262390670553
0 0.09448818897637795 0.07580174927113703 0.16377952755905512 0.1282798833819242
0 0.7299212598425197 0.06705539358600583 0.19370078740157481 0.12536443148688048
0 0.45433070866141734 0.21282798833819241 0.2125984251968504 0.18950437317784258
0 0.7559055118110236 0.21355685131195334 0.36850393700787404 0.16763848396501457
0 0.5937007874015748 0.684402332361516 0.2992125984251969 0.15597667638483964
0 0.8818897637795275 0.5247813411078717 0.09133858267716535 0.1661807580174927
0 0.7181102362204724 0.5276967930029155 0.22677165354330708 0.15743440233236153
0 0.11496062992125984 0.8717201166180758 0.2110236220472441 0.119533527696793
0 0.6283464566929133 0.8637026239067055 0.2173228346456693 0.141399416909621
0 0.8062992125984252 0.8644314868804664 0.12598425196850394 0.15160349854227406
0 0.08976377952755905 0.5663265306122449 0.16062992125984252 0.18513119533527697
0 0.2440944881889764 0.5466472303206997 0.12598425196850394 0.13994169096209913
0 0.4637795275590551 0.5590379008746356 0.27874015748031494 0.17055393586005832
0 0.837007874015748 0.6887755102040817 0.18110236220472442 0.1588921282798834
0 0.36850393700787404 0.8753644314868805 0.2866141732283465 0.13848396501457727
0 0.905511811023622 0.0706997084548105 0.16692913385826771 0.12973760932944606
0 0.9118110236220472 0.8440233236151603 0.08818897637795275 0.12536443148688048
