0 0.11717861205915814 0.0740236148955495 0.10011376564277588 0.1008174386920981
0 0.2514220705346985 0.07266121707538602 0.15017064846416384 0.10717529518619437
0 0.08361774744027303 0.3228882833787466 0.07849829351535836 0.10990009082652134
0 0.19795221843003413 0.33060853769300635 0.13879408418657566 0.10899182561307902
0 0.37542662116040953 0.3337874659400545 0.19795221843003413 0.1080835603996367
0 0.44766780432309444 0.07220708446866485 0.2150170648464164 0.10626702997275204
0 0.08248009101251422 0.5808356039963669 0.0875995449374289 0.11534968210717529
0 0.19397042093287828 0.5853769300635786 0.1353811149032992 0.10263396911898275
0 0.37485779294653016 0.5994550408719346 0.22639362912400454 0.12534059945504086
0 0.07679180887372014 0.7370572207084468 0.08304891922639362 0.11171662125340599
0 0.20762229806598406 0.7338782924613987 0.16040955631399317 0.10172570390554042
0 0.08304891922639362 0.8923705722070845 0.07281001137656427 0.11353315168029064
0 0.20875995449374288 0.1893732970027248 0.21956769055745165 0.12079927338782924
0 0.7627986348122867 0.1943687556766576 0.31513083048919227 0.1344232515894641
0 0.4340159271899886 0.1916439600363306 0.23094425483503983 0.12534059945504086
0 0.5796359499431172 0.7488646684831971 0.19908987485779295 0.15349682107175294
0 0.8657565415244596 0.5908265213442325 0.21387940841865757 0.12443233424159855
0 0.26791808873720135 0.4573115349682107 0.23777019340159272 0.1298819255222525
0 0.8299203640500569 0.3237965485921889 0.2514220705346985 0.11716621253405994
0 0.5483503981797497 0.45594913714804725 0.30489192263936293 0.13260672116257946
0 0.8458475540386803 0.45049954586739327 0.2832764505119454 0.12897366030881016
0 0.6422070534698521 0.6003633060853769 0.23321956769055746 0.14713896457765668
0 0.24914675767918087 0.888283378746594 0.24573378839590443 0.13260672116257946
0 0.512514220705347 0.8896457765667575 0.2696245733788396 0.12806539509536785
0 0.7383390216154722 0.8810172570390554 0.18430034129692832 0.1271571298819255
0 0.9106939704209329 0.8651226158038147 0.15813424345847554 0.12443233424159855
0 0.38964732650739475 0.7434150772025432 0.2036405005688282 0.13169845594913715
0 0.5790671217292378 0.3228882833787466 0.21160409556313994 0.11171662125340599
0 0.7542662116040956 0.7425068119891008 0.17747440273037543 0.1407811080835604
0 0.6308304891922639 0.07356948228882834 0.12627986348122866 0.11625794732061762
0 0.9163822525597269 0.720708446866485 0.1695108077360637 0.12806539509536785
0 0.8321956769055745 0.07584014532243415 0.2832764505119454 0.11898274296094459
