0 0.041193181818181816 0.19507186858316222 0.035037878787878785 0.044147843942505136
0 0.06818181818181818 0.23254620123203285 0.08143939393939394 0.043121149897330596
0 0.15388257575757575 0.22715605749486653 0.09943181818181818 0.04568788501026694
0 0.2589962121212121 0.22561601642710472 0.10700757575757576 0.056981519507186856
0 0.3887310606060606 0.22048254620123203 0.14867424242424243 0.058008213552361396
0 0.5071022727272727 0.21175564681724846 0.07291666666666667 0.05595482546201232
0 0.6254734848484849 0.2068788501026694 0.1581439393939394 0.058521560574948665
0 0.7864583333333334 0.19917864476386038 0.14488636363636365 0.053388090349075976
0 0.9057765151515151 0.19917864476386038 0.10132575757575757 0.049281314168377825
0 0.19270833333333334 0.42684804928131415 0.07481060606060606 0.043634496919917866
0 0.28172348484848486 0.42274127310061604 0.10321969696969698 0.047741273100616016
0 0.36079545454545453 0.4186344969199179 0.056818181818181816 0.048767967145790556
0 0.045454545454545456 0.705082135523614 0.041666666666666664 0.044661190965092405
0 0.16240530303030304 0.7004620123203286 0.19223484848484848 0.053901437371663245
0 0.33049242424242425 0.6968685831622177 0.14772727272727273 0.052874743326488706
0 0.4630681818181818 0.6894250513347022 0.11931818181818182 0.052361396303901436
0 0.6003787878787878 0.6863449691991786 0.16098484848484848 0.048254620123203286
0 0.43797348484848486 0.41786447638603696 0.09753787878787878 0.049281314168377825
0 0.5175189393939394 0.41478439425051333 0.06723484848484848 0.050308008213552365
0 0.6107954545454546 0.15631416837782341 0.16477272727272727 0.053901437371663245
0 0.7537878787878788 0.14964065708418892 0.14015151515151514 0.054928131416837785
0 0.7239583333333334 0.0944558521560575 0.1240530303030303 0.0646817248459959
0 0.47301136363636365 0.16247433264887062 0.11837121212121213 0.054928131416837785
0 0.8982007575757576 0.6257700205338809 0.08238636363636363 0.054414784394250515
0 0.7741477272727273 0.6342402464065708 0.14109848484848486 0.049794661190965095
0 0.28125 0.6075462012320328 0.12878787878787878 0.054928131416837785
0 0.1581439393939394 0.6083162217659137 0.11931818181818182 0.04106776180698152
0 0.3854166666666667 0.6021560574948666 0.07954545454545454 0.04620123203285421
0 0.06392045454545454 0.7458932238193019 0.09375 0.039014373716632446
0 0.15956439393939395 0.7453798767967146 0.10511363636363637 0.039014373716632446
0 0.28172348484848486 0.7438398357289527 0.14299242424242425 0.04722792607802875
0 0.4341856060606061 0.7402464065708418 0.1581439393939394 0.055441478439425054
0 0.171875 0.5633983572895277 0.12215909090909091 0.054928131416837785
0 0.28551136363636365 0.5592915811088296 0.11079545454545454 0.049794661190965095
0 0.421875 0.5551848049281314 0.15625 0.052874743326488706
0 0.5714962121212122 0.5500513347022588 0.12026515151515152 0.049794661190965095
0 0.8252840909090909 0.5369609856262834 0.21875 0.055441478439425054
0 0.7911931818181818 0.40708418891170434 0.08049242424242424 0.050308008213552365
0 0.8773674242424242 0.4027207392197125 0.09753787878787878 0.047741273100616016
0 0.9450757575757576 0.40349075975359344 0.054924242424242424 0.054414784394250515
0 0.18702651515151514 0.4697125256673511 0.07859848484848485 0.04209445585215606
0 0.5847537878787878 0.09548254620123203 0.15246212121212122 0.06673511293634497
0 0.45075757575757575 0.10164271047227925 0.13446969696969696 0.06981519507186858
0 0.2959280303030303 0.1049794661190965 0.16761363636363635 0.060061601642710474
0 0.14109848484848486 0.11806981519507187 0.14583333333333334 0.055441478439425054
0 0.061079545454545456 0.5693018480492813 0.09375 0.04722792607802875
0 0.057291666666666664 0.6152464065708418 0.08996212121212122 0.04158110882956879
0 0.6444128787878788 0.6409137577002053 0.1259469696969697 0.047741273100616016
0 0.7457386363636364 0.6794147843942505 0.13162878787878787 0.04568788501026694
0 0.8920454545454546 0.670687885010267 0.10984848484848485 0.044661190965092405
0 0.24100378787878787 0.28080082135523615 0.1543560606060606 0.060574948665297744
0 0.04640151515151515 0.43634496919917864 0.056818181818181816 0.04722792607802875
0 0.11458333333333333 0.43018480492813144 0.08712121212121213 0.045174537987679675
