0 0.5086306098964327 0.10893032384690873 0.2002301495972382 0.1844946025515211
0 0.17088607594936708 0.2615309126594701 0.2612197928653625 0.1717369970559372
0 0.12428078250863062 0.7899901864573111 0.14039125431530494 0.16290480863591755
0 0.45397008055235905 0.7948969578017664 0.1806674338319908 0.1844946025515211
0 0.7583429228998849 0.78900883218842 0.36823935558112775 0.18645731108930325
0 0.19735327963176064 0.6207065750736016 0.3256616800920598 0.11874386653581943
0 0.4982738780207135 0.6305201177625123 0.2646720368239356 0.1560353287536801
0 0.759493670886076 0.6167811579980373 0.22094361334867663 0.16584887144259078
0 0.7612197928653625 0.08930323846908735 0.2520138089758343 0.1452404317958783
0 0.10529344073647871 0.44896957801766435 0.17376294591484465 0.18547595682041218
0 0.3245109321058688 0.43719332679097156 0.25316455696202533 0.19332679097154074
0 0.7508630609896433 0.2787046123650638 0.33716915995397007 0.14131501472031405
0 0.08918296892980437 0.9263984298331698 0.11392405063291139 0.11579980372914622
0 0.21576524741081704 0.929342492639843 0.15995397008055237 0.11187438665358194
0 0.6714614499424626 0.44896957801766435 0.12543153049482164 0.16388616290480865
0 0.46835443037974683 0.27379784102060845 0.1956271576524741 0.13150147203140333
0 0.5535097813578826 0.41658488714425906 0.14959723820483314 0.14425907752698724
0 0.8734177215189873 0.9322865554465162 0.20253164556962025 0.12757605495583907
0 0.5529344073647872 0.9278704612365064 0.4177215189873418 0.12659470068694798
0 0.1093210586881473 0.09960745829244357 0.14959723820483314 0.1481844946025515
0 0.8383199079401611 0.4494602551521099 0.21979286536248563 0.1589793915603533
