0 0.1837968561064087 0.08173076923076923 0.16686819830713423 0.12740384615384615
0 0.3887545344619105 0.05829326923076923 0.14389359129383314 0.10697115384615384
0 0.6928657799274486 0.07271634615384616 0.30713422007255137 0.11177884615384616
0 0.18984280532043532 0.2091346153846154 0.16928657799274485 0.1875
0 0.6711003627569528 0.21995192307692307 0.1185006045949214 0.17548076923076922
0 0.8331318016928658 0.22355769230769232 0.19588875453446192 0.15865384615384615
0 0.3851269649334946 0.39242788461538464 0.1487303506650544 0.16947115384615385
0 0.5386940749697703 0.37319711538461536 0.1124546553808948 0.1310096153846154
0 0.21946795646916567 0.6478365384615384 0.1608222490931076 0.1658653846153846
0 0.47642079806529625 0.6466346153846154 0.33615477629987905 0.15625
0 0.74546553808948 0.6496394230769231 0.22853688029020555 0.15504807692307693
0 0.898428053204353 0.6466346153846154 0.08948004836759371 0.13942307692307693
0 0.26964933494558646 0.8040865384615384 0.2974607013301088 0.15384615384615385
0 0.5652962515114873 0.8028846153846154 0.26481257557436516 0.13701923076923078
0 0.8083434099153567 0.7752403846153846 0.22611850060459493 0.14903846153846154
0 0.2079806529625151 0.9441105769230769 0.19830713422007254 0.09975961538461539
0 0.4528415961305925 0.9399038461538461 0.2914147521160822 0.11298076923076923
0 0.7085852478839177 0.9465144230769231 0.17896009673518742 0.08774038461538461
0 0.3561064087061669 0.19471153846153846 0.19226118500604594 0.17067307692307693
0 0.5217654171704957 0.1736778846153846 0.17291414752116083 0.16706730769230768
0 0.6499395405078597 0.37560096153846156 0.10278113663845223 0.13341346153846154
0 0.786577992744861 0.3713942307692308 0.18984280532043532 0.1201923076923077
