0 0.478125 0.4011090573012939 0.12916666666666668 0.15526802218114602
0 0.13802083333333334 0.14463955637707948 0.178125 0.14510166358595195
0 0.36822916666666666 0.128003696857671 0.25104166666666666 0.16728280961182995
0 0.6755208333333333 0.12292051756007394 0.39895833333333336 0.14602587800369685
0 0.13020833333333334 0.32255083179297594 0.18958333333333333 0.17375231053604437
0 0.3229166666666667 0.2915896487985213 0.14375 0.14695009242144177
0 0.5286458333333334 0.25646950092421444 0.2760416666666667 0.12476894639556377
0 0.7203125 0.2634011090573013 0.09895833333333333 0.13123844731977818
0 0.8640625 0.25831792975970425 0.153125 0.1487985212569316
0 0.634375 0.400184842883549 0.18125 0.1534195933456562
0 0.8453125 0.3978743068391867 0.253125 0.1414048059149723
0 0.18385416666666668 0.8211645101663586 0.215625 0.11922365988909427
0 0.3609375 0.8410351201478743 0.184375 0.13493530499075784
0 0.5760416666666667 0.8253234750462107 0.2 0.13123844731977818
0 0.8171875 0.794362292051756 0.30520833333333336 0.18207024029574861
0 0.753125 0.9177449168207024 0.37916666666666665 0.14972273567467653
