0 0.41047448522829005 0.49000999000999 0.11011638316920322 0.14285714285714285
0 0.4923903312444047 0.34615384615384615 0.09847806624888093 0.14485514485514486
0 0.6642793196060878 0.3271728271728272 0.17905102954341987 0.14085914085914086
0 0.7735004476275739 0.06693306693306693 0.1486123545210385 0.11788211788211789
0 0.5863921217547001 0.47152847152847155 0.17367949865711726 0.13586413586413587
0 0.491047448522829 0.1963036963036963 0.18889883616830797 0.13286713286713286
0 0.6463742166517458 0.7427572427572428 0.18084153983885407 0.13486513486513488
0 0.8849597135183527 0.07042957042957043 0.09221128021486123 0.11488511488511488
0 0.9579230080572964 0.06993006993006994 0.07699194270367055 0.10989010989010989
0 0.7112802148612355 0.461038961038961 0.08325872873769025 0.11888111888111888
0 0.6745747538048343 0.5964035964035964 0.13160250671441362 0.14785214785214784
0 0.640107430617726 0.07742257742257742 0.11817367949865712 0.1048951048951049
