0 0.09188034188034189 0.08258011503697617 0.14316239316239315 0.11092851273623665
0 0.3125 0.21733771569433033 0.12927350427350429 0.11257189811010682
0 0.07371794871794872 0.3430566967953985 0.13247863247863248 0.1322925225965489
0 0.35202991452991456 0.32046014790468363 0.38354700854700857 0.09367296631059983
0 0.19444444444444445 0.48233360723089563 0.3418803418803419 0.11339359079704191
0 0.4829059829059829 0.19679539852095315 0.21153846153846154 0.1076417419884963
0 0.7590811965811965 0.20008216926869352 0.21901709401709402 0.0895645028759244
0 0.43643162393162394 0.07518488085456039 0.25961538461538464 0.11257189811010682
0 0.1346153846153846 0.21487263763352507 0.24145299145299146 0.1076417419884963
0 0.11752136752136752 0.7506162695152013 0.17307692307692307 0.1257189811010682
0 0.3215811965811966 0.752670501232539 0.1752136752136752 0.13640098603122433
0 0.5854700854700855 0.7604765817584224 0.36752136752136755 0.13557929334428923
0 0.8947649572649573 0.7571898110106821 0.14636752136752137 0.12407559572719803
0 0.07264957264957266 0.8615447822514379 0.07264957264957266 0.07641741988496302
0 0.28525641025641024 0.8824979457682827 0.3162393162393162 0.09695973705834018
0 0.14316239316239315 0.6117502054231717 0.26495726495726496 0.12078882497945768
0 0.4129273504273504 0.6109285127362366 0.22115384615384615 0.11914543960558752
0 0.6394230769230769 0.6162695152013147 0.21901709401709402 0.14133114215283485
0 0.8274572649572649 0.6175020542317173 0.16987179487179488 0.1388660640920296
0 0.6308760683760684 0.32744453574363186 0.23397435897435898 0.13393590797041907
0 0.8669871794871795 0.31594083812654067 0.20833333333333334 0.13393590797041907
0 0.5491452991452992 0.8898931799506984 0.22008547008547008 0.10682004930156122
0 0.7996794871794872 0.8952341824157765 0.30235042735042733 0.1306491372226787
0 0.22435897435897437 0.07436318816762531 0.1388888888888889 0.1306491372226787
0 0.6330128205128205 0.08299096138044372 0.16773504273504272 0.13640098603122433
0 0.7660256410256411 0.08216926869350863 0.12606837606837606 0.14790468364831552
0 0.8963675213675214 0.09202958093672967 0.1388888888888889 0.13968775677896467
0 0.6180555555555556 0.19802793755135578 0.07585470085470085 0.10682004930156122
0 0.9321581196581197 0.20131470829909615 0.11645299145299146 0.09695973705834018
0 0.6666666666666666 0.4786359901396878 0.27136752136752135 0.12078882497945768
0 0.4412393162393162 0.4864420706655711 0.1752136752136752 0.13968775677896467
0 0.8696581196581197 0.4917830731306491 0.1388888888888889 0.11257189811010682
