0 0.1708378672470076 0.07136015325670499 0.2546245919477693 0.1331417624521073
0 0.40261153427638735 0.06321839080459771 0.20239390642002175 0.12835249042145594
0 0.6060935799782372 0.06273946360153257 0.22850924918389554 0.12547892720306514
0 0.10282916213275299 0.23227969348659003 0.1381936887921654 0.14846743295019157
0 0.3003264417845484 0.20881226053639848 0.19368879216539717 0.1360153256704981
0 0.6779107725788901 0.20306513409961685 0.28944504896626766 0.12835249042145594
0 0.10174102285092491 0.382183908045977 0.15995647442872687 0.1417624521072797
0 0.3025027203482046 0.3544061302681992 0.23721436343852012 0.1206896551724138
0 0.3258977149075082 0.7816091954022989 0.18607181719260066 0.12260536398467432
0 0.5560391730141458 0.7787356321839081 0.13710554951033732 0.1206896551724138
0 0.763873775843308 0.7744252873563219 0.18063112078346028 0.12931034482758622
0 0.10174102285092491 0.789272030651341 0.1926006528835691 0.12452107279693486
0 0.09738846572361262 0.6604406130268199 0.18607181719260066 0.12547892720306514
0 0.08052230685527748 0.5220306513409961 0.1632208922742111 0.1417624521072797
0 0.8215451577801959 0.6254789272030651 0.24156692056583243 0.13026819923371646
0 0.823721436343852 0.07710727969348659 0.2176278563656148 0.12739463601532566
0 0.5168661588683352 0.3414750957854406 0.1501632208922742 0.1503831417624521
0 0.7121871599564744 0.33237547892720304 0.2295973884657236 0.15134099616858238
0 0.9020674646354734 0.31273946360153254 0.15451577801958652 0.11206896551724138
0 0.2801958650707291 0.4942528735632184 0.2470076169749728 0.1206896551724138
0 0.6332970620239391 0.4789272030651341 0.44831338411316646 0.19348659003831417
0 0.4885745375408052 0.4640804597701149 0.1305767138193689 0.08524904214559387
0 0.3226332970620239 0.6494252873563219 0.24483133841131666 0.13793103448275862
0 0.5620239390642002 0.6398467432950191 0.2426550598476605 0.13984674329501914
0 0.09630032644178455 0.8812260536398467 0.1425462459194777 0.11302681992337164
0 0.3297062023939064 0.8812260536398467 0.27421109902067464 0.12835249042145594
0 0.5571273122959739 0.8864942528735632 0.18063112078346028 0.11206896551724138
0 0.7829162132752993 0.8659003831417624 0.21871599564744287 0.12835249042145594
0 0.12023939064200218 0.9645593869731801 0.1425462459194777 0.06321839080459771
0 0.3030467899891186 0.9698275862068966 0.15778019586507072 0.05651340996168582
0 0.4363438520130577 0.9712643678160919 0.10663764961915125 0.04789272030651341
0 0.5397170837867247 0.9631226053639846 0.10010881392818281 0.0603448275862069
0 0.6556039173014145 0.9564176245210728 0.10119695321001088 0.06417624521072797
0 0.7687704026115343 0.9636015325670498 0.10119695321001088 0.05747126436781609
0 0.9004352557127312 0.9525862068965517 0.17736670293797607 0.06992337164750957
0 0.06964091403699674 0.07183908045977011 0.06528835690968444 0.07662835249042145
0 0.14798694232861806 0.06896551724137931 0.023939064200217627 0.05363984674329502
0 0.1882480957562568 0.06657088122605365 0.026115342763873776 0.05459770114942529
0 0.191512513601741 0.06417624521072797 0.1088139281828074 0.02490421455938697
0 0.17519042437431992 0.07806513409961686 0.13928182807399347 0.033524904214559385
0 0.11806311207834602 0.07231800766283525 0.05767138193688792 0.10632183908045977
0 0.18607181719260066 0.1082375478927203 0.117519042437432 0.034482758620689655
0 0.20021762785636563 0.02825670498084291 0.10010881392818281 0.033524904214559385
0 0.2725788900979325 0.06226053639846743 0.062023939064200215 0.0842911877394636
0 0.3857453754080522 0.04932950191570881 0.018498367791077257 0.029693486590038315
0 0.40642002176278563 0.04932950191570881 0.011969532100108813 0.023946360153256706
0 0.4238302502720348 0.04789272030651341 0.022850924918389554 0.028735632183908046
0 0.4385201305767138 0.05363984674329502 0.01958650707290533 0.040229885057471264
0 0.3400435255712731 0.06848659003831417 0.046789989118607184 0.02586206896551724
0 0.3710554951033732 0.03975095785440613 0.08052230685527748 0.04310344827586207
0 0.4200217627856366 0.02442528735632184 0.09793253536452666 0.03735632183908046
0 0.4238302502720348 0.09147509578544061 0.1338411316648531 0.0603448275862069
0 0.4782372143634385 0.05555555555555555 0.055495103373231776 0.0842911877394636
0 0.5408052230685527 0.07423371647509579 0.07181719260065289 0.07567049808429119
0 0.5816104461371056 0.08620689655172414 0.05331882480957562 0.017241379310344827
0 0.5816104461371056 0.07471264367816093 0.04026115342763874 0.013409961685823755
0 0.5854189336235038 0.06609195402298851 0.03482045701849837 0.011494252873563218
0 0.5903155603917302 0.05795019157088123 0.04026115342763874 0.01053639846743295
0 0.5946681175190425 0.04741379310344827 0.04461371055495103 0.01053639846743295
0 0.602829162132753 0.02825670498084291 0.05005440696409141 0.033524904214559385
0 0.6605005440696409 0.08955938697318008 0.0957562568008705 0.020114942528735632
0 0.6610446137105549 0.07806513409961686 0.09031556039173014 0.014367816091954023
0 0.6588683351468988 0.06704980842911877 0.08596300326441784 0.009578544061302681
0 0.6637649619151251 0.0603448275862069 0.08487486398258977 0.007662835249042145
0 0.6653971708378672 0.05268199233716475 0.088139281828074 0.009578544061302681
0 0.6708378672470077 0.044061302681992334 0.08596300326441784 0.013409961685823755
0 0.676278563656148 0.029693486590038315 0.09684439608269858 0.032567049808429116
0 0.7529923830250272 0.04597701149425287 0.058759521218716 0.03065134099616858
0 0.7388465723612623 0.07040229885057471 0.06528835690968444 0.05076628352490421
0 0.8030467899891186 0.05507662835249042 0.08269858541893363 0.04885057471264368
0 0.8307943416757345 0.08620689655172414 0.19042437431991294 0.06896551724137931
0 0.07780195865070728 0.21120689655172414 0.04896626768226333 0.016283524904214558
0 0.07616974972796518 0.2222222222222222 0.04570184983677911 0.01532567049808429
0 0.07562568008705114 0.23275862068965517 0.04896626768226333 0.011494252873563218
0 0.07562568008705114 0.24473180076628354 0.05984766050054407 0.012452107279693486
0 0.07997823721436344 0.25622605363984674 0.05984766050054407 0.014367816091954023
0 0.0794341675734494 0.2744252873563218 0.06746463547334058 0.020114942528735632
0 0.0854189336235038 0.17576628352490423 0.05984766050054407 0.06609195402298851
0 0.1398258977149075 0.2361111111111111 0.05331882480957562 0.14846743295019157
0 0.2611534276387378 0.21791187739463602 0.09793253536452666 0.06800766283524905
0 0.2992383025027203 0.20450191570881227 0.06746463547334058 0.03735632183908046
0 0.2997823721436344 0.16379310344827586 0.06637649619151251 0.05172413793103448
0 0.3596300326441785 0.20306513409961685 0.06855277475516866 0.13409961685823754
0 0.5631120783460283 0.19013409961685823 0.055495103373231776 0.06417624521072797
0 0.5941240478781284 0.19348659003831417 0.036996735582154515 0.05747126436781609
0 0.7600652883569097 0.21791187739463602 0.08161044613710555 0.06992337164750957
0 0.7704026115342764 0.18869731800766285 0.10228509249183895 0.07088122605363985
0 0.6871599564744287 0.2025862068965517 0.0794341675734494 0.04118773946360153
0 0.6534276387377584 0.20977011494252873 0.062023939064200215 0.13026819923371646
0 0.057127312295973884 0.39990421455938696 0.06420021762785637 0.08524904214559387
0 0.08922742110990206 0.38122605363984674 0.07399347116430903 0.13218390804597702
0 0.12894450489662676 0.37212643678160917 0.10990206746463548 0.04118773946360153
0 0.27584330794341677 0.3793103448275862 0.17736670293797607 0.040229885057471264
0 0.3003264417845484 0.3472222222222222 0.11099020674646355 0.02586206896551724
0 0.2306855277475517 0.34099616858237547 0.04787812840043525 0.06130268199233716
0 0.3041349292709467 0.32567049808429116 0.10554951033732318 0.05172413793103448
0 0.39227421109902066 0.3481800766283525 0.06420021762785637 0.1082375478927203
0 0.5636561479869423 0.27825670498084293 0.060935799782372145 0.07375478927203065
0 0.5609357997823722 0.3079501915708812 0.05984766050054407 0.06609195402298851
0 0.5636561479869423 0.37308429118773945 0.07616974972796518 0.08333333333333333
0 0.529379760609358 0.3275862068965517 0.03373231773667029 0.07279693486590039
0 0.4880304678998912 0.3740421455938697 0.0750816104461371 0.031609195402298854
0 0.485310119695321 0.289272030651341 0.060935799782372145 0.05555555555555555
0 0.4804134929270947 0.3486590038314176 0.062023939064200215 0.01532567049808429
0 0.4820457018498368 0.33381226053639845 0.06311207834602829 0.014367816091954023
0 0.47932535364526657 0.32231800766283525 0.05331882480957562 0.018199233716475097
0 0.6186071817192601 0.33237547892720304 0.04026115342763874 0.09770114942528736
0 0.6893362350380848 0.30411877394636017 0.031556039173014146 0.016283524904214558
0 0.690968443960827 0.3204022988505747 0.03482045701849837 0.014367816091954023
0 0.6871599564744287 0.33620689655172414 0.042437431991294884 0.013409961685823755
0 0.6887921653971708 0.35823754789272033 0.05005440696409141 0.017241379310344827
0 0.6871599564744287 0.27490421455938696 0.046789989118607184 0.04597701149425287
0 0.7143634385201306 0.3242337164750958 0.01632208922742111 0.05268199233716475
0 0.6599564744287268 0.3342911877394636 0.042437431991294884 0.09386973180076628
0 0.7312295973884657 0.33045977011494254 0.01958650707290533 0.04980842911877394
0 0.7459194776931447 0.3328544061302682 0.018498367791077257 0.045019157088122604
0 0.763873775843308 0.3328544061302682 0.030467899891186073 0.045019157088122604
0 0.7584330794341676 0.27490421455938696 0.1088139281828074 0.07471264367816093
0 0.7769314472252449 0.34434865900383144 0.14145810663764963 0.11590038314176246
0 0.8879216539717084 0.33237547892720304 0.06964091403699674 0.038314176245210725
0 0.8509249183895539 0.3242337164750958 0.06311207834602829 0.03735632183908046
0 0.8781284004352558 0.289272030651341 0.07834602829162132 0.04980842911877394
0 0.9238302502720348 0.30938697318007663 0.05223068552774755 0.09961685823754789
0 0.030467899891186073 0.5306513409961686 0.04352557127312296 0.05747126436781609
0 0.0794341675734494 0.5201149425287356 0.07834602829162132 0.1475095785440613
0 0.11588683351468988 0.5229885057471264 0.09466811751904244 0.05555555555555555
0 0.24809575625680086 0.507183908045977 0.1719260065288357 0.06417624521072797
0 0.1882480957562568 0.47126436781609193 0.028291621327529923 0.04597701149425287
0 0.2323177366702938 0.46264367816091956 0.04461371055495103 0.04789272030651341
0 0.2687704026115343 0.47509578544061304 0.12840043525571274 0.019157088122605363
0 0.3628944504896627 0.48563218390804597 0.06855277475516866 0.09386973180076628
0 0.5321001088139282 0.46839080459770116 0.03264417845484222 0.02490421455938697
0 0.530467899891186 0.4875478927203065 0.051142546245919476 0.028735632183908046
0 0.44178454842219805 0.467911877394636 0.030467899891186073 0.023946360153256706
0 0.4657236126224157 0.49090038314176243 0.06746463547334058 0.02586206896551724
0 0.4733405875952122 0.46120689655172414 0.0544069640914037 0.04118773946360153
0 0.5081610446137106 0.467911877394636 0.04787812840043525 0.07950191570881227
0 0.4352557127312296 0.5483716475095786 0.06746463547334058 0.05268199233716475
0 0.47932535364526657 0.5086206896551724 0.11860718171926006 0.032567049808429116
0 0.5723612622415669 0.5253831417624522 0.09793253536452666 0.08524904214559387
0 0.6191512513601741 0.5292145593869731 0.06528835690968444 0.06800766283524905
0 0.6044613710554951 0.43342911877394635 0.09684439608269858 0.06609195402298851
0 0.6022850924918389 0.4650383141762452 0.055495103373231776 0.016283524904214558
0 0.6011969532100109 0.47844827586206895 0.05331882480957562 0.014367816091954023
0 0.6011969532100109 0.49090038314176243 0.055495103373231776 0.014367816091954023
0 0.6229597388465724 0.5033524904214559 0.10772578890097932 0.018199233716475097
0 0.6572361262241567 0.46695402298850575 0.060935799782372145 0.05651340996168582
0 0.7388465723612623 0.4583333333333333 0.08269858541893363 0.020114942528735632
0 0.6893362350380848 0.45737547892720304 0.022850924918389554 0.08141762452107279
0 0.721436343852013 0.492816091954023 0.08705114254624592 0.02586206896551724
0 0.7127312295973884 0.40325670498084293 0.05223068552774755 0.0421455938697318
0 0.7110990206746464 0.44875478927203066 0.025027203482045703 0.06226053639846743
0 0.7312295973884657 0.45977011494252873 0.02176278563656148 0.07471264367816093
0 0.749183895538629 0.45737547892720304 0.014145810663764961 0.07567049808429119
0 0.764417845484222 0.45881226053639845 0.01632208922742111 0.07662835249042145
0 0.8046789989118607 0.4674329501915709 0.07725788900979326 0.15708812260536398
0 0.9287268770402611 0.4904214559386973 0.05984766050054407 0.09578544061302682
0 0.027747551686615888 0.6590038314176245 0.04461371055495103 0.07662835249042145
0 0.07453754080522307 0.6575670498084292 0.07290533188248095 0.13122605363984674
0 0.13547334058759522 0.6479885057471264 0.14036996735582155 0.045019157088122604
0 0.2470076169749728 0.6269157088122606 0.041349292709466814 0.045019157088122604
0 0.2693144722524483 0.6422413793103449 0.03808487486398259 0.05076628352490421
0 0.2883569096844396 0.6408045977011494 0.03482045701849837 0.038314176245210725
0 0.30195865070729055 0.6139846743295019 0.06637649619151251 0.07088122605363985
0 0.28454842219804133 0.6551724137931034 0.16430903155603918 0.06896551724137931
0 0.3911860718171926 0.6795977011494253 0.05331882480957562 0.045019157088122604
0 0.5337323177366703 0.5957854406130269 0.1425462459194777 0.05938697318007663
0 0.6496191512513602 0.6369731800766284 0.06311207834602829 0.12643678160919541
0 0.8547334058759521 0.6431992337164751 0.09031556039173014 0.09482758620689655
0 0.7606093579978237 0.6685823754789272 0.10010881392818281 0.03065134099616858
0 0.7921653971708379 0.5814176245210728 0.16104461371055495 0.06321839080459771
0 0.7459194776931447 0.6159003831417624 0.029379760609358 0.01532567049808429
0 0.7421109902067464 0.6273946360153256 0.030467899891186073 0.01532567049808429
0 0.7410228509249184 0.6431992337164751 0.04570184983677911 0.020114942528735632
0 0.8226332970620239 0.625 0.12404787812840043 0.05651340996168582
0 0.9167573449401524 0.6135057471264368 0.05331882480957562 0.13122605363984674
0 0.04026115342763874 0.7940613026819924 0.03264417845484222 0.06321839080459771
0 0.0941240478781284 0.7758620689655172 0.06637649619151251 0.1053639846743295
0 0.14526659412404788 0.7739463601532567 0.12295973884657237 0.044061302681992334
0 0.3073993471164309 0.8122605363984674 0.08596300326441784 0.03065134099616858
0 0.30794341675734493 0.7974137931034483 0.06528835690968444 0.020114942528735632
0 0.31284004352557127 0.7887931034482759 0.0750816104461371 0.022030651340996167
0 0.31392818280739937 0.7691570881226054 0.06420021762785637 0.0210727969348659
0 0.3220892274211099 0.728448275862069 0.06964091403699674 0.06800766283524905
0 0.38411316648531013 0.7801724137931034 0.06746463547334058 0.11590038314176246
0 0.5326441784548422 0.774904214559387 0.062023939064200215 0.09961685823754789
0 0.5990206746463548 0.7485632183908046 0.062023939064200215 0.05459770114942529
0 0.5870511425462459 0.796455938697318 0.05331882480957562 0.06609195402298851
0 0.749183895538629 0.771551724137931 0.07725788900979326 0.04310344827586207
0 0.73449401523395 0.7260536398467433 0.09357997823721437 0.06513409961685823
0 0.7317736670293797 0.7916666666666666 0.10119695321001088 0.06226053639846743
0 0.8155603917301415 0.757183908045977 0.07725788900979326 0.1235632183908046
0 0.13438520130576714 0.9133141762452107 0.06420021762785637 0.05842911877394636
0 0.14309031556039173 0.8644636015325671 0.051142546245919476 0.0603448275862069
0 0.06256800870511425 0.9133141762452107 0.062023939064200215 0.022030651340996167
0 0.0750816104461371 0.8539272030651341 0.08922742110990206 0.039272030651340994
0 0.06637649619151251 0.8884099616858238 0.06746463547334058 0.04118773946360153
0 0.0941240478781284 0.8644636015325671 0.025027203482045703 0.04693486590038314
0 0.06800870511425462 0.8898467432950191 0.029379760609358 0.03639846743295019
0 0.21381936887921654 0.8960727969348659 0.022850924918389554 0.07567049808429119
0 0.22089227421109903 0.899904214559387 0.0544069640914037 0.039272030651340994
0 0.23340587595212187 0.8409961685823755 0.042437431991294884 0.05172413793103448
0 0.264961915125136 0.8735632183908046 0.029379760609358 0.05555555555555555
0 0.28454842219804133 0.8395593869731801 0.05767138193688792 0.05076628352490421
0 0.2981501632208923 0.9128352490421456 0.1088139281828074 0.05363984674329502
0 0.35473340587595215 0.8874521072796935 0.11534276387377584 0.05268199233716475
0 0.35799782372143635 0.8457854406130269 0.10010881392818281 0.04980842911877394
0 0.42872687704026113 0.8831417624521073 0.06528835690968444 0.10153256704980843
0 0.6066376496191512 0.8908045977011494 0.06855277475516866 0.02490421455938697
0 0.6060935799782372 0.8793103448275862 0.07399347116430903 0.02490421455938697
0 0.5217627856365615 0.8659003831417624 0.06855277475516866 0.04789272030651341
0 0.5261153427638737 0.9061302681992337 0.06420021762785637 0.032567049808429116
0 0.485310119695321 0.8845785440613027 0.03264417845484222 0.06226053639846743
0 0.795429815016322 0.8994252873563219 0.07616974972796518 0.09195402298850575
0 0.8373231773667029 0.8802681992337165 0.09466811751904244 0.05172413793103448
0 0.823177366702938 0.8261494252873564 0.09902067464635474 0.07950191570881227
0 0.6996735582154516 0.8635057471264368 0.04570184983677911 0.0603448275862069
0 0.735038084874864 0.8711685823754789 0.04896626768226333 0.06417624521072797
0 0.7551686615886833 0.8568007662835249 0.041349292709466814 0.045019157088122604
0 0.7704026115342764 0.8477011494252874 0.03917301414581066 0.0421455938697318
0 0.10337323177366703 0.9645593869731801 0.1088139281828074 0.028735632183908046
0 0.07834602829162132 0.9425287356321839 0.03482045701849837 0.028735632183908046
0 0.10772578890097932 0.9540229885057471 0.028291621327529923 0.028735632183908046
0 0.08650707290533188 0.9818007662835249 0.03808487486398259 0.032567049808429116
0 0.11262241566920565 0.9813218390804598 0.03808487486398259 0.035440613026819924
0 0.16866158868335146 0.9588122605363985 0.05223068552774755 0.04789272030651341
0 0.15778019586507072 0.9827586206896551 0.056583242655059846 0.02490421455938697
0 0.264961915125136 0.9818007662835249 0.046789989118607184 0.017241379310344827
0 0.2529923830250272 0.9880268199233716 0.042437431991294884 0.014367816091954023
0 0.2676822633297062 0.9698275862068966 0.05005440696409141 0.022030651340996167
0 0.2731229597388466 0.9540229885057471 0.04352557127312296 0.022988505747126436
0 0.32100108813928185 0.9885057471264368 0.04787812840043525 0.02490421455938697
0 0.3193688792165397 0.9545019157088123 0.05767138193688792 0.04885057471264368
0 0.30522306855277476 0.9683908045977011 0.022850924918389554 0.044061302681992334
0 0.3645266594124048 0.9707854406130269 0.03264417845484222 0.04693486590038314
0 0.44504896626768226 0.9717432950191571 0.10010881392818281 0.03735632183908046
0 0.5103373231773667 0.9549808429118773 0.03264417845484222 0.03639846743295019
0 0.55930359085963 0.9420498084291188 0.04352557127312296 0.018199233716475097
0 0.5261153427638737 0.9430076628352491 0.055495103373231776 0.020114942528735632
0 0.5277475516866159 0.9722222222222222 0.04352557127312296 0.03639846743295019
0 0.5642002176278563 0.9655172413793104 0.055495103373231776 0.04980842911877394
0 0.6126224156692056 0.967911877394636 0.036996735582154515 0.031609195402298854
0 0.6452665941240479 0.939176245210728 0.04570184983677911 0.039272030651340994
0 0.690968443960827 0.9377394636015326 0.03264417845484222 0.019157088122605363
0 0.6784548422198041 0.9645593869731801 0.062023939064200215 0.044061302681992334
0 0.6697497279651795 0.9348659003831418 0.022850924918389554 0.013409961685823755
0 0.6392818280739935 0.9755747126436781 0.029379760609358 0.012452107279693486
0 0.64689880304679 0.9693486590038314 0.03373231773667029 0.011494252873563218
0 0.6534276387377584 0.9659961685823755 0.031556039173014146 0.01053639846743295
0 0.6594124047878128 0.9616858237547893 0.030467899891186073 0.011494252873563218
0 0.6643090315560392 0.9545019157088123 0.029379760609358 0.014367816091954023
0 0.6664853101196954 0.9473180076628352 0.029379760609358 0.013409961685823755
0 0.7616974972796517 0.9650383141762452 0.04787812840043525 0.02586206896551724
0 0.7551686615886833 0.9511494252873564 0.06311207834602829 0.0421455938697318
0 0.7410228509249184 0.9813218390804598 0.04352557127312296 0.016283524904214558
0 0.7986942328618063 0.9602490421455939 0.04352557127312296 0.05268199233716475
0 0.719804134929271 0.946360153256705 0.031556039173014146 0.013409961685823755
0 0.7159956474428727 0.9573754789272031 0.026115342763873776 0.014367816091954023
0 0.8253536452665942 0.9645593869731801 0.031556039173014146 0.03065134099616858
0 0.8552774755168662 0.9578544061302682 0.036996735582154515 0.05747126436781609
0 0.9064200217627857 0.9554597701149425 0.10663764961915125 0.029693486590038315
0 0.9026115342763874 0.9549808429118773 0.025027203482045703 0.040229885057471264
0 0.9232861806311208 0.9545019157088123 0.02720348204570185 0.03735632183908046
0 0.9211099020674647 0.9770114942528736 0.09249183895538629 0.013409961685823755
0 0.9722524483133841 0.9564176245210728 0.018498367791077257 0.05459770114942529
