0 0.12361111111111112 0.21664548919949175 0.19722222222222222 0.2071156289707751
0 0.5069444444444444 0.19504447268106734 0.5083333333333333 0.18170266836086404
0 0.8506944444444444 0.1905972045743329 0.09583333333333334 0.15247776365946633
0 0.15069444444444444 0.45616264294790343 0.20416666666666666 0.15247776365946633
0 0.3680555555555556 0.4364675984752224 0.2361111111111111 0.17407878017789072
0 0.15694444444444444 0.8659466327827192 0.24722222222222223 0.19186785260482847
0 0.6194444444444445 0.832274459974587 0.18055555555555555 0.1905972045743329
0 0.6416666666666667 0.6219822109275731 0.44722222222222224 0.2731893265565438
0 0.21597222222222223 0.6601016518424396 0.3680555555555556 0.2554002541296061
0 0.7319444444444444 0.39961880559085133 0.5138888888888888 0.22744599745870395
0 0.93125 0.5628970775095299 0.12638888888888888 0.21346886912325286
