0 0.15217391304347827 0.12095032397408208 0.21739130434782608 0.15766738660907129
0 0.4506462984723854 0.09773218142548597 0.2244418331374853 0.15226781857451405
0 0.6874265569917744 0.11663066954643629 0.21386603995299647 0.1857451403887689
0 0.8777908343125734 0.117170626349892 0.1598119858989424 0.18466522678185746
0 0.4988249118683901 0.2942764578833693 0.1891891891891892 0.1717062634989201
0 0.7150411280846063 0.31533477321814257 0.16803760282021152 0.17926565874730022
0 0.8965922444183314 0.3120950323974082 0.16686251468860164 0.1879049676025918
0 0.6392479435957696 0.7375809935205183 0.21151586368977673 0.19654427645788336
0 0.8754406580493537 0.740280777537797 0.24206815511163338 0.2019438444924406
0 0.5276145710928319 0.5183585313174947 0.5217391304347826 0.21814254859611232
0 0.8578143360752056 0.5496760259179265 0.20211515863689777 0.1900647948164147
