0 0.30937098844672656 0.2138442521631644 0.22849807445442877 0.15327564894932014
0 0.5603337612323491 0.21569839307787392 0.16559691912708602 0.17676143386897405
0 0.3523748395378691 0.799752781211372 0.4120667522464698 0.17058096415327564
0 0.2355584082156611 0.4715698393077874 0.19127086007702182 0.20642768850432633
0 0.7381258023106547 0.19592088998763907 0.23106546854942234 0.15203955500618047
0 0.4993581514762516 0.48084054388133496 0.3337612323491656 0.23485784919653893
0 0.6251604621309371 0.8096415327564895 0.15917843388960207 0.19283065512978986
0 0.8382541720154044 0.799752781211372 0.2772785622593068 0.20519159456118666
0 0.7458279845956355 0.6211372064276885 0.18485237483953787 0.1668726823238566
0 0.9011553273427471 0.6161928306551298 0.12323491655969192 0.15698393077873918
0 0.7946084724005135 0.45550061804697156 0.26187419768934533 0.17428924598269468
