0 0.08419243986254296 0.4529463500439754 0.15979381443298968 0.14072119613016712
0 0.30369415807560135 0.43579595426561124 0.2912371134020619 0.12752858399296393
0 0.5695876288659794 0.4476693051890941 0.24742268041237114 0.16534740545294635
0 0.8238831615120275 0.4441512752858399 0.26804123711340205 0.16182937554969218
0 0.11039518900343642 0.8324538258575198 0.14518900343642613 0.10642040457343888
0 0.31099656357388317 0.8324538258575198 0.20618556701030927 0.1169744942832014
0 0.5060137457044673 0.8324538258575198 0.16151202749140894 0.1169744942832014
0 0.6838487972508591 0.8218997361477572 0.16666666666666666 0.14160070360598065
0 0.8406357388316151 0.816622691292876 0.11597938144329897 0.14160070360598065
0 0.10008591065292097 0.9252418645558487 0.13487972508591065 0.08619173262972735
0 0.3118556701030928 0.940193491644679 0.26804123711340205 0.09146877748460862
0 0.552405498281787 0.9454705364995603 0.20618556701030927 0.09498680738786279
0 0.7289518900343642 0.9388742304309586 0.1331615120274914 0.09762532981530343
0 0.8676975945017182 0.9151275285839929 0.14948453608247422 0.11873350923482849
0 0.6748281786941581 0.2642919964819701 0.1486254295532646 0.15743183817062445
0 0.8535223367697594 0.2695690413368514 0.20532646048109965 0.12576956904133685
