0 0.3299155609167672 0.21548387096774194 0.1411338962605549 0.18064516129032257
0 0.5464414957780458 0.22516129032258064 0.18335343787696018 0.20258064516129032
0 0.7689987937273823 0.22 0.2448733413751508 0.16903225806451613
0 0.1411338962605549 0.21548387096774194 0.17611580217129072 0.18064516129032257
0 0.10735826296743065 0.6445161290322581 0.17370325693606756 0.17419354838709677
0 0.2925211097708082 0.66 0.20627261761158022 0.1896774193548387
0 0.47889022919179736 0.6561290322580645 0.17852834740651388 0.1664516129032258
0 0.32750301568154405 0.07225806451612904 0.2014475271411339 0.1135483870967742
0 0.4825090470446321 0.06838709677419355 0.11097708082026538 0.12387096774193548
0 0.6067551266586249 0.06451612903225806 0.1399276236429433 0.13161290322580646
0 0.7466827503015682 0.07612903225806451 0.1278648974668275 0.12129032258064516
0 0.16164053075995174 0.07483870967741936 0.1278648974668275 0.09806451612903226
0 0.8757539203860072 0.09870967741935484 0.13751507840772015 0.12258064516129032
0 0.7352231604342582 0.6483870967741936 0.34620024125452353 0.1870967741935484
0 0.09288299155609167 0.7819354838709678 0.15440289505428226 0.12387096774193548
0 0.24306393244873342 0.787741935483871 0.15560916767189384 0.12774193548387097
0 0.6164053075995175 0.952258064516129 0.11821471652593486 0.08774193548387096
0 0.7466827503015682 0.9387096774193548 0.12062726176115803 0.10967741935483871
0 0.8624849215922799 0.9219354838709677 0.09650180940892641 0.10967741935483871
0 0.4987937273823884 0.947741935483871 0.11700844390832328 0.08903225806451613
0 0.8510253317249699 0.7941935483870968 0.2617611580217129 0.16903225806451613
0 0.39203860072376356 0.7903225806451613 0.10856453558504221 0.07870967741935483
0 0.5012062726176115 0.8167741935483871 0.39203860072376356 0.14451612903225808
0 0.951145958986731 0.6232258064516129 0.10012062726176116 0.18580645161290324
0 0.16103739445114595 0.927741935483871 0.2135102533172497 0.1367741935483871
0 0.35223160434258144 0.9425806451612904 0.15681544028950542 0.10709677419354839
