0 0.10596026490066225 0.07168458781362007 0.1509933774834437 0.11708482676224612
0 0.3933774834437086 0.07526881720430108 0.36026490066225164 0.14814814814814814
0 0.2900662251655629 0.25985663082437277 0.1509933774834437 0.1827956989247312
0 0.14370860927152318 0.6254480286738351 0.247682119205298 0.16845878136200718
0 0.12317880794701987 0.8070489844683393 0.1509933774834437 0.17323775388291518
0 0.5205298013245033 0.8034647550776584 0.2251655629139073 0.14695340501792115
0 0.7907284768211921 0.8189964157706093 0.3125827814569536 0.14695340501792115
0 0.10264900662251655 0.25029868578255676 0.19205298013245034 0.14695340501792115
0 0.5337748344370861 0.22520908004778972 0.3205298013245033 0.13500597371565112
0 0.8708609271523179 0.24313022700119474 0.21589403973509932 0.13978494623655913
0 0.0728476821192053 0.43966547192353644 0.12980132450331125 0.1911589008363202
0 0.6251655629139072 0.6260454002389486 0.30993377483443707 0.18876941457586618
0 0.2827814569536424 0.43309438470728795 0.2980132450331126 0.17323775388291518
0 0.5112582781456954 0.43966547192353644 0.2119205298013245 0.17443249701314217
0 0.676158940397351 0.0884109916367981 0.1814569536423841 0.15292712066905614
0 0.8417218543046358 0.0961768219832736 0.16026490066225166 0.13739545997610514
0 0.7278145695364239 0.23894862604540024 0.054304635761589407 0.13859020310633213
0 0.7192052980132451 0.44683393070489846 0.2251655629139073 0.18876941457586618
