0 0.16173570019723865 0.8531496062992125 0.09270216962524655 0.08897637795275591
0 0.33974358974358976 0.8606299212598425 0.1863905325443787 0.10551181102362205
0 0.5828402366863905 0.8582677165354331 0.1222879684418146 0.08818897637795275
0 0.5976331360946746 0.7692913385826772 0.09861932938856016 0.08661417322834646
0 0.20069033530571992 0.6826771653543308 0.22189349112426035 0.08031496062992126
0 0.1893491124260355 0.7704724409448819 0.20315581854043394 0.08267716535433071
0 0.40631163708086787 0.7755905511811023 0.1794871794871795 0.09291338582677165
0 0.15927021696252466 0.9413385826771653 0.11538461538461539 0.08740157480314961
0 0.4388560157790927 0.6858267716535433 0.21893491124260356 0.09291338582677165
0 0.4373767258382643 0.5858267716535434 0.17061143984220908 0.08503937007874016
0 0.643491124260355 0.5909448818897638 0.19625246548323472 0.0984251968503937
0 0.21005917159763313 0.5881889763779528 0.26232741617357 0.09921259842519685
0 0.20512820512820512 0.49133858267716535 0.21893491124260356 0.08976377952755905
0 0.4457593688362919 0.4921259842519685 0.23076923076923078 0.10551181102362205
0 0.38412228796844183 0.2279527559055118 0.17061143984220908 0.08267716535433071
0 0.5700197238658777 0.22401574803149607 0.16568047337278108 0.08110236220472442
0 0.7090729783037475 0.2200787401574803 0.09072978303747535 0.0984251968503937
0 0.21055226824457593 0.2295275590551181 0.15680473372781065 0.08897637795275591
0 0.41074950690335305 0.30551181102362207 0.10749506903353057 0.05511811023622047
0 0.6863905325443787 0.30275590551181103 0.16568047337278108 0.07480314960629922
0 0.6829388560157791 0.4952755905511811 0.22781065088757396 0.09448818897637795
0 0.8264299802761341 0.7633858267716536 0.2504930966469428 0.1015748031496063
0 0.5833333333333334 0.9433070866141732 0.2455621301775148 0.09606299212598425
0 0.40039447731755423 0.1421259842519685 0.17751479289940827 0.08425196850393701
0 0.7850098619329389 0.6748031496062992 0.14990138067061143 0.08976377952755905
0 0.8254437869822485 0.2992125984251969 0.09861932938856016 0.07716535433070866
0 0.33136094674556216 0.95 0.20118343195266272 0.1
0 0.645956607495069 0.13307086614173227 0.2406311637080868 0.08346456692913386
0 0.22781065088757396 0.30748031496062994 0.21893491124260356 0.08267716535433071
0 0.5335305719921104 0.2984251968503937 0.11045364891518737 0.09133858267716535
0 0.2361932938856016 0.14094488188976378 0.1252465483234714 0.08346456692913386
0 0.5542406311637081 0.03661417322834646 0.1834319526627219 0.07007874015748032
0 0.34615384615384615 0.03897637795275591 0.1952662721893491 0.06220472440944882
0 0.8116370808678501 0.3909448818897638 0.20907297830374755 0.1141732283464567
0 0.8328402366863905 0.5850393700787402 0.10552268244575937 0.10551181102362205
0 0.9388560157790927 0.5834645669291338 0.11045364891518737 0.09133858267716535
