0 0.13982300884955753 0.45791245791245794 0.184070796460177 0.1919191919191919
0 0.4672566371681416 0.4537037037037037 0.23008849557522124 0.2037037037037037
0 0.7991150442477876 0.4452861952861953 0.3415929203539823 0.16666666666666666
0 0.9053097345132743 0.6102693602693603 0.12212389380530973 0.15993265993265993
0 0.7141592920353982 0.6203703703703703 0.23893805309734514 0.15993265993265993
0 0.37256637168141593 0.8181818181818182 0.24601769911504426 0.15488215488215487
0 0.6061946902654868 0.8173400673400674 0.168141592920354 0.15993265993265993
0 0.8362831858407079 0.7988215488215489 0.27079646017699116 0.1734006734006734
0 0.12300884955752213 0.813973063973064 0.15752212389380532 0.15993265993265993
0 0.4451327433628319 0.07154882154882154 0.2849557522123894 0.12289562289562289
0 0.13716814159292035 0.6313131313131313 0.23539823008849559 0.18855218855218855
0 0.4283185840707965 0.6287878787878788 0.31150442477876106 0.18013468013468015
0 0.5389380530973451 0.2297979797979798 0.30973451327433627 0.18686868686868688
0 0.8106194690265487 0.234006734006734 0.21946902654867256 0.17845117845117844
0 0.7415929203539823 0.07996632996632996 0.35398230088495575 0.14983164983164984
0 0.14513274336283186 0.914983164983165 0.20530973451327433 0.08922558922558922
0 0.3743362831858407 0.9402356902356902 0.2672566371681416 0.11952861952861953
0 0.18761061946902655 0.09006734006734007 0.24424778761061947 0.14646464646464646
0 0.6398230088495576 0.9276094276094277 0.25309734513274335 0.08417508417508418
0 0.8389380530973451 0.9191919191919192 0.12743362831858407 0.10437710437710437
