0 0.1525871172122492 0.0532 0.2122492080253432 0.1032
0 0.4582893347412883 0.0684 0.1816261879619852 0.1208
0 0.7296726504751848 0.0736 0.32312565997888065 0.1072
0 0.11826821541710665 0.2824 0.21119324181626187 0.128
0 0.14994720168954592 0.5116 0.26610348468849 0.1272
0 0.12407602956705385 0.6548 0.22703273495248152 0.1304
0 0.11034846884899684 0.7532 0.21013727560718057 0.1032
0 0.1631467793030623 0.1624 0.24604012671594508 0.128
0 0.3864836325237592 0.1708 0.1921858500527983 0.116
0 0.6536430834213305 0.1696 0.1816261879619852 0.104
0 0.40179514255543824 0.2684 0.3600844772967265 0.1128
0 0.7001055966209081 0.2688 0.26610348468849 0.1104
0 0.8949313621964097 0.264 0.1678986272439282 0.1008
0 0.13463569165786696 0.3912 0.22069693769799367 0.1088
0 0.33157338965153116 0.3716 0.16261879619852165 0.132
0 0.5527983104540655 0.3668 0.26715945089757126 0.124
0 0.8299894403379092 0.368 0.2914466737064414 0.1168
0 0.3917634635691658 0.5008 0.21541710665258712 0.1248
0 0.571805702217529 0.4916 0.15311510031678988 0.124
0 0.7682154171066525 0.4992 0.25237592397043296 0.1424
0 0.3405491024287223 0.6456 0.21858500527983105 0.1344
0 0.5411826821541711 0.6396 0.19957761351636746 0.1192
0 0.704857444561774 0.6516 0.12565997888067582 0.1128
0 0.10982048574445617 0.8364 0.20908130939809927 0.0968
0 0.10982048574445617 0.9208 0.1457233368532207 0.0816
0 0.28827877507919747 0.9228 0.21541710665258712 0.1112
0 0.5052798310454065 0.9188 0.23970432946145723 0.116
0 0.7983104540654699 0.8956 0.36536430834213307 0.1272
0 0.3167898627243928 0.8324 0.16473072861668428 0.1016
0 0.5865892291446674 0.824 0.16156282998944033 0.0896
0 0.7988384371700106 0.8288 0.12143611404435058 0.0928
0 0.8616684266103485 0.6444 0.20908130939809927 0.124
0 0.3289334741288279 0.7532 0.24181626187961985 0.0968
0 0.6246040126715945 0.7384 0.38753959873284055 0.112
0 0.9139387539598732 0.7624 0.15522703273495247 0.1328
0 0.9376979936642027 0.4952 0.1119324181626188 0.136
