0 0.11263972484952708 0.8304623753399819 0.16852966466036112 0.18313689936536717
0 0.10318142734307825 0.6659111514052584 0.17540842648323302 0.15684496826835903
0 0.27386070507308685 0.8322756119673618 0.15391229578675839 0.1559383499546691
0 0.28460877042132415 0.6486854034451496 0.16165090283748926 0.15684496826835903
0 0.38521066208082544 0.8472348141432456 0.12381771281169389 0.16047144152311876
0 0.20421324161650903 0.48640072529465095 0.09028374892519346 0.12601994560290117
0 0.2871883061049011 0.48322756119673616 0.061908856405846945 0.10879419764279238
0 0.5765262252794497 0.7928377153218495 0.27773000859845226 0.15503173164097914
0 0.561908856405847 0.6264732547597461 0.28116938950988823 0.16681776971894832
0 0.3895098882201204 0.47461468721668176 0.1358555460017197 0.16409791477787852
0 0.5816852966466036 0.4614687216681777 0.24849527085124679 0.16500453309156846
0 0.2927773000859845 0.3295557570262919 0.14875322441960448 0.12239347234814144
0 0.5503009458297506 0.30915684496826834 0.31470335339638866 0.1468721668177697
