0 0.24888888888888888 0.8570881226053639 0.09777777777777778 0.08812260536398467
0 0.09777777777777778 0.789272030651341 0.13155555555555556 0.0735632183908046
0 0.08755555555555555 0.6111111111111112 0.13422222222222221 0.09118773946360154
0 0.66 0.6582375478927203 0.08444444444444445 0.08122605363984674
0 0.712 0.7298850574712644 0.12622222222222224 0.07586206896551724
0 0.08933333333333333 0.4482758620689655 0.13777777777777778 0.0842911877394636
0 0.35333333333333333 0.1850574712643678 0.15555555555555556 0.08505747126436781
0 0.08355555555555555 0.7068965517241379 0.13155555555555556 0.09272030651340996
0 0.2351111111111111 0.7704980842911877 0.13955555555555554 0.09731800766283524
0 0.24266666666666667 0.6796934865900384 0.18666666666666668 0.09808429118773947
0 0.26311111111111113 0.5157088122605364 0.17955555555555555 0.0842911877394636
0 0.22444444444444445 0.34904214559386976 0.1768888888888889 0.09578544061302682
0 0.48355555555555557 0.6731800766283524 0.272 0.10651340996168582
0 0.41688888888888886 0.8406130268199233 0.08355555555555555 0.10881226053639846
0 0.508 0.8375478927203065 0.10222222222222223 0.10727969348659004
0 0.8626666666666667 0.6379310344827587 0.12355555555555556 0.09118773946360154
0 0.33955555555555555 0.2632183908045977 0.1991111111111111 0.07126436781609195
0 0.1608888888888889 0.8570881226053639 0.07644444444444444 0.0743295019157088
0 0.07288888888888889 0.8567049808429119 0.10488888888888889 0.0950191570881226
0 0.07066666666666667 0.3651340996168582 0.10044444444444445 0.08659003831417625
0 0.07466666666666667 0.5298850574712644 0.10488888888888889 0.07279693486590039
0 0.2391111111111111 0.43333333333333335 0.1671111111111111 0.09731800766283524
0 0.23555555555555555 0.5961685823754789 0.16533333333333333 0.07509578544061303
0 0.33644444444444443 0.8528735632183908 0.08444444444444445 0.09348659003831418
0 0.6231111111111111 0.832183908045977 0.12622222222222224 0.10421455938697317
0 0.7275555555555555 0.8195402298850575 0.08444444444444445 0.09578544061302682
0 0.8231111111111111 0.8026819923371648 0.112 0.10191570881226053
0 0.896 0.7969348659003831 0.060444444444444446 0.08735632183908046
0 0.7275555555555555 0.9057471264367816 0.21955555555555556 0.09808429118773947
0 0.9466666666666667 0.7885057471264367 0.05333333333333334 0.08735632183908046
0 0.7493333333333333 0.6421455938697318 0.096 0.0950191570881226
0 0.9617777777777777 0.6249042145593869 0.07644444444444444 0.08812260536398467
