0 0.12336892052194544 0.059788359788359786 0.07829181494661921 0.07936507936507936
0 0.28410438908659547 0.07883597883597884 0.2147093712930012 0.11322751322751323
0 0.08837485172004746 0.21481481481481482 0.08659549228944247 0.12063492063492064
0 0.07354685646500593 0.3328042328042328 0.07591933570581258 0.10899470899470899
0 0.25741399762752076 0.3380952380952381 0.2514827995255042 0.1259259259259259
0 0.3446026097271649 0.18994708994708995 0.3902728351126928 0.13015873015873017
0 0.6536180308422301 0.18571428571428572 0.23962040332147094 0.13015873015873017
0 0.5883748517200474 0.3349206349206349 0.3250296559905101 0.15767195767195769
0 0.8659549228944247 0.3349206349206349 0.2372479240806643 0.15343915343915343
0 0.1797153024911032 0.491005291005291 0.3001186239620403 0.16507936507936508
0 0.45373665480427045 0.4883597883597884 0.26453143534994067 0.1259259259259259
0 0.12930011862396204 0.6846560846560846 0.2111506524317912 0.17354497354497356
0 0.4472123368920522 0.6677248677248677 0.3748517200474496 0.17354497354497356
0 0.14887307236061684 0.8275132275132275 0.22182680901542112 0.10158730158730159
0 0.38137603795966785 0.8185185185185185 0.18861209964412812 0.11746031746031746
0 0.5824436536180309 0.8063492063492064 0.20877817319098457 0.14179894179894179
0 0.7817319098457889 0.7804232804232805 0.2206405693950178 0.10687830687830688
0 0.9329774614472124 0.7867724867724868 0.08659549228944247 0.14285714285714285
0 0.6826809015421115 0.4804232804232804 0.18149466192170818 0.13756613756613756
0 0.8659549228944247 0.49153439153439155 0.17556346381969157 0.15343915343915343
0 0.9739027283511269 0.49576719576719575 0.05219454329774614 0.15555555555555556
0 0.7805456702253856 0.6333333333333333 0.2846975088967972 0.164021164021164
0 0.963226571767497 0.6433862433862434 0.08540925266903915 0.13544973544973546
0 0.1571767497034401 0.9407407407407408 0.1506524317912218 0.09947089947089947
0 0.48398576512455516 0.9407407407407408 0.3867141162514828 0.11005291005291006
0 0.5622775800711743 0.07195767195767196 0.38434163701067614 0.09947089947089947
0 0.8540925266903915 0.061375661375661375 0.21826809015421114 0.09947089947089947
0 0.8784104389086596 0.17883597883597885 0.21708185053380782 0.1523809523809524
