0 0.10844250363901019 0.0958904109589041 0.16739446870451238 0.14794520547945206
0 0.28748180494905384 0.0958904109589041 0.1848617176128093 0.17534246575342466
0 0.6885007278020379 0.08972602739726028 0.5443959243085881 0.17671232876712328
0 0.0858806404657933 0.2863013698630137 0.16593886462882096 0.21643835616438356
0 0.37045123726346435 0.9157534246575343 0.15283842794759825 0.14383561643835616
0 0.5727802037845706 0.8910958904109589 0.17321688500727803 0.16027397260273973
0 0.13609898107714702 0.7589041095890411 0.24017467248908297 0.16986301369863013
0 0.7969432314410481 0.2671232876712329 0.22852983988355166 0.15616438356164383
0 0.7583697234352256 0.8863013698630137 0.14847161572052403 0.13972602739726028
0 0.27074235807860264 0.2726027397260274 0.20378457059679767 0.1643835616438356
0 0.5276564774381368 0.26986301369863014 0.3071324599708879 0.17534246575342466
0 0.37190684133915575 0.7513698630136987 0.2692867540029112 0.23424657534246576
0 0.606259097525473 0.7287671232876712 0.22561863173216884 0.2
0 0.7802037845705968 0.7404109589041096 0.1339155749636099 0.16027397260273973
0 0.9199417758369723 0.7479452054794521 0.15138282387190685 0.1863013698630137
0 0.9490538573508006 0.2678082191780822 0.09315866084425037 0.16027397260273973
