0 0.13320647002854424 0.20988593155893537 0.241674595623216 0.13079847908745248
0 0.30209324452902 0.18669201520912548 0.0922930542340628 0.06768060836501902
0 0.5632730732635585 0.1920152091254753 0.06660323501427212 0.11939163498098859
0 0.43387250237868696 0.1935361216730038 0.192197906755471 0.12243346007604562
0 0.6960038058991437 0.19809885931558935 0.20266412940057088 0.12395437262357414
0 0.8910561370123692 0.21520912547528517 0.20456707897240722 0.12775665399239544
0 0.11750713606089438 0.455893536121673 0.18553758325404376 0.11178707224334601
0 0.12274024738344434 0.6885931558935361 0.192197906755471 0.1361216730038023
0 0.5956232159847764 0.6722433460076046 0.27402473834443386 0.12775665399239544
0 0.8392007611798288 0.6524714828897339 0.18268315889628925 0.12927756653992395
0 0.8068506184586108 0.7806083650190114 0.22645099904852523 0.11787072243346007
0 0.13606089438629876 0.8098859315589354 0.2302568981921979 0.1247148288973384
0 0.582302568981922 0.7939163498098859 0.23977164605137963 0.12927756653992395
0 0.7183634633682208 0.31749049429657794 0.3691722169362512 0.1361216730038023
0 0.3225499524262607 0.32053231939163496 0.3273073263558516 0.12395437262357414
0 0.08753568030447194 0.33079847908745247 0.15033301617507136 0.11406844106463879
0 0.38534728829686016 0.4479087452471483 0.35394862036156044 0.11711026615969582
0 0.6569933396764985 0.44904942965779465 0.1950523311132255 0.12243346007604562
0 0.29019980970504283 0.6536121673003802 0.11607992388201713 0.07072243346007605
0 0.34443387250237867 0.6760456273764258 0.241674595623216 0.12927756653992395
0 0.3258801141769743 0.7771863117870722 0.13606089438629876 0.07300380228136882
0 0.3725023786869648 0.7961977186311787 0.2369172216936251 0.13079847908745248
0 0.8763082778306375 0.09961977186311786 0.12749762131303521 0.1247148288973384
0 0.566127497621313 0.5555133079847909 0.46622264509990485 0.11178707224334601
0 0.18553758325404376 0.5695817490494297 0.31779257849666986 0.12927756653992395
0 0.12178877259752617 0.9098859315589354 0.19410085632730734 0.07224334600760456
0 0.32445290199809707 0.9159695817490494 0.22454804947668885 0.09201520912547528
0 0.5137963843958135 0.9041825095057034 0.1313035204567079 0.10190114068441064
0 0.6798287345385348 0.8885931558935362 0.20076117982873454 0.09505703422053231
0 0.8748810656517603 0.8684410646387832 0.1950523311132255 0.08973384030418251
0 0.9576593720266413 0.11406844106463879 0.071360608943863 0.1155893536121673
0 0.840627973358706 0.43992395437262355 0.18553758325404376 0.12243346007604562
0 0.34823977164605135 0.07376425855513308 0.6470028544243578 0.12775665399239544
