0 0.16498740554156172 0.1641705069124424 0.19395465994962216 0.24308755760368664
0 0.1574307304785894 0.5368663594470046 0.20906801007556675 0.21889400921658986
0 0.4722921914357683 0.5149769585253456 0.42065491183879095 0.195852534562212
0 0.1977329974811083 0.8565668202764977 0.24181360201511334 0.18317972350230416
0 0.46977329974811083 0.8571428571428571 0.30730478589420657 0.1497695852534562
0 0.7002518891687658 0.12903225806451613 0.24685138539042822 0.1728110599078341
0 0.43261964735516373 0.3029953917050691 0.1977329974811083 0.17511520737327188
0 0.7204030226700252 0.30472350230414746 0.345088161209068 0.19700460829493088
0 0.9093198992443325 0.12557603686635946 0.1712846347607053 0.20046082949308755
0 0.75 0.4965437788018433 0.17758186397984888 0.21889400921658986
0 0.7027707808564232 0.6923963133640553 0.34760705289672544 0.18663594470046083
0 0.9105793450881612 0.4971198156682028 0.16624685138539042 0.2154377880184332
0 0.7575566750629723 0.8582949308755761 0.2858942065491184 0.16589861751152074
0 0.3236775818639798 0.1261520737327189 0.0982367758186398 0.13709677419354838
0 0.45717884130982367 0.1359447004608295 0.22418136020151133 0.15898617511520738
0 0.924433249370277 0.695852534562212 0.11838790931989925 0.15898617511520738
0 0.9395465994962217 0.8582949308755761 0.10327455919395466 0.1728110599078341
