0 0.21232876712328766 0.1131979695431472 0.18018967334035826 0.1065989847715736
0 0.13856691253951528 0.265989847715736 0.15911485774499473 0.14619289340101524
0 0.7924130663856691 0.6705583756345178 0.30979978925184404 0.16548223350253807
0 0.3071654373024236 0.30253807106598984 0.1380400421496312 0.18274111675126903
0 0.5200210748155953 0.283248730964467 0.2813487881981033 0.16446700507614212
0 0.7397260273972602 0.2923857868020305 0.18967334035827185 0.17258883248730963
0 0.43256059009483666 0.4781725888324873 0.17386722866174922 0.150253807106599
0 0.19863013698630136 0.5223350253807106 0.2897787144362487 0.17766497461928935
0 0.8008429926238145 0.1467005076142132 0.2950474183350896 0.13908629441624365
0 0.5453108535300316 0.6736040609137056 0.14436248682824027 0.16548223350253807
0 0.5748155953635405 0.14568527918781726 0.18651211801896733 0.14111675126903553
0 0.40463645943098 0.14213197969543148 0.1285563751317176 0.14822335025380712
0 0.5858798735511064 0.4873096446700508 0.14120126448893572 0.15228426395939088
0 0.8161222339304531 0.48984771573604063 0.32982086406743943 0.1736040609137056
0 0.9146469968387777 0.3203045685279188 0.1601685985247629 0.14517766497461929
0 0.3909378292939937 0.6624365482233503 0.14541622760800843 0.13705583756345177
