0 0.7682619647355163 0.0967741935483871 0.4282115869017632 0.1774193548387097
0 0.12783375314861462 0.5794930875576036 0.19269521410579346 0.1912442396313364
0 0.2947103274559194 0.5789170506912442 0.08816120906801007 0.16474654377880185
0 0.5465994962216625 0.5650921658986175 0.28211586901763225 0.15552995391705068
0 0.18513853904282115 0.07603686635944701 0.25440806045340053 0.14746543778801843
0 0.4275818639798489 0.08813364055299538 0.2682619647355164 0.15092165898617513
0 0.15239294710327456 0.35253456221198154 0.24181360201511334 0.23963133640552994
0 0.4534005037783375 0.3323732718894009 0.38287153652392947 0.20391705069124424
0 0.8073047858942065 0.33640552995391704 0.3526448362720403 0.22580645161290322
0 0.17317380352644837 0.8001152073732719 0.2380352644836272 0.16013824884792627
0 0.9508816120906801 0.7609447004608295 0.10075566750629723 0.20161290322580644
0 0.43702770780856426 0.777073732718894 0.33249370277078083 0.2108294930875576
0 0.32871536523929473 0.9302995391705069 0.16120906801007556 0.08640552995391705
0 0.7525188916876574 0.7644009216589862 0.2959697732997481 0.16013824884792627
0 0.7953400503778337 0.5673963133640553 0.26322418136020154 0.20161290322580644
0 0.595088161209068 0.9251152073732719 0.29848866498740556 0.10138248847926268
0 0.8375314861460957 0.8997695852534562 0.1486146095717884 0.1935483870967742
