0 0.8134146341463414 0.09257425742574257 0.24146341463414633 0.1
0 0.4676829268292683 0.11089108910891089 0.1573170731707317 0.13267326732673268
0 0.2774390243902439 0.11386138613861387 0.15 0.1188118811881188
0 0.6195121951219512 0.11386138613861387 0.12439024390243902 0.12277227722772277
0 0.12621951219512195 0.11831683168316831 0.12804878048780488 0.13366336633663367
0 0.06829268292682927 0.5846534653465346 0.08048780487804878 0.11188118811881188
0 0.07195121951219512 0.7014851485148514 0.08536585365853659 0.11386138613861387
0 0.13719512195121952 0.2381188118811881 0.17682926829268292 0.09801980198019802
0 0.21646341463414634 0.694059405940594 0.1475609756097561 0.11089108910891089
0 0.43658536585365854 0.6925742574257425 0.22926829268292684 0.10792079207920792
0 0.3646341463414634 0.4633663366336634 0.1024390243902439 0.12673267326732673
0 0.4420731707317073 0.8173267326732673 0.39146341463414636 0.09801980198019802
0 0.7213414634146341 0.8158415841584158 0.16951219512195123 0.100990099009901
0 0.4792682926829268 0.4698019801980198 0.14390243902439023 0.12178217821782178
0 0.6390243902439025 0.4628712871287129 0.17317073170731706 0.1198019801980198
0 0.8310975609756097 0.4594059405940594 0.19878048780487806 0.12277227722772277
0 0.18841463414634146 0.8193069306930693 0.12073170731707317 0.11188118811881188
0 0.7817073170731708 0.9272277227722773 0.22926829268292684 0.11386138613861387
0 0.5585365853658537 0.9262376237623763 0.2 0.10594059405940594
0 0.7371951219512195 0.6782178217821783 0.2597560975609756 0.07722772277227723
0 0.22317073170731708 0.5841584158415841 0.21707317073170732 0.10693069306930693
0 0.4524390243902439 0.5797029702970297 0.24146341463414633 0.11584158415841585
0 0.699390243902439 0.33663366336633666 0.174390243902439 0.100990099009901
0 0.5298780487804878 0.3341584158415842 0.1597560975609756 0.1
0 0.38658536585365855 0.3341584158415842 0.12682926829268293 0.1
0 0.5176829268292683 0.22722772277227724 0.3670731707317073 0.11386138613861387
0 0.21036585365853658 0.4594059405940594 0.20365853658536584 0.13267326732673268
0 0.724390243902439 0.5801980198019802 0.3048780487804878 0.12079207920792079
0 0.9146341463414634 0.5712871287128712 0.07804878048780488 0.12277227722772277
0 0.8951219512195122 0.6856435643564357 0.06585365853658537 0.11782178217821782
0 0.07865853658536585 0.8301980198019802 0.09390243902439024 0.12772277227722773
0 0.21707317073170732 0.34405940594059403 0.2 0.11386138613861387
0 0.08292682926829269 0.3445544554455445 0.08048780487804878 0.09108910891089109
0 0.07621951219512195 0.4608910891089109 0.08170731707317073 0.1198019801980198
0 0.8591463414634146 0.3420792079207921 0.1597560975609756 0.11782178217821782
0 0.8091463414634147 0.22673267326732674 0.22560975609756098 0.12079207920792079
0 0.899390243902439 0.80990099009901 0.17682926829268292 0.12079207920792079
