0 0.19206145966709348 0.1372299872935197 0.21254801536491677 0.20076238881829733
0 0.4827144686299616 0.14612452350698857 0.23815620998719592 0.2337992376111817
0 0.7874519846350833 0.15692503176620076 0.3687580025608195 0.18424396442185514
0 0.11459667093469911 0.7147395171537484 0.147247119078105 0.1613722998729352
0 0.322663252240717 0.7191867852604829 0.1946222791293214 0.17026683608640406
0 0.5608194622279129 0.7115628970775095 0.18950064020486557 0.193138500635324
0 0.8085787451984635 0.6785260482846251 0.2266325224071703 0.193138500635324
0 0.14084507042253522 0.8691232528589581 0.20998719590268886 0.15247776365946633
0 0.8354673495518566 0.9510800508259212 0.23431498079385404 0.10038119440914867
0 0.5467349551856594 0.9567979669631512 0.34571062740076824 0.08640406607369759
0 0.31434058898847633 0.8646759847522236 0.147247119078105 0.1207115628970775
0 0.7996158770806658 0.8252858958068615 0.382842509603073 0.18678526048284624
0 0.6939820742637645 0.8259212198221093 0.13316261203585147 0.10927573062261753
