0 0.05390395295655015 0.23880801977478713 0.06729826853969291 0.05740181268882175
0 0.13835347925514538 0.22892062620159298 0.0761189153871284 0.06069761054655314
0 0.23391048676902973 0.21546278494918977 0.057497549820320154 0.05245811590222466
0 0.05880431231623652 0.18882175226586104 0.06533812479581835 0.05575391375995606
0 0.14488729173472722 0.17728645976380114 0.08918654034629206 0.05575391375995606
0 0.06386801698791245 0.1419939577039275 0.0721986278993793 0.04833836858006042
0 0.22933681803332245 0.12359241966492722 0.07905913100294022 0.0565778632243889
0 0.06599150604377654 0.09447953858829992 0.0718719372754002 0.05163416643779182
0 0.06925841228356747 0.04710244438341115 0.07383208101927474 0.05355671518813513
0 0.05668082326037243 0.28797033781928044 0.07677229663508657 0.056303213402911285
