0 0.1383744855967078 0.5416666666666666 0.23353909465020575 0.1286008230452675
0 0.3549382716049383 0.6856995884773662 0.14814814814814814 0.14094650205761317
0 0.5288065843621399 0.6898148148148148 0.17901234567901234 0.13271604938271606
0 0.49176954732510286 0.9393004115226338 0.18724279835390947 0.09670781893004116
0 0.7011316872427984 0.9151234567901234 0.25205761316872427 0.12037037037037036
0 0.8950617283950617 0.897633744855967 0.18106995884773663 0.12448559670781893
0 0.5817901234567902 0.8112139917695473 0.18621399176954734 0.13477366255144033
0 0.7181069958847737 0.7993827160493827 0.10699588477366255 0.12757201646090535
0 0.8549382716049383 0.7818930041152263 0.16872427983539096 0.13786008230452676
0 0.4125514403292181 0.8065843621399177 0.14609053497942387 0.1419753086419753
0 0.7037037037037037 0.6867283950617284 0.16872427983539096 0.10802469135802469
