0 0.24563318777292575 0.175512104283054 0.24017467248908297 0.15549348230912477
0 0.4443231441048035 0.17225325884543763 0.15283842794759825 0.1340782122905028
0 0.5715065502183406 0.1685288640595903 0.1037117903930131 0.12849162011173185
0 0.19104803493449782 0.45018621973929235 0.19868995633187772 0.14432029795158285
0 0.4328602620087336 0.4371508379888268 0.27838427947598254 0.1387337057728119
0 0.20414847161572053 0.5810055865921788 0.25327510917030566 0.1378026070763501
0 0.20633187772925765 0.7220670391061452 0.1703056768558952 0.12011173184357542
0 0.4164847161572052 0.7188081936685289 0.25436681222707425 0.11731843575418995
0 0.18831877729257643 0.3161080074487896 0.12554585152838427 0.12942271880819367
0 0.36299126637554585 0.3133147113594041 0.22379912663755458 0.11638733705772812
0 0.5758733624454149 0.2993482309124767 0.20633187772925765 0.12756052141527002
0 0.767467248908297 0.28258845437616387 0.15938864628820962 0.12756052141527002
0 0.8951965065502183 0.2807262569832402 0.1091703056768559 0.08286778398510242
0 0.2521834061135371 0.9366852886405959 0.30131004366812225 0.09124767225325885
0 0.47543668122270744 0.9385474860335196 0.17358078602620086 0.08752327746741155
0 0.7008733624454149 0.4227188081936685 0.27292576419213976 0.13221601489757914
0 0.9099344978165939 0.4022346368715084 0.17358078602620086 0.11173184357541899
0 0.7489082969432315 0.1634078212290503 0.2445414847161572 0.12383612662942271
0 0.9197598253275109 0.15921787709497207 0.14519650655021835 0.1191806331471136
0 0.43777292576419213 0.5609869646182495 0.2314410480349345 0.12942271880819367
0 0.24072052401746724 0.8365921787709497 0.2740174672489083 0.11266294227188083
0 0.8815502183406113 0.5046554934823091 0.23034934497816595 0.11359404096834265
