0 0.6445783132530121 0.062402496099843996 0.13052208835341367 0.11232449297971919
0 0.1280120481927711 0.43057722308892354 0.1817269076305221 0.12480499219968799
0 0.10692771084337349 0.5542121684867395 0.13152610441767068 0.10998439937597504
0 0.5130522088353414 0.7414196567862714 0.12048192771084337 0.12090483619344773
0 0.6335341365461847 0.7429797191887676 0.1465863453815261 0.13182527301092042
0 0.7781124497991968 0.7433697347893916 0.14457831325301204 0.1544461778471139
0 0.33684738955823296 0.7418096723868954 0.2419678714859438 0.13884555382215288
0 0.10893574297188754 0.7371294851794071 0.1636546184738956 0.1294851794071763
0 0.31977911646586343 0.42589703588143524 0.0853413654618474 0.10920436817472699
0 0.8167670682730924 0.41809672386895474 0.2560240963855422 0.12480499219968799
0 0.4979919678714859 0.6275351014040562 0.10441767068273092 0.09282371294851795
0 0.11345381526104417 0.05187207488299532 0.22088353413654618 0.09438377535101404
0 0.8519076305220884 0.062012480499219966 0.17971887550200802 0.10062402496099844
0 0.28463855421686746 0.16380655226209048 0.13353413654618473 0.11232449297971919
0 0.7986947791164659 0.15873634945397816 0.3142570281124498 0.12558502340093602
0 0.48343373493975905 0.29017160686427457 0.17369477911646586 0.1372854914196568
0 0.6576305220883534 0.29446177847113886 0.14056224899598393 0.15054602184087362
0 0.19879518072289157 0.2921216848673947 0.4036144578313253 0.15834633385335414
0 0.4362449799196787 0.41497659906396256 0.1355421686746988 0.12792511700468018
0 0.6009036144578314 0.41848673946957876 0.17971887550200802 0.12090483619344773
0 0.2786144578313253 0.5378315132605305 0.21586345381526104 0.12402496099843993
0 0.6360441767068273 0.6263650546021841 0.16164658634538154 0.11232449297971919
0 0.8589357429718876 0.29446177847113886 0.2660642570281124 0.14118564742589704
0 0.9056224899598394 0.749609984399376 0.11044176706827309 0.13416536661466458
0 0.3785140562248996 0.6271450858034321 0.11847389558232932 0.1029641185647426
0 0.5416666666666666 0.5265210608424337 0.20381526104417672 0.10140405616224649
0 0.75 0.532371294851794 0.18674698795180722 0.10686427457098284
0 0.911144578313253 0.5409516380655226 0.16164658634538154 0.12402496099843993
0 0.7901606425702812 0.6306552262090483 0.15060240963855423 0.09282371294851795
0 0.927710843373494 0.6458658346333853 0.1285140562248996 0.0967238689547582
0 0.12449799196787148 0.15405616224648985 0.18072289156626506 0.11622464898595944
