0 0.16604010025062657 0.12199312714776632 0.16416040100250626 0.140893470790378
0 0.40037593984962405 0.12256586483390607 0.2669172932330827 0.13974799541809851
0 0.6228070175438597 0.1254295532646048 0.11528822055137844 0.14776632302405499
0 0.8427318295739349 0.10652920962199312 0.2644110275689223 0.13745704467353953
0 0.24937343358395989 0.27835051546391754 0.39849624060150374 0.1466208476517755
0 0.48370927318295737 0.26403207331042383 0.10025062656641603 0.13172966781214204
0 0.6027568922305765 0.2720504009163803 0.12781954887218044 0.13402061855670103
0 0.8107769423558897 0.26288659793814434 0.24060150375939848 0.15693012600229095
0 0.16791979949874686 0.4352806414662085 0.24310776942355888 0.15349369988545247
0 0.40225563909774437 0.427262313860252 0.23308270676691728 0.1718213058419244
0 0.6146616541353384 0.4369988545246277 0.17418546365914786 0.18442153493699887
0 0.7700501253132832 0.44100801832760594 0.14912280701754385 0.18327605956471935
0 0.9104010025062657 0.427262313860252 0.09899749373433583 0.1764032073310424
0 0.20488721804511278 0.5847651775486827 0.2794486215538847 0.15005727376861397
0 0.40037593984962405 0.5996563573883161 0.09147869674185463 0.15463917525773196
0 0.556390977443609 0.6082474226804123 0.15288220551378445 0.1420389461626575
0 0.87468671679198 0.586483390607102 0.21804511278195488 0.13974799541809851
0 0.15977443609022557 0.7313860252004581 0.19172932330827067 0.13631156930126
0 0.34899749373433586 0.7342497136311569 0.22431077694235588 0.13974799541809851
0 0.5664160401002506 0.7308132875143184 0.20551378446115287 0.13974799541809851
0 0.7393483709273183 0.7302405498281787 0.15288220551378445 0.13860252004581902
0 0.9116541353383458 0.720504009163803 0.13408521303258145 0.1466208476517755
0 0.22807017543859648 0.861397479954181 0.3358395989974937 0.13516609392898052
0 0.5614035087719298 0.8528064146620847 0.3433583959899749 0.09965635738831616
0 0.818295739348371 0.8533791523482245 0.17293233082706766 0.12600229095074456
0 0.9398496240601504 0.856815578465063 0.06516290726817042 0.1466208476517755
