0 0.4539978094194962 0.15762538382804503 0.3910186199342826 0.1473899692937564
0 0.19605695509309967 0.7308085977482088 0.24534501642935377 0.15148413510747186
0 0.5038335158817087 0.7415557830092119 0.3964950711938664 0.1668372569089048
0 0.8362541073384447 0.7113613101330604 0.2902519167579409 0.1862845445240532
0 0.5071193866374589 0.3111566018423746 0.32420591456736036 0.1535312180143296
0 0.17305585980284777 0.845957011258956 0.26944140197152244 0.14841351074718526
0 0.39704271631982474 0.8643807574206755 0.20481927710843373 0.12589559877175024
0 0.5909090909090909 0.8710337768679631 0.1982475355969332 0.12487205731832139
0 0.7480832420591457 0.8700102354145343 0.1511500547645126 0.13101330603889458
0 0.7957283680175247 0.1632548618219038 0.2968236582694414 0.15250767656090072
0 0.8258488499452354 0.3208802456499488 0.2847754654983571 0.18730808597748208
0 0.16484118291347208 0.18167860798362334 0.1829134720700986 0.19140225179119755
