0 0.05907575035731301 0.15451478982874936 0.07527393997141496 0.03866113129216399
0 0.17960933777989518 0.15425531914893617 0.1095759885659838 0.04385054488842761
0 0.08646974749880895 0.18720809548521017 0.12815626488804194 0.029839128178515827
0 0.5464506908051453 0.1373897249610794 0.055264411624583135 0.04385054488842761
0 0.6572177227251071 0.13427607680332124 0.12148642210576464 0.04488842760768033
0 0.83206288708909 0.13090295796574988 0.0757503573130062 0.04333160352880124
0 0.9199618866126728 0.1266216917488324 0.07146260123868509 0.03788271925272444
0 0.5812291567413054 0.17488323819408408 0.13149118627918055 0.034250129735339904
0 0.7031919961886612 0.16839647119875453 0.08099094807050977 0.040477426050856254
0 0.9082896617436874 0.1606123508043591 0.12339209147212958 0.033731188375713546
0 0.05240590757503573 0.35936689154125584 0.08384945212005716 0.04462895692786715
0 0.13506431634111482 0.3571613907628438 0.0871843735111958 0.04229372080954852
0 0.2203430204859457 0.35456668396471197 0.0871843735111958 0.04229372080954852
0 0.17675083373034778 0.4348728593668915 0.0886136255359695 0.040477426050856254
0 0.303477846593616 0.4295537104307213 0.11052882324916627 0.03866113129216399
0 0.07241543592186755 0.4351323300467047 0.12386850881372082 0.03788271925272444
0 0.7127203430204859 0.09950700570835495 0.10004764173415913 0.031914893617021274
0 0.81467365412101 0.09717176959003633 0.06955693187232015 0.03450960041515309
0 0.7887089090042878 0.057991696938245976 0.09004287756074321 0.05267254800207576
0 0.9199618866126728 0.057213284898806435 0.06479275845640782 0.04385054488842761
0 0.6493568365888518 0.06888946549039958 0.12196283944735588 0.03969901401141671
0 0.549785612196284 0.06798131811105346 0.06479275845640782 0.04151530877010898
0 0.4494997617913292 0.15308770108977685 0.13196760362077178 0.03736377789309808
0 0.24797522629823726 0.18461338868707836 0.0995712243925679 0.03762324857291126
0 0.4661743687470224 0.18227815256875973 0.10338256312529776 0.03450960041515309
0 0.07050976655550262 0.21951219512195122 0.10385898046688899 0.038401660612350806
0 0.1898523106241067 0.2184743124026985 0.13196760362077178 0.03632589517384536
0 0.3213434969032873 0.21860404774260508 0.12720343020485947 0.03762324857291126
0 0.05383515959980943 0.2610275038920602 0.06383992377322535 0.03788271925272444
0 0.12267746545974273 0.25661650233523614 0.07956169604573607 0.03995848469122989
0 0.21557884707003336 0.2527244421380384 0.11576941400666985 0.03995848469122989
0 0.04859456884230586 0.31927867151011935 0.04764173415912339 0.03969901401141671
0 0.11076703191996189 0.31551634665282824 0.06908051453072891 0.043591074208614425
0 0.1743687470223916 0.31551634665282824 0.04287756074321105 0.038401660612350806
0 0.2503573130061934 0.3160352880124546 0.07765602667937113 0.04099636741048261
0 0.4592663172939495 0.3140892579138557 0.10767031919961886 0.04333160352880124
0 0.3330157217722725 0.34937727036844834 0.12577417818008577 0.0371043072132849
0 0.48284897570271557 0.34704203425012975 0.07193901858027632 0.04021795537104307
0 0.0645545497856122 0.3971198754540737 0.08242020009528347 0.03918007265179035
0 0.1686517389232968 0.3910223144784639 0.1276798475464507 0.04618578100674624
0 0.317770366841353 0.3867410482615464 0.12482134349690328 0.042812662169174884
0 0.46141019533111005 0.384016606123508 0.1557884707003335 0.04566683964711987
0 0.08504049547403525 0.46886351842241825 0.126250595521677 0.04151530877010898
0 0.281086231538828 0.4634146341463415 0.13530252501191042 0.03995848469122989
0 0.4506908051453073 0.45653866113129216 0.08194378275369224 0.04177477944992216
0 0.04311576941400667 0.5083030617540218 0.050976655550262026 0.038401660612350806
0 0.10790852787041448 0.5054488842760768 0.07765602667937113 0.03269330565646082
0 0.2720343020485946 0.49610793980280227 0.07050976655550262 0.04099636741048261
0 0.4494997617913292 0.4959782044628957 0.13196760362077178 0.040736896730669436
0 0.058599333015721775 0.5400882200311364 0.06383992377322535 0.03399065905552673
0 0.17675083373034778 0.5363258951738453 0.11719866603144355 0.03995848469122989
0 0.2894235350166746 0.5330825116761806 0.11005240590757503 0.03866113129216399
0 0.4626012386850881 0.5281525687597302 0.0886136255359695 0.04177477944992216
0 0.07122439256788947 0.5743383497664764 0.09290138161029061 0.03450960041515309
0 0.1360171510242973 0.5742086144265698 0.03858980466888995 0.034250129735339904
0 0.20319199618866127 0.5755059678256357 0.09099571224392568 0.04099636741048261
0 0.2968080038113387 0.571613907628438 0.09242496426869938 0.03995848469122989
0 0.05454978561219628 0.6117021276595744 0.057646498332539306 0.040736896730669436
0 0.1376846117198666 0.6106642449403218 0.10195331110052405 0.041255838090295795
0 0.4478323010957599 0.4225480020757654 0.13053835159599808 0.03399065905552673
0 0.07789423535016675 0.6537363777893098 0.1110052405907575 0.040736896730669436
0 0.177227251071939 0.6503632589517384 0.08289661743687471 0.041255838090295795
0 0.28203906622201047 0.6455630513751947 0.12958551691281564 0.04411001556824079
0 0.40805145307289187 0.6354436948624805 0.13292043830395425 0.03321224701608718
0 0.4506908051453073 0.6573689673066944 0.11719866603144355 0.03502854177477945
0 0.07598856598380181 0.6935651271406331 0.10719390185802763 0.03995848469122989
0 0.16317293949499762 0.6942138038401661 0.07193901858027632 0.041255838090295795
0 0.24606955693187232 0.6927867151011936 0.09766555502620296 0.043591074208614425
0 0.35373987613149116 0.6912298910223145 0.12148642210576464 0.04203425012973534
0 0.460219151977132 0.6850025947067981 0.09147212958551691 0.029579657498702647
0 0.06765126250595521 0.7724442138038402 0.10481181515007146 0.038401660612350806
0 0.17365412101000477 0.7707576543850545 0.10624106717484516 0.036585365853658534
0 0.28299190090519294 0.7660871821484172 0.1124344926155312 0.03762324857291126
0 0.4311576941400667 0.7577841203943955 0.11624583134826108 0.03502854177477945
0 0.057646498332539306 0.915412558380903 0.07813244402096237 0.04462895692786715
0 0.17913292043830395 0.9089257913855734 0.16484040019056695 0.03788271925272444
0 0.29871367317770364 0.9047742605085626 0.0771796093377799 0.03476907109496627
0 0.4406860409718914 0.9007524649714582 0.10862315388280133 0.04385054488842761
0 0.07884707003334922 0.9434353918007266 0.0995712243925679 0.03269330565646082
0 0.17865650309671272 0.9409704203425013 0.09814197236779419 0.04021795537104307
0 0.27608384945212006 0.9414893617021277 0.0786088613625536 0.03762324857291126
0 0.3520724154359219 0.9416190970420343 0.07336827060505002 0.03632589517384536
0 0.4435445450214388 0.9379865075246497 0.11052882324916627 0.04099636741048261
0 0.04454502143878037 0.977815256875973 0.034778465936160075 0.029320186818889465
0 0.09814197236779419 0.9763881681370005 0.06765126250595521 0.03061754021795537
0 0.16888994759409243 0.9767773741567203 0.06336350643163412 0.028801245459263103
0 0.2625059552167699 0.972106901920083 0.06955693187232015 0.029839128178515827
0 0.437827536922344 0.9669174883238194 0.07527393997141496 0.028801245459263103
0 0.046688899475940925 0.10456668396471198 0.06098141972367794 0.04411001556824079
0 0.11195807527393997 0.10015568240788791 0.07146260123868509 0.03580695381421899
0 0.19223439733206288 0.09782044628956928 0.09099571224392568 0.03788271925272444
0 0.057646498332539306 0.0673326414115205 0.07813244402096237 0.029839128178515827
0 0.47022391615054787 0.06097560975609756 0.09909480705097666 0.03580695381421899
0 0.5485945688423058 0.247145822522055 0.07670319199618866 0.03866113129216399
0 0.6372081943782754 0.24688635184224184 0.07956169604573607 0.03918007265179035
0 0.7258218199142449 0.24221587960560456 0.08051453072891854 0.04385054488842761
0 0.8194378275369223 0.23430202387130256 0.11529299666507861 0.03528801245459263
0 0.9313959028108623 0.23404255319148937 0.09147212958551691 0.04151530877010898
0 0.884945212005717 0.45420342501297356 0.15388280133396856 0.04021795537104307
0 0.6519771319676037 0.4615983393876492 0.07479752262982373 0.03943954333160353
0 0.5519294902334445 0.6172807472755578 0.07956169604573607 0.0425531914893617
0 0.7153406383992378 0.6101453035806954 0.09480705097665555 0.04644525168655942
0 0.8037160552644116 0.5664244940321743 0.0562172463077656 0.04099636741048261
0 0.9151977131967604 0.5620134924753503 0.12577417818008577 0.04566683964711987
0 0.5588375416865173 0.5753762324857291 0.10576464983325393 0.04229372080954852
0 0.6900905192949023 0.5730409963674105 0.15388280133396856 0.04852101712506487
0 0.5619342544068604 0.5352880124545927 0.11195807527393997 0.03684483653347172
0 0.6538828013339686 0.5328230409963675 0.081467365412101 0.036066424494032176
0 0.7305859933301572 0.5307472755578619 0.07765602667937113 0.03762324857291126
0 0.5528823249166269 0.7791904514789829 0.11672224868985231 0.03736377789309808
0 0.6622201048118151 0.7760768033212248 0.1095759885659838 0.043591074208614425
0 0.7722725107193902 0.7732226258432797 0.12863268222963317 0.045147898287493514
0 0.8913768461171987 0.7655682407887908 0.11434016198189614 0.04385054488842761
0 0.5526441162458313 0.8114945511157239 0.13149118627918055 0.03918007265179035
0 0.6674606955693188 0.8072132848988064 0.10385898046688899 0.0467047223663726
0 0.7751310147689376 0.8060456668396471 0.10290614578370652 0.04696419304618578
0 0.5092901381610291 0.8522314478463934 0.04859456884230586 0.03969901401141671
0 0.512386850881372 0.8871302542812662 0.050976655550262026 0.03684483653347172
0 0.5135778942353502 0.9218993253762325 0.05717008099094807 0.040477426050856254
0 0.5666984278227728 0.9549818370524131 0.13577894235350166 0.029320186818889465
0 0.7034302048594568 0.9556305137519461 0.1376846117198666 0.03528801245459263
0 0.8301572177227251 0.9532952776336274 0.09671272034302049 0.04099636741048261
0 0.5909957122439257 0.8863518422418267 0.0871843735111958 0.03736377789309808
0 0.6252977608384945 0.8508043591074209 0.14721295855169128 0.03684483653347172
0 0.7658408766079086 0.8432797093928386 0.10624106717484516 0.04151530877010898
0 0.8947117675083373 0.8395173845355475 0.12196283944735588 0.04436948624805397
0 0.5819437827536922 0.6814997405293202 0.15197713196760362 0.036066424494032176
0 0.6991424487851358 0.6807213284898807 0.08909004287756074 0.03762324857291126
0 0.7851357789423535 0.6772184743124027 0.08670795616960457 0.04203425012973534
0 0.858265840876608 0.6741048261546445 0.06812767984754645 0.03943954333160353
0 0.9437827536922344 0.6680072651790347 0.10862315388280133 0.04852101712506487
0 0.5636017151024297 0.7202906071613908 0.12196283944735588 0.04151530877010898
0 0.6765126250595521 0.7175661650233524 0.10767031919961886 0.036066424494032176
0 0.7767984754645069 0.7183445770627919 0.09290138161029061 0.04229372080954852
0 0.8585040495474036 0.7147119875454073 0.07050976655550262 0.04488842760768033
0 0.7694140066698428 0.9158017644006228 0.10290614578370652 0.03347171769590036
0 0.8889947594092424 0.9142449403217436 0.07336827060505002 0.03347171769590036
0 0.9282991900905193 0.797223663725999 0.09004287756074321 0.03762324857291126
0 0.05907575035731301 0.8748053969901401 0.0771796093377799 0.03814218993253762
0 0.12386850881372082 0.8727296315516346 0.04954740352548833 0.03502854177477945
0 0.2965697951405431 0.8620913336792942 0.07765602667937113 0.04852101712506487
0 0.41805621724630776 0.8623508043591074 0.12720343020485947 0.04436948624805397
0 0.6796093377798952 0.8854436948624805 0.09004287756074321 0.041255838090295795
0 0.8027632205812292 0.8824597820446289 0.13244402096236302 0.038920601971977165
0 0.9171033825631253 0.8749351323300467 0.04859456884230586 0.033731188375713546
0 0.5552644116245832 0.49961079398028024 0.08527870414483087 0.036585365853658534
0 0.6484040019056694 0.4944213803840166 0.09051929490233444 0.036066424494032176
0 0.7322534540257265 0.49091852620653864 0.06765126250595521 0.03995848469122989
0 0.8308718437351119 0.4902698495070057 0.10195331110052405 0.04021795537104307
0 0.9352072415435921 0.4849507005708355 0.08099094807050977 0.03943954333160353
0 0.5895664602191519 0.10119356512714063 0.1376846117198666 0.027503892060197196
0 0.5643163411148165 0.031914893617021274 0.06336350643163412 0.03009859885832901
0 0.6686517389232968 0.031914893617021274 0.08813720819437827 0.03476907109496627
0 0.9225821819914245 0.022444213803840166 0.11195807527393997 0.03399065905552673
0 0.9094807050976655 0.09146341463414634 0.10481181515007146 0.03450960041515309
0 0.5757503573130062 0.2060197197716658 0.11862791805621725 0.03736377789309808
0 0.6824678418294426 0.20173845355474831 0.06908051453072891 0.03243383497664764
0 0.7825154835636017 0.19771665801764401 0.11862791805621725 0.04151530877010898
0 0.8789899952358265 0.18902439024390244 0.08289661743687471 0.03918007265179035
0 0.949023344449738 0.19343539180072652 0.05907575035731301 0.03866113129216399
0 0.5452596474511672 0.4627659574468085 0.06908051453072891 0.03866113129216399
0 0.5424011434016198 0.4220290607161391 0.06908051453072891 0.04229372080954852
0 0.631252977608385 0.42073170731707316 0.1067174845164364 0.04177477944992216
0 0.9163887565507385 0.6360923715620135 0.07003334921391138 0.03554748313440581
0 0.6434016198189614 0.6440062272963155 0.11958075273939972 0.03476907109496627
0 0.5359695092901382 0.6468604047742605 0.06002858504049548 0.03476907109496627
0 0.5505002382086708 0.3226517903476907 0.07384468794664126 0.04229372080954852
0 0.7084325869461648 0.3143487285936689 0.07146260123868509 0.03814218993253762
0 0.9006669842782278 0.31266216917488326 0.1348261076703192 0.043072132848988066
0 0.7949023344449738 0.417618059159315 0.23392091472129586 0.05319148936170213
0 0.9480705097665555 0.4110015568240789 0.06002858504049548 0.04722366372599896
0 0.7465459742734636 0.28074727555786194 0.22677465459742735 0.05137519460300986
0 0.5728918532634588 0.2815256875973015 0.12815626488804194 0.04151530877010898
0 0.9106717484516437 0.2732226258432797 0.10147689375893283 0.038920601971977165
0 0.4692710814673654 0.11831862999481059 0.09909480705097666 0.03321224701608718
0 0.4533111005240591 0.21574987026466008 0.13101476893758932 0.03399065905552673
0 0.30943306336350646 0.25038920601971976 0.0871843735111958 0.026466009340944473
0 0.429728442115293 0.2497405293201868 0.15817055740828967 0.029839128178515827
0 0.3141972367794188 0.2806175402179554 0.1348261076703192 0.03762324857291126
0 0.46117198666031445 0.280098598858329 0.06574559313959027 0.03502854177477945
0 0.3863744640304907 0.5662947586922678 0.09528346831824679 0.04021795537104307
0 0.4704621248213435 0.5624026984950701 0.08527870414483087 0.03814218993253762
0 0.24273463554073368 0.6107939802802284 0.10624106717484516 0.03476907109496627
0 0.3373034778465936 0.606772184743124 0.09909480705097666 0.036066424494032176
0 0.4716531681753216 0.6021017125064868 0.06002858504049548 0.036585365853658534
0 0.37732253454025727 0.060067462376751424 0.08480228680323963 0.03762324857291126
0 0.28251548356360173 0.06071613907628438 0.11148165793234874 0.03528801245459263
0 0.9263935207241544 0.5965230928905034 0.07765602667937113 0.038920601971977165
0 0.8070509766555503 0.5288012454592631 0.07813244402096237 0.038920601971977165
0 0.31705574082896615 0.7287234042553191 0.058599333015721775 0.03399065905552673
0 0.2501191043353978 0.7311883757135443 0.0800381133873273 0.03736377789309808
0 0.381848499285374 0.7241826673585885 0.07384468794664126 0.04151530877010898
0 0.4652215340638399 0.7208095485210171 0.07289185326345879 0.03736377789309808
