0 0.17715617715617715 0.18385922330097088 0.19114219114219114 0.14199029126213591
0 0.4784382284382284 0.18325242718446602 0.28321678321678323 0.25
0 0.8012820512820513 0.18264563106796117 0.1853146853146853 0.21237864077669902
0 0.12937062937062938 0.4356796116504854 0.1794871794871795 0.1796116504854369
0 0.4592074592074592 0.41322815533980584 0.46853146853146854 0.17597087378640777
0 0.47494172494172493 0.8379854368932039 0.3111888111888112 0.17354368932038836
0 0.19172494172494173 0.8276699029126213 0.23892773892773891 0.18446601941747573
0 0.796037296037296 0.42718446601941745 0.2191142191142191 0.22815533980582525
0 0.5588578088578089 0.6389563106796117 0.26456876456876455 0.1929611650485437
0 0.8502331002331003 0.6237864077669902 0.3041958041958042 0.1796116504854369
0 0.9475524475524476 0.4053398058252427 0.08391608391608392 0.1941747572815534
0 0.745920745920746 0.8476941747572816 0.26107226107226106 0.1953883495145631
0 0.9248251748251748 0.8470873786407767 0.10606060606060606 0.20145631067961164
