0 0.20483870967741935 0.2951496388028896 0.1860215053763441 0.1609907120743034
0 0.4118279569892473 0.35190918472652216 0.17419354838709677 0.19195046439628483
0 0.27741935483870966 0.5402476780185759 0.36774193548387096 0.19091847265221878
0 0.5317204301075269 0.5340557275541795 0.11935483870967742 0.12074303405572756
0 0.896774193548387 0.32714138286893707 0.15053763440860216 0.2043343653250774
0 0.6865591397849462 0.5433436532507739 0.19032258064516128 0.19091847265221878
0 0.8758064516129033 0.5211558307533539 0.16666666666666666 0.20227038183694532
0 0.7430107526881721 0.3333333333333333 0.14623655913978495 0.22291021671826625
0 0.5801075268817204 0.3328173374613003 0.18387096774193548 0.23632610939112486
0 0.18333333333333332 0.8126934984520123 0.1967741935483871 0.14963880288957687
0 0.4403225806451613 0.8013415892672858 0.2870967741935484 0.13519091847265222
0 0.7376344086021506 0.8199174406604747 0.3247311827956989 0.15170278637770898
0 0.28817204301075267 0.9231166150670794 0.31827956989247314 0.10835913312693499
0 0.5456989247311828 0.9241486068111455 0.19032258064516128 0.11867905056759546
0 0.8064516129032258 0.9324045407636739 0.33763440860215055 0.13106295149638802
0 0.7032258064516129 0.7012383900928792 0.09462365591397849 0.09391124871001032
0 0.8075268817204301 0.6924664602683178 0.11397849462365592 0.11764705882352941
0 0.9317204301075269 0.6898864809081527 0.13440860215053763 0.12899896800825594
