0 0.10123784261715296 0.05935727788279773 0.07869142351900972 0.045368620037807186
0 0.19805481874447392 0.06011342155009452 0.10256410256410256 0.0551984877126654
0 0.39301503094606544 0.05500945179584121 0.09637488947833775 0.04952741020793951
0 0.5167992926613616 0.052930056710775046 0.10521662245800177 0.0612476370510397
0 0.614500442086649 0.046880907372400756 0.08134394341290893 0.05671077504725898
0 0.753315649867374 0.04120982986767486 0.14854111405835543 0.05217391304347826
0 0.9062776304155614 0.04102079395085066 0.1237842617152962 0.04952741020793951
0 0.09549071618037135 0.11228733459357278 0.06896551724137931 0.04310018903591682
0 0.17727674624226347 0.15406427221172023 0.10521662245800177 0.04272211720226843
0 0.27586206896551724 0.1544423440453686 0.09725906277630415 0.04801512287334594
0 0.08974358974358974 0.1546313799621928 0.05747126436781609 0.04007561436672968
0 0.22944297082228116 0.277882797731569 0.13351016799292661 0.04310018903591682
0 0.1229000884173298 0.27901701323251415 0.0618921308576481 0.04914933837429111
0 0.3916887709991158 0.27485822306238183 0.15207780725022105 0.045368620037807186
0 0.6184792219274978 0.2720226843100189 0.15473032714412024 0.043478260869565216
0 0.6065428824049514 0.31512287334593575 0.15561450044208666 0.04272211720226843
0 0.14014146772767463 0.4219281663516068 0.07161803713527852 0.04158790170132325
0 0.25287356321839083 0.41379962192816633 0.10433244916003537 0.04952741020793951
0 0.1839080459770115 0.5209829867674858 0.125552608311229 0.0446124763705104
0 0.1896551724137931 0.5644612476370511 0.15296198054818744 0.04007561436672968
0 0.17374005305039789 0.6107750472589792 0.13527851458885942 0.044234404536862004
0 0.1768346595932803 0.6574669187145558 0.15207780725022105 0.0446124763705104
0 0.1878868258178603 0.7533081285444234 0.16357206012378425 0.05406427221172023
0 0.383289124668435 0.6559546313799622 0.16887709991158267 0.03931947069943289
0 0.4363395225464191 0.4678638941398866 0.14942528735632185 0.04120982986767486
0 0.6861184792219275 0.22514177693761814 0.14677276746242263 0.038185255198487714
0 0.8399646330680813 0.2217391304347826 0.16091954022988506 0.04196597353497165
0 0.5596816976127321 0.22589792060491493 0.10963748894783377 0.04574669187145557
0 0.44297082228116713 0.10680529300567108 0.1856763925729443 0.044234404536862004
0 0.847922192749779 0.13383742911153118 0.11671087533156499 0.045368620037807186
0 0.5804597701149425 0.6090737240075614 0.08576480990274093 0.04310018903591682
0 0.42219274977895666 0.6085066162570888 0.17771883289124668 0.05103969754253308
0 0.5287356321839081 0.5621928166351606 0.09018567639257294 0.046880907372400756
0 0.3974358974358974 0.5610586011342155 0.17418213969938107 0.046880907372400756
0 0.3625110521662246 0.7527410207939509 0.14146772767462423 0.0551984877126654
0 0.5592396109637489 0.7448015122873346 0.20424403183023873 0.05066162570888469
0 0.6648983200707339 0.692249527410208 0.14854111405835543 0.034782608695652174
0 0.6087533156498673 0.46483931947069945 0.16887709991158267 0.05784499054820416
0 0.726790450928382 0.4603024574669187 0.07603890362511052 0.05103969754253308
0 0.1768346595932803 0.4693761814744801 0.09725906277630415 0.054820415879017016
0 0.2891246684350133 0.46994328922495276 0.1290893015030946 0.053686200378071834
0 0.4500442086648983 0.5151228733459358 0.15384615384615385 0.04272211720226843
0 0.6184792219274978 0.5122873345935728 0.15119363395225463 0.04385633270321361
0 0.3952254641909814 0.41644612476370513 0.14500442086648982 0.05255198487712665
0 0.5888594164456233 0.4120982986767486 0.22988505747126436 0.05217391304347826
0 0.7807250221043325 0.4103969754253308 0.15738284703801944 0.050283553875236295
0 0.21927497789566755 0.36843100189035916 0.26171529619805484 0.05103969754253308
0 0.40406719717064543 0.3676748582230624 0.1237842617152962 0.050283553875236295
0 0.5305039787798409 0.3625708884688091 0.1361626878868258 0.052930056710775046
0 0.6679929266136163 0.36086956521739133 0.1282051282051282 0.056332703213610585
0 0.3868258178603006 0.31890359168241966 0.11052166224580018 0.04045368620037807
0 0.32935455349248455 0.1939508506616257 0.14235190097259062 0.04234404536862004
0 0.6529619805481874 0.09924385633270322 0.20954907161803712 0.04877126654064272
0 0.1273209549071618 0.3209829867674858 0.06896551724137931 0.04385633270321361
0 0.1852343059239611 0.7034026465028356 0.1989389920424403 0.04801512287334594
0 0.44297082228116713 0.7017013232514178 0.22281167108753316 0.046880907372400756
0 0.5464190981432361 0.6483931947069943 0.11494252873563218 0.04385633270321361
0 0.762157382847038 0.7332703213610586 0.1945181255526083 0.05935727788279773
0 0.8974358974358975 0.724952741020794 0.09549071618037135 0.04725897920604915
0 0.535366931918656 0.7922495274102079 0.17771883289124668 0.0555765595463138
0 0.27144120247568526 0.8810964083175803 0.28824049513704686 0.05330812854442344
0 0.51105216622458 0.8818525519848771 0.1945181255526083 0.05179584120982987
0 0.7055702917771883 0.8826086956521739 0.1945181255526083 0.054820415879017016
0 0.8660477453580901 0.8805293005671078 0.07161803713527852 0.047637051039697544
0 0.11317418213969938 0.9262759924385633 0.15384615384615385 0.053686200378071834
0 0.30282935455349247 0.9304347826086956 0.22192749778956675 0.04914933837429111
0 0.8545534924845269 0.9293005671077504 0.1317418213969938 0.04310018903591682
0 0.504420866489832 0.9695652173913043 0.14412024756852343 0.04877126654064272
0 0.6229000884173298 0.9725897920604915 0.1246684350132626 0.04650283553875236
0 0.7564102564102564 0.9678638941398866 0.14942528735632185 0.040831758034026465
0 0.3713527851458886 0.9722117202268431 0.10256410256410256 0.037429111531190926
0 0.8320070733863837 0.454820415879017 0.13793103448275862 0.059735349716446125
0 0.8580901856763926 0.0886578449905482 0.16534040671971706 0.04725897920604915
0 0.4186560565870911 0.14688090737240075 0.14942528735632185 0.04725897920604915
0 0.5481874447391689 0.14914933837429112 0.11317418213969938 0.04574669187145557
0 0.6900972590627763 0.14139886578449906 0.1830238726790451 0.05141776937618148
0 0.15870910698496907 0.19924385633270322 0.1865605658709107 0.04914933837429111
0 0.8439434129089302 0.26200378071833647 0.16357206012378425 0.046880907372400756
0 0.6414677276746242 0.5604914933837429 0.1317418213969938 0.05406427221172023
0 0.6847922192749779 0.6465028355387523 0.14412024756852343 0.052930056710775046
0 0.8205128205128205 0.6472589792060491 0.1290893015030946 0.05141776937618148
0 0.6056587091069849 0.9302457466918714 0.09549071618037135 0.04499054820415879
0 0.9593280282935456 0.9217391304347826 0.07603890362511052 0.04839319470699433
0 0.7674624226348364 0.7824196597353498 0.22634836427939875 0.06465028355387524
0 0.3947833775419982 0.8368620037807183 0.14235190097259062 0.04196597353497165
0 0.5928381962864722 0.8357277882797731 0.2537577365163572 0.035916824196597356
0 0.7891246684350133 0.8344045368620038 0.14235190097259062 0.04007561436672968
0 0.9173297966401415 0.8308128544423441 0.13351016799292661 0.04725897920604915
0 0.8138815207780725 0.35614366729678637 0.15296198054818744 0.05671077504725898
0 0.08399646330680813 0.958601134215501 0.06542882404951371 0.038185255198487714
0 0.1909814323607427 0.9648393194706995 0.1237842617152962 0.03931947069943289
