0 0.17378640776699028 0.611731843575419 0.3300970873786408 0.0935754189944134
0 0.13932038834951457 0.8177374301675978 0.2650485436893204 0.10754189944134078
0 0.8378640776699029 0.07925977653631285 0.17281553398058253 0.10684357541899442
0 0.5436893203883495 0.4975558659217877 0.2757281553398058 0.10125698324022346
0 0.36262135922330097 0.40537709497206703 0.2145631067961165 0.09986033519553073
0 0.4451456310679612 0.8051675977653632 0.1796116504854369 0.10474860335195531
0 0.7480582524271845 0.19064245810055866 0.36213592233009706 0.11033519553072625
0 0.12524271844660195 0.4095670391061452 0.21359223300970873 0.09567039106145252
0 0.7199029126213592 0.30307262569832405 0.3718446601941748 0.10195530726256984
0 0.429126213592233 0.19378491620111732 0.29320388349514565 0.11243016759776536
0 0.7077669902912621 0.4067737430167598 0.37475728155339805 0.11103351955307263
0 0.3233009708737864 0.7074022346368715 0.14757281553398058 0.10754189944134078
0 0.4980582524271845 0.7039106145251397 0.20388349514563106 0.11173184357541899
0 0.7184466019417476 0.7943435754189944 0.2174757281553398 0.10125698324022346
0 0.12281553398058252 0.9189944134078212 0.17378640776699028 0.10614525139664804
0 0.14320388349514562 0.30027932960893855 0.2650485436893204 0.11452513966480447
0 0.15 0.1895949720670391 0.25728155339805825 0.09427374301675978
0 0.43640776699029127 0.6050977653631285 0.20097087378640777 0.09008379888268156
0 0.6587378640776699 0.6009078212290503 0.2436893203883495 0.09567039106145252
0 0.3048543689320388 0.9085195530726257 0.20194174757281552 0.09776536312849161
0 0.5388349514563107 0.9025837988826816 0.283495145631068 0.10544692737430168
0 0.7436893203883496 0.8847765363128491 0.1262135922330097 0.08379888268156424
0 0.8859223300970874 0.8729050279329609 0.16407766990291262 0.0935754189944134
0 0.7810679611650485 0.9493715083798883 0.1679611650485437 0.06494413407821228
0 0.1325242718446602 0.0893854748603352 0.1970873786407767 0.09497206703910614
0 0.30970873786407765 0.08275139664804469 0.17281553398058253 0.10824022346368715
0 0.574757281553398 0.07576815642458101 0.31844660194174756 0.10125698324022346
0 0.7412621359223301 0.6972765363128491 0.2203883495145631 0.09986033519553073
