0 0.2263719512195122 0.0933048433048433 0.3399390243902439 0.14957264957264957
0 0.21036585365853658 0.24715099715099714 0.3048780487804878 0.18945868945868946
0 0.46722560975609756 0.23717948717948717 0.2301829268292683 0.16096866096866097
0 0.4184451219512195 0.443019943019943 0.40396341463414637 0.20797720797720798
0 0.8003048780487805 0.40883190883190884 0.35060975609756095 0.17663817663817663
0 0.7248475609756098 0.06837606837606838 0.18445121951219512 0.09401709401709402
0 0.12728658536585366 0.4594017094017094 0.17835365853658536 0.1752136752136752
0 0.7134146341463414 0.5484330484330484 0.15548780487804878 0.1282051282051282
0 0.8689024390243902 0.5313390313390314 0.15853658536585366 0.12535612535612536
0 0.10213414634146341 0.688034188034188 0.14329268292682926 0.1396011396011396
0 0.2545731707317073 0.6801994301994302 0.0975609756097561 0.11823361823361823
0 0.3948170731707317 0.6759259259259259 0.14634146341463414 0.13247863247863248
0 0.6882621951219512 0.6680911680911681 0.2942073170731707 0.1452991452991453
0 0.6288109756097561 0.8041310541310541 0.11128048780487805 0.09829059829059829
0 0.4634146341463415 0.04202279202279202 0.09451219512195122 0.04985754985754986
0 0.5083841463414634 0.07051282051282051 0.25152439024390244 0.12393162393162394
0 0.7042682926829268 0.19943019943019943 0.08841463414634146 0.09401709401709402
0 0.791920731707317 0.23504273504273504 0.38871951219512196 0.16524216524216523
