0 0.09973285841495994 0.054637865311308764 0.08904719501335707 0.062261753494282084
0 0.8762243989314337 0.04097839898348157 0.16918967052537845 0.07687420584498093
0 0.19679430097951914 0.10641677255400254 0.3170080142475512 0.0806861499364676
0 0.45191451469278715 0.10038119440914867 0.20035618878005343 0.08259212198221093
0 0.6540516473731077 0.0968869123252859 0.21816562778272486 0.08958068614993647
0 0.8370436331255565 0.10451080050825921 0.14781834372217276 0.07941550190597205
0 0.059216384683882455 0.18678526048284624 0.06144256455921639 0.06607369758576874
0 0.17275155832591274 0.17630241423125795 0.12110418521816563 0.07179161372299873
0 0.6228851291184327 0.17471410419313851 0.07212822796081923 0.06607369758576874
0 0.8633125556544969 0.18074968233799238 0.22350845948352627 0.07306226175349428
0 0.17542297417631345 0.24904701397712833 0.3205699020480855 0.08259212198221093
0 0.41585040071237755 0.23475222363405338 0.17809439002671415 0.09212198221092757
0 0.7818343722172751 0.23411689961880558 0.14069456812110417 0.06925031766200762
0 0.07257346393588603 0.4027954256670902 0.09528049866429207 0.0698856416772554
0 0.8664292074799644 0.36626429479034306 0.12288512911843277 0.06797966963151207
0 0.16963490650044524 0.44567979669631513 0.18967052537845058 0.09085133418043202
0 0.3459483526268923 0.4380559085133418 0.15939447907390916 0.08958068614993647
0 0.46527159394479073 0.4415501905972046 0.10240427426536064 0.07115628970775095
0 0.13223508459483527 0.5247776365946633 0.10418521816562779 0.07623888182973317
0 0.12956366874443456 0.5905336721728082 0.10952804986642921 0.06797966963151207
0 0.13223508459483527 0.6527954256670903 0.11665182546749778 0.06670902160101652
0 0.13490650044523597 0.7258576874205845 0.12021371326803205 0.06543837357052097
0 0.3130008904719501 0.6407242693773825 0.22707034728406056 0.07560355781448538
0 0.044968833481745324 0.5317662007623888 0.05253784505788068 0.05972045743329098
0 0.04007123775601069 0.5997458703939009 0.05699020480854853 0.05590851334180432
0 0.043187889581478185 0.6597839898348158 0.06322350845948353 0.05400254129606099
0 0.036064113980409616 0.7350698856416773 0.06322350845948353 0.05590851334180432
0 0.03250222617987533 0.8011435832274459 0.05253784505788068 0.05972045743329098
0 0.04719501335707925 0.46950444726810675 0.05699020480854853 0.060991105463786534
0 0.23018699910952806 0.5162007623888183 0.04719501335707925 0.06797966963151207
0 0.24309884238646481 0.5825921219822109 0.051647373107747106 0.05972045743329098
0 0.327693677649154 0.5101651842439644 0.1620658949243099 0.06480304955527319
0 0.3637577916295637 0.571156289707751 0.17542297417631345 0.06353240152477764
0 0.4817453250222618 0.5066709021601017 0.1495992876224399 0.07687420584498093
0 0.5792520035618878 0.4313850063532402 0.13802315227070347 0.06480304955527319
0 0.23018699910952806 0.3065438373570521 0.1861086375779163 0.08703939008894536
0 0.45636687444345503 0.2947903430749682 0.23241317898486197 0.096569250317662
0 0.04719501335707925 0.3189326556543837 0.04808548530721282 0.05717916137229987
0 0.6251113089937667 0.28113087674714105 0.07836153161175423 0.03748411689961881
0 0.6415850400712377 0.29955527318932657 0.15761353517364202 0.08195679796696315
0 0.7764915405164737 0.2947903430749682 0.14069456812110417 0.06480304955527319
0 0.6883348174532502 0.4253494282083863 0.0854853072128228 0.07052096569250317
0 0.8227960819234195 0.42947903430749684 0.19056099732858414 0.0724269377382465
0 0.9519145146927872 0.4323379923761118 0.06945681211041853 0.06670902160101652
0 0.5966162065894924 0.5692503176620076 0.28138913624220835 0.06480304955527319
0 0.8606411398040962 0.5632147395171537 0.18432769367764915 0.06289707750952986
0 0.03873552983081033 0.8707115628970775 0.07390917186108638 0.06797966963151207
0 0.6295636687444346 0.5038119440914867 0.15316117542297417 0.0698856416772554
0 0.7493321460373998 0.5031766200762389 0.0917186108637578 0.07115628970775095
0 0.8873552983081033 0.4993646759847522 0.20747996438112198 0.07878017789072427
0 0.943900267141585 0.28621346886912324 0.09260908281389137 0.07179161372299873
