0 0.42946317103620474 0.4230769230769231 0.18726591760299627 0.16138763197586728
0 0.6385767790262172 0.4215686274509804 0.23845193508114856 0.14328808446455504
0 0.4369538077403246 0.5754147812971342 0.264669163545568 0.14328808446455504
0 0.6797752808988764 0.5746606334841629 0.1585518102372035 0.16591251885369532
0 0.4612983770287141 0.27526395173454 0.12609238451935081 0.167420814479638
0 0.6210986267166042 0.2654600301659125 0.16853932584269662 0.1568627450980392
0 0.8776529338327091 0.5331825037707391 0.2222222222222222 0.17647058823529413
0 0.21722846441947566 0.7435897435897436 0.20224719101123595 0.15987933634992457
0 0.47752808988764045 0.7420814479638009 0.31585518102372034 0.18401206636500755
0 0.8008739076154806 0.7156862745098039 0.22846441947565543 0.19155354449472098
0 0.715980024968789 0.8936651583710408 0.2833957553058677 0.17043740573152338
0 0.5368289637952559 0.10633484162895927 0.18726591760299627 0.1282051282051282
