0 0.11078717201166181 0.1124223602484472 0.13702623906705538 0.1577639751552795
0 0.3250728862973761 0.12422360248447205 0.282798833819242 0.21614906832298136
0 0.532069970845481 0.12422360248447205 0.2099125364431487 0.20124223602484473
0 0.6909620991253644 0.12857142857142856 0.1457725947521866 0.20248447204968945
0 0.8746355685131195 0.1372670807453416 0.23615160349854228 0.21490683229813665
0 0.1552478134110787 0.3248447204968944 0.18221574344023322 0.22732919254658385
0 0.36005830903790087 0.3242236024844721 0.19825072886297376 0.19875776397515527
0 0.5590379008746356 0.31801242236024846 0.20845481049562684 0.1763975155279503
0 0.7441690962099126 0.30869565217391304 0.15306122448979592 0.16024844720496895
0 0.8892128279883382 0.5062111801242236 0.2303206997084548 0.20745341614906831
0 0.6625364431486881 0.5080745341614907 0.20845481049562684 0.20372670807453416
0 0.09183673469387756 0.7161490683229814 0.10787172011661808 0.17267080745341615
0 0.27769679300291544 0.7031055900621118 0.22011661807580174 0.14658385093167703
0 0.5174927113702624 0.7055900621118012 0.22157434402332363 0.13664596273291926
0 0.6880466472303207 0.7105590062111802 0.08746355685131195 0.12173913043478261
0 0.8746355685131195 0.7105590062111802 0.23615160349854228 0.14409937888198757
0 0.9147230320699709 0.3217391304347826 0.1880466472303207 0.17142857142857143
0 0.19533527696793002 0.522360248447205 0.3323615160349854 0.20496894409937888
0 0.45626822157434405 0.5124223602484472 0.19825072886297376 0.23229813664596274
0 0.6953352769679301 0.8521739130434782 0.35276967930029157 0.1813664596273292
0 0.31268221574344024 0.853416149068323 0.18221574344023322 0.17391304347826086
0 0.47594752186588923 0.8559006211180125 0.14431486880466474 0.17391304347826086
0 0.152332361516035 0.8354037267080745 0.13848396501457727 0.17515527950310558
