0 0.3814484126984127 0.07706885660138976 0.18948412698412698 0.08717624763108023
0 0.3844246031746032 0.15698041692987996 0.19543650793650794 0.07517372078332281
0 0.37996031746031744 0.23089071383449147 0.19444444444444445 0.06885660138976626
0 0.0625 0.23973468098547063 0.08531746031746032 0.07138344914718889
0 0.06547619047619048 0.39355653821857234 0.07936507936507936 0.06948831332912192
0 0.21478174603174602 0.38566013897662665 0.12996031746031747 0.07517372078332281
0 0.2524801587301587 0.5543272267845862 0.15178571428571427 0.08401768793430196
0 0.45337301587301587 0.542008843967151 0.057539682539682536 0.08085912823752368
0 0.6031746031746031 0.5385344283006949 0.14285714285714285 0.08528111181301326
0 0.8283730158730159 0.5363234365129501 0.20634920634920634 0.07833228048010107
0 0.7549603174603174 0.4516740366392925 0.0873015873015873 0.08843967150979154
0 0.8869047619047619 0.4551484523057486 0.13293650793650794 0.08275426405559065
0 0.6240079365079365 0.45451674036639295 0.14682539682539683 0.0890713834491472
0 0.09226190476190477 0.9444093493367025 0.1349206349206349 0.06190777005685408
0 0.3005952380952381 0.9390397978521794 0.13095238095238096 0.06253948199620973
0 0.46279761904761907 0.9289324068224889 0.12996031746031747 0.06885660138976626
0 0.6760912698412699 0.9144030322173089 0.10416666666666667 0.06632975363234365
0 0.8412698412698413 0.9096651926721415 0.15476190476190477 0.05811749842072015
0 0.3556547619047619 0.7046746683512318 0.1974206349206349 0.07264687302590019
0 0.38492063492063494 0.6266582438408086 0.1984126984126984 0.07327858496525584
0 0.08531746031746032 0.7239418825015793 0.0992063492063492 0.07201516108654453
0 0.08878968253968254 0.47220467466835125 0.11210317460317461 0.0903348073278585
0 0.6502976190476191 0.22267845862286798 0.29662698412698413 0.0764371446620341
0 0.8923611111111112 0.21383449147188882 0.18551587301587302 0.06506632975363234
0 0.6810515873015873 0.36860391661402403 0.16964285714285715 0.08528111181301326
0 0.45982142857142855 0.45388502842703726 0.16567460317460317 0.06885660138976626
0 0.5565476190476191 0.7691092861655086 0.19642857142857142 0.08654453569172457
0 0.7673611111111112 0.7517372078332281 0.20932539682539683 0.07201516108654453
0 0.9360119047619048 0.7548957675300063 0.12996031746031747 0.07959570435881239
0 0.5753968253968254 0.06696146557169931 0.18253968253968253 0.08085912823752368
0 0.6299603174603174 0.147820593809223 0.23809523809523808 0.07706885660138976
0 0.6359126984126984 0.6876184459886292 0.29563492063492064 0.07896399241945673
0 0.8849206349206349 0.6816171825647505 0.2222222222222222 0.07454200884396715
0 0.875 0.3742893240682249 0.22420634920634921 0.09917877447883765
0 0.2564484126984127 0.4573594440934934 0.22718253968253968 0.09349336702463676
0 0.07589285714285714 0.5622236260265319 0.10218253968253968 0.07327858496525584
0 0.12896825396825398 0.8708149084017688 0.21428571428571427 0.08275426405559065
0 0.08333333333333333 0.786481364497789 0.10912698412698413 0.09096651926721415
0 0.3655753968253968 0.7763739734680986 0.19146825396825398 0.08464939987365762
0 0.20238095238095238 0.7855337965887556 0.14285714285714285 0.0764371446620341
0 0.11656746031746032 0.07138344914718889 0.17559523809523808 0.09475679090334807
0 0.0744047619047619 0.1610865445356917 0.14682539682539683 0.08085912823752368
0 0.10416666666666667 0.3158559696778269 0.17261904761904762 0.08464939987365762
0 0.777281746031746 0.07485786481364498 0.23511904761904762 0.07770056854074542
0 0.8447420634920635 0.14024005053695515 0.19146825396825398 0.08843967150979154
0 0.45882936507936506 0.3711307643714466 0.22718253968253968 0.08780795957043588
0 0.09771825396825397 0.6402400505369551 0.1378968253968254 0.08401768793430196
0 0.5982142857142857 0.6178142766898295 0.22420634920634921 0.08085912823752368
0 0.8432539682539683 0.6092861655085281 0.26587301587301587 0.0739102969046115
0 0.28621031746031744 0.8581806696146557 0.11011904761904762 0.06885660138976626
0 0.4662698412698413 0.8524952621604548 0.25595238095238093 0.06127605811749842
0 0.6130952380952381 0.2981680353758686 0.6547619047619048 0.07580543272267846
0 0.6636904761904762 0.8278584965255843 0.11904761904761904 0.043588123815540114
0 0.7876984126984127 0.8445988629185092 0.39087301587301587 0.082122552116235
