0 0.12834224598930483 0.11932938856015779 0.19037433155080213 0.15384615384615385
0 0.4053475935828877 0.07396449704142012 0.3508021390374332 0.1341222879684418
0 0.6598930481283423 0.09960552268244575 0.16470588235294117 0.16370808678500987
0 0.16096256684491977 0.3604536489151874 0.1786096256684492 0.1883629191321499
0 0.8481283422459893 0.10749506903353057 0.20320855614973263 0.16765285996055226
0 0.5401069518716578 0.28303747534516766 0.25240641711229944 0.15384615384615385
0 0.8240641711229947 0.2529585798816568 0.28556149732620323 0.13708086785009863
0 0.7171122994652407 0.40581854043392507 0.5101604278074866 0.1883629191321499
0 0.1572192513368984 0.7440828402366864 0.14545454545454545 0.15483234714003946
0 0.46951871657754013 0.7633136094674556 0.3850267379679144 0.15779092702169625
0 0.1748663101604278 0.8851084812623274 0.2449197860962567 0.16074950690335305
0 0.8069518716577541 0.7534516765285996 0.2556149732620321 0.14990138067061143
0 0.35294117647058826 0.9294871794871795 0.1625668449197861 0.10157790927021697
0 0.5058823529411764 0.9230769230769231 0.14331550802139037 0.11242603550295859
0 0.6620320855614973 0.8757396449704142 0.14545454545454545 0.06903353057199212
0 0.7422459893048128 0.9077909270216963 0.32941176470588235 0.15877712031558186
