0 0.17590497737556562 0.1658711217183771 0.19343891402714933 0.21241050119331742
0 0.8207013574660633 0.14379474940334128 0.1165158371040724 0.1515513126491647
0 0.6374434389140271 0.1515513126491647 0.14592760180995476 0.19331742243436753
0 0.49434389140271495 0.15453460620525059 0.14027149321266968 0.1801909307875895
0 0.6334841628959276 0.49940334128878283 0.17420814479638008 0.19212410501193317
0 0.6459276018099548 0.3287589498806683 0.11538461538461539 0.13484486873508353
0 0.4830316742081448 0.5053699284009546 0.13122171945701358 0.16825775656324582
0 0.8478506787330317 0.4880668257756563 0.2319004524886878 0.1575178997613365
0 0.08653846153846154 0.6957040572792362 0.1323529411764706 0.1718377088305489
0 0.1747737556561086 0.8758949880668258 0.2658371040723982 0.1431980906921241
0 0.39649321266968324 0.6951073985680191 0.20475113122171945 0.15632458233890215
0 0.10690045248868778 0.3573985680190931 0.13914027149321267 0.16348448687350836
0 0.41289592760180993 0.331145584725537 0.167420814479638 0.1730310262529833
0 0.2516968325791855 0.34427207637231505 0.15497737556561086 0.14200477326968974
0 0.8031674208144797 0.3204057279236277 0.19004524886877827 0.15871121718377088
0 0.22228506787330315 0.6915274463007159 0.14592760180995476 0.17064439140811455
0 0.834841628959276 0.6825775656324582 0.17647058823529413 0.12410501193317422
0 0.6244343891402715 0.684964200477327 0.24434389140271492 0.17422434367541767
0 0.6900452488687783 0.8735083532219571 0.3574660633484163 0.1718377088305489
0 0.9457013574660633 0.32517899761336516 0.09502262443438914 0.1515513126491647
0 0.9536199095022625 0.6754176610978521 0.06561085972850679 0.13365155131264916
