0 0.4642857142857143 0.21055825242718446 0.14285714285714285 0.21237864077669902
0 0.31773399014778325 0.1929611650485437 0.14532019704433496 0.1553398058252427
0 0.13669950738916256 0.21055825242718446 0.1625615763546798 0.1808252427184466
0 0.38485221674876846 0.055825242718446605 0.16625615763546797 0.11165048543689321
0 0.17364532019704434 0.05825242718446602 0.1748768472906404 0.12135922330097088
0 0.13054187192118227 0.8185679611650486 0.229064039408867 0.20266990291262135
0 0.375 0.8483009708737864 0.25492610837438423 0.24271844660194175
0 0.6705665024630542 0.9399271844660194 0.14655172413793102 0.10800970873786407
0 0.6323891625615764 0.055825242718446605 0.3263546798029557 0.12135922330097088
0 0.8830049261083743 0.07342233009708737 0.18719211822660098 0.12014563106796117
0 0.6847290640394089 0.20024271844660194 0.2660098522167488 0.1820388349514563
0 0.895320197044335 0.21359223300970873 0.18719211822660098 0.16019417475728157
0 0.6594827586206896 0.8118932038834952 0.31650246305418717 0.2087378640776699
0 0.9070197044334976 0.7548543689320388 0.17610837438423646 0.22815533980582525
0 0.8171182266009852 0.9205097087378641 0.13423645320197045 0.12257281553398058
