0 0.11887694145758662 0.19178921568627452 0.16606929510155316 0.16789215686274508
0 0.3942652329749104 0.20772058823529413 0.3034647550776583 0.24142156862745098
0 0.6439665471923537 0.21629901960784315 0.2174432497013142 0.2708333333333333
0 0.8697729988052568 0.19791666666666666 0.1863799283154122 0.22426470588235295
0 0.13261648745519714 0.39767156862745096 0.1911589008363202 0.18504901960784315
0 0.4731182795698925 0.41299019607843135 0.4826762246117085 0.16911764705882354
0 0.1989247311827957 0.7922794117647058 0.2974910394265233 0.22426470588235295
0 0.46176821983273597 0.7977941176470589 0.23775388291517324 0.2034313725490196
0 0.7759856630824373 0.803921568627451 0.4145758661887694 0.20833333333333334
0 0.8166069295101553 0.44730392156862747 0.2066905615292712 0.16176470588235295
0 0.8052568697729988 0.6121323529411765 0.34647550776583036 0.15073529411764705
0 0.49522102747909197 0.6109068627450981 0.26642771804062126 0.17769607843137256
0 0.9599761051373955 0.44485294117647056 0.07287933094384708 0.17401960784313725
