0 0.8490196078431372 0.14227836034318397 0.12352941176470589 0.04051477597712107
0 0.8941176470588236 0.2659675881792183 0.10980392156862745 0.037178265014299335
0 0.9073529411764706 0.3944232602478551 0.07745098039215687 0.03765490943755958
0 0.4803921568627451 0.45948522402287895 0.060784313725490195 0.05910390848427073
0 0.4176470588235294 0.46544327931363205 0.07058823529411765 0.055767397521449
0 0.7774509803921569 0.3984747378455672 0.18823529411764706 0.04575786463298379
0 0.6024509803921568 0.4051477597712107 0.05784313725490196 0.0438512869399428
0 0.7 0.2724022878932317 0.1980392156862745 0.05100095328884652
0 0.6593137254901961 0.14084842707340325 0.257843137254902 0.04909437559580553
0 0.8004901960784314 0.31220209723546233 0.07941176470588235 0.03527168732125834
0 0.8862745098039215 0.303860819828408 0.1 0.043374642516682556
