0 0.15829694323144106 0.06424581005586592 0.23799126637554585 0.1042830540037244
0 0.2893013100436681 0.26908752327746743 0.20087336244541484 0.12849162011173185
0 0.3029475982532751 0.16620111731843576 0.2390829694323144 0.09962756052141528
0 0.10152838427947598 0.2988826815642458 0.1812227074235808 0.1378026070763501
0 0.10262008733624454 0.16899441340782123 0.18340611353711792 0.12197392923649907
0 0.5616812227074236 0.27607076350093107 0.361353711790393 0.12011173184357542
0 0.40829694323144106 0.05772811918063315 0.25109170305676853 0.1042830540037244
0 0.6108078602620087 0.06238361266294227 0.13864628820960698 0.10800744878957169
0 0.162117903930131 0.8314711359404097 0.21943231441048036 0.13594040968342644
0 0.34443231441048033 0.8445065176908753 0.15829694323144106 0.12849162011173185
0 0.5403930131004366 0.8361266294227188 0.2423580786026201 0.13966480446927373
0 0.14028384279475983 0.7146182495344506 0.1888646288209607 0.11080074487895716
0 0.5862445414847162 0.1685288640595903 0.2794759825327511 0.1042830540037244
0 0.87882096069869 0.1419925512104283 0.13537117903930132 0.10893854748603352
0 0.7314410480349345 0.8296089385474861 0.13755458515283842 0.14711359404096835
0 0.8908296943231441 0.8175046554934823 0.18777292576419213 0.13966480446927373
0 0.310589519650655 0.9548417132216015 0.17139737991266377 0.09590316573556797
0 0.46124454148471616 0.9539106145251397 0.1299126637554585 0.08845437616387337
0 0.7036026200873362 0.9366852886405959 0.34388646288209607 0.10242085661080075
0 0.8138646288209607 0.23696461824953446 0.13864628820960698 0.10521415270018622
0 0.3881004366812227 0.6857541899441341 0.3155021834061135 0.17970204841713222
0 0.6724890829694323 0.6778398510242085 0.26419213973799127 0.18063314711359404
0 0.8853711790393013 0.6675977653631285 0.21397379912663755 0.18808193668528864
0 0.7467248908296943 0.06098696461824953 0.13973799126637554 0.10893854748603352
0 0.9017467248908297 0.05540037243947858 0.1703056768558952 0.08845437616387337
