0 0.1373762376237624 0.07380457380457381 0.18316831683168316 0.14760914760914762
0 0.7221534653465347 0.09147609147609148 0.4344059405940594 0.1288981288981289
0 0.39542079207920794 0.09875259875259876 0.22400990099009901 0.18503118503118504
0 0.11757425742574257 0.2312889812889813 0.1608910891089109 0.16112266112266113
0 0.327970297029703 0.3991683991683992 0.27722772277227725 0.16216216216216217
0 0.5810643564356436 0.3898128898128898 0.23391089108910892 0.15384615384615385
0 0.10643564356435643 0.3976091476091476 0.16584158415841585 0.15904365904365905
0 0.3997524752475248 0.6574844074844075 0.15841584158415842 0.104989604989605
0 0.5303217821782178 0.6502079002079002 0.10272277227722772 0.11954261954261955
0 0.6621287128712872 0.6387733887733887 0.16831683168316833 0.10706860706860707
0 0.18688118811881188 0.6616424116424117 0.27722772277227725 0.1444906444906445
0 0.8607673267326733 0.6392931392931392 0.2537128712871287 0.10395010395010396
0 0.5012376237623762 0.8872141372141372 0.18811881188118812 0.09667359667359668
0 0.2667079207920792 0.908004158004158 0.21163366336633663 0.10083160083160084
0 0.07920792079207921 0.9007276507276507 0.15841584158415842 0.104989604989605
0 0.818069306930693 0.5228690228690228 0.1311881188118812 0.1288981288981289
0 0.7568069306930693 0.3898128898128898 0.11757425742574257 0.11850311850311851
0 0.906559405940594 0.39449064449064447 0.10024752475247525 0.12370062370062371
0 0.6936881188118812 0.5254677754677755 0.11757425742574257 0.12785862785862787
0 0.16522277227722773 0.527027027027027 0.30816831683168316 0.11642411642411643
0 0.474009900990099 0.5265072765072765 0.3217821782178218 0.1257796257796258
0 0.3589108910891089 0.23804573804573806 0.30198019801980197 0.16424116424116425
0 0.6398514851485149 0.2286902286902287 0.2599009900990099 0.15592515592515593
0 0.8589108910891089 0.21153846153846154 0.20544554455445543 0.11330561330561331
0 0.9344059405940595 0.5176715176715176 0.1188118811881188 0.14345114345114346
0 0.7704207920792079 0.7422037422037422 0.1967821782178218 0.1101871101871102
0 0.9245049504950495 0.7442827442827443 0.1188118811881188 0.1101871101871102
0 0.6175742574257426 0.9579002079002079 0.15841584158415842 0.0550935550935551
0 0.7945544554455446 0.9521829521829522 0.14356435643564355 0.06444906444906445
0 0.9189356435643564 0.9402286902286903 0.06806930693069307 0.07796257796257797
0 0.43873762376237624 0.9719334719334719 0.1745049504950495 0.058212058212058215
0 0.2599009900990099 0.9667359667359667 0.15346534653465346 0.04781704781704782
0 0.08168316831683169 0.9698544698544699 0.14603960396039603 0.05197505197505198
0 0.7165841584158416 0.8783783783783784 0.24257425742574257 0.0997920997920998
0 0.8867574257425742 0.8695426195426196 0.10024752475247525 0.09875259875259876
