0 0.35202205882352944 0.1231774761186526 0.18382352941176472 0.06737053795877325
0 0.27205882352941174 0.053293112116641526 0.11764705882352941 0.06535947712418301
0 0.5592830882352942 0.16842634489693314 0.22518382352941177 0.053293112116641526
0 0.5284926470588235 0.2815485168426345 0.2536764705882353 0.06234288587229764
0 0.40625 0.5258924082453494 0.07169117647058823 0.07239819004524888
0 0.5946691176470589 0.5213675213675214 0.1213235294117647 0.07742584213172449
0 0.3938419117647059 0.8700351935646053 0.32628676470588236 0.06787330316742081
0 0.6167279411764706 0.8655103066867773 0.11213235294117647 0.06083459024635495
0 0.3157169117647059 0.9263448969331323 0.18290441176470587 0.0457516339869281
0 0.5202205882352942 0.3431372549019608 0.2867647058823529 0.057817998994469585
0 0.5041360294117647 0.4034690799396682 0.2766544117647059 0.05982905982905983
0 0.5431985294117647 0.22347913524384114 0.27205882352941174 0.05580693815987934
0 0.13740808823529413 0.04600301659125189 0.14613970588235295 0.06184012066365008
0 0.21001838235294118 0.12543991955756661 0.08363970588235294 0.06083459024635495
0 0.10707720588235294 0.12594268476621417 0.1332720588235294 0.05178481649069885
0 0.1052389705882353 0.185771744595274 0.140625 0.05982905982905983
0 0.09696691176470588 0.24358974358974358 0.12775735294117646 0.06586224233283057
0 0.4650735294117647 0.057817998994469585 0.19852941176470587 0.06133735545500251
0 0.6337316176470589 0.06008044243338361 0.12959558823529413 0.07390648567119155
0 0.7977941176470589 0.06058320764203117 0.1875 0.0628456510809452
0 0.7463235294117647 0.1191553544494721 0.22794117647058823 0.059326294620412265
0 0.7702205882352942 0.16591251885369532 0.14338235294117646 0.06636500754147813
0 0.9131433823529411 0.17068878833584716 0.1056985294117647 0.0628456510809452
0 0.7564338235294118 0.22624434389140272 0.15808823529411764 0.05429864253393665
0 0.7555147058823529 0.34464555052790347 0.17830882352941177 0.06184012066365008
0 0.9177389705882353 0.3418803418803419 0.12775735294117646 0.06234288587229764
0 0.7297794117647058 0.40020110608345905 0.1636029411764706 0.04725992961287079
0 0.9108455882352942 0.3924082453494218 0.15073529411764705 0.05077928607340372
0 0.4522058823529412 0.46304675716440424 0.18566176470588236 0.05429864253393665
0 0.6897977941176471 0.44972347913524385 0.2821691176470588 0.06184012066365008
0 0.9154411764705882 0.4502262443438914 0.15073529411764705 0.0628456510809452
0 0.8373161764705882 0.5165912518853696 0.26286764705882354 0.0718954248366013
0 0.4719669117647059 0.5889894419306184 0.20680147058823528 0.06083459024635495
0 0.11397058823529412 0.6023127199597788 0.13051470588235295 0.053293112116641526
0 0.4678308823529412 0.6523378582202112 0.20772058823529413 0.06385118149824032
0 0.5073529411764706 0.7083961789844143 0.3492647058823529 0.05731523378582202
0 0.9007352941176471 0.6975867269984917 0.1213235294117647 0.057817998994469585
0 0.08823529411764706 0.7129210658622424 0.0974264705882353 0.06033182503770739
0 0.17417279411764705 0.7699849170437406 0.11856617647058823 0.06787330316742081
0 0.3694852941176471 0.7621920563097033 0.3014705882352941 0.06837606837606838
0 0.8276654411764706 0.8024132730015083 0.20496323529411764 0.058320764203117145
0 0.3772977941176471 0.8147310206133735 0.12775735294117646 0.0457516339869281
0 0.11397058823529412 0.3707893413775767 0.09926470588235294 0.0628456510809452
0 0.1135110294117647 0.42835595776772245 0.12040441176470588 0.05530417295123177
0 0.09834558823529412 0.48617395676219205 0.09558823529411764 0.05429864253393665
0 0.10477941176470588 0.5455002513826043 0.10845588235294118 0.06234288587229764
0 0.11075367647058823 0.6576168929110106 0.10018382352941177 0.05429864253393665
0 0.07215073529411764 0.7745098039215687 0.07077205882352941 0.05580693815987934
0 0.07950367647058823 0.8270487682252388 0.08547794117647059 0.049270990447461034
0 0.10707720588235294 0.9200603318250377 0.13694852941176472 0.048265460030165915
0 0.5261948529411765 0.9145299145299145 0.24908088235294118 0.05731523378582202
0 0.7826286764705882 0.900201106083459 0.14430147058823528 0.06385118149824032
0 0.8083639705882353 0.853192559074912 0.27297794117647056 0.07239819004524888
0 0.6714154411764706 0.7576671694318753 0.30974264705882354 0.06435394670688788
0 0.6530330882352942 0.5834590246354953 0.14246323529411764 0.06485671191553545
