0 0.13330300272975432 0.09411362080766598 0.15559599636032756 0.11156741957563313
0 0.29981801637852595 0.08863791923340178 0.17015468607825296 0.11019849418206708
0 0.4385805277525023 0.0865845311430527 0.11282984531392175 0.11704312114989733
0 0.5809827115559599 0.08624229979466119 0.09190172884440401 0.09582477754962354
0 0.6938125568698817 0.08726899383983573 0.12465878070973613 0.09924709103353867
0 0.8862602365787079 0.06810403832991102 0.13102820746132848 0.10198494182067078
0 0.640582347588717 0.17932922655715264 0.19290263876251137 0.08213552361396304
0 0.7993630573248408 0.1806981519507187 0.09372156505914468 0.0944558521560575
0 0.1437670609645132 0.19609856262833675 0.19290263876251137 0.09240246406570841
0 0.1191992720655141 0.460643394934976 0.16924476797088261 0.07255304585900069
0 0.2679708826205642 0.4644079397672827 0.13557779799818018 0.09240246406570841
0 0.1510464058234759 0.553388090349076 0.24749772520473157 0.08418891170431211
0 0.8466787989080983 0.5239561943874059 0.2010919017288444 0.08966461327857632
0 0.135122838944495 0.6392881587953456 0.19927206551410373 0.08487337440109514
0 0.10282074613284804 0.7385352498288843 0.12192902638762511 0.0917180013689254
0 0.30254777070063693 0.731006160164271 0.17925386715195632 0.08898015058179329
0 0.30664240218380345 0.63347022587269 0.1492265696087352 0.08829568788501027
0 0.899909008189263 0.7039698836413415 0.11464968152866242 0.08145106091718002
0 0.9035486806187443 0.7867898699520877 0.10555050045495905 0.07734428473648186
0 0.5009099181073703 0.7932922655715263 0.1464968152866242 0.08076659822039699
0 0.13011828935395814 0.891854893908282 0.13102820746132848 0.07665982203969883
0 0.4049135577797998 0.45003422313483915 0.12192902638762511 0.10061601642710473
0 0.7229299363057324 0.445242984257358 0.06824385805277525 0.10061601642710473
0 0.6028207461328481 0.36413415468856947 0.13739763421292084 0.09856262833675565
0 0.28662420382165604 0.36960985626283366 0.49499545040946313 0.1054072553045859
0 0.5727934485896269 0.2720739219712526 0.17015468607825296 0.08966461327857632
0 0.8707916287534122 0.2669404517453799 0.19290263876251137 0.09308692676249145
0 0.25796178343949044 0.2792607802874743 0.45586897179253866 0.09308692676249145
0 0.33348498635122836 0.8107460643394935 0.18471337579617833 0.08281998631074607
0 0.353958143767061 0.19130732375085557 0.18562329390354868 0.08281998631074607
0 0.49181073703366696 0.189596167008898 0.09372156505914468 0.09308692676249145
0 0.45222929936305734 0.6238877481177276 0.1583257506824386 0.10335386721423682
0 0.6387625113739763 0.4490075290896646 0.09827115559599636 0.09582477754962354
0 0.8430391264786169 0.6173853524982889 0.11010009099181074 0.0971937029431896
0 0.654231119199272 0.6204654346338124 0.25477707006369427 0.10061601642710473
0 0.29981801637852595 0.8908281998631075 0.21019108280254778 0.08145106091718002
0 0.4426751592356688 0.893223819301848 0.08644222020018198 0.09034907597535935
0 0.5518653321201092 0.8891170431211499 0.12829845313921748 0.0944558521560575
0 0.6769790718835305 0.890485968514716 0.12374886260236578 0.0944558521560575
0 0.7907188353048226 0.8860369609856262 0.10737033666969972 0.09514031485284052
0 0.9099181073703366 0.8843258042436687 0.13830755232029118 0.0917180013689254
0 0.8671519563239308 0.17796030116358658 0.052775250227479524 0.08624229979466119
0 0.9417652411282984 0.16872005475701574 0.10009099181073704 0.09514031485284052
0 0.9153776160145587 0.34257357973990415 0.1164695177434031 0.08145106091718002
0 0.8175614194722475 0.43600273785078714 0.12283894449499545 0.0971937029431896
0 0.9358507734303912 0.4349760438056126 0.11555959963603275 0.09924709103353867
0 0.5272975432211101 0.44387405886379194 0.1264786169244768 0.10882956878850103
0 0.5291173794358508 0.7128678986995208 0.10646041856232939 0.08145106091718002
0 0.1451319381255687 0.8165639972621492 0.1737943585077343 0.07392197125256673
