0 0.12729779411764705 0.26959798994974876 0.11856617647058823 0.06281407035175879
0 0.36764705882352944 0.2690954773869347 0.20955882352941177 0.06582914572864322
0 0.13970588235294118 0.34095477386934675 0.11580882352941177 0.06281407035175879
0 0.44485294117647056 0.5668341708542713 0.3272058823529412 0.06733668341708543
0 0.42049632352941174 0.628643216080402 0.29871323529411764 0.044221105527638194
0 0.20082720588235295 0.7414572864321608 0.15349264705882354 0.06884422110552764
0 0.41268382352941174 0.7331658291457287 0.27389705882352944 0.06331658291457286
0 0.6378676470588235 0.7228643216080402 0.18198529411764705 0.06582914572864322
0 0.22426470588235295 0.8479899497487438 0.16911764705882354 0.05577889447236181
0 0.39797794117647056 0.3273869346733668 0.18933823529411764 0.061809045226130656
0 0.3092830882352941 0.7932160804020101 0.13694852941176472 0.04874371859296482
0 0.3239889705882353 0.6816582914572864 0.0818014705882353 0.05175879396984925
0 0.4811580882352941 0.6766331658291457 0.08547794117647059 0.05175879396984925
0 0.6962316176470589 0.6703517587939698 0.18841911764705882 0.05527638190954774
0 0.6727941176470589 0.6198492462311558 0.1875 0.05175879396984925
0 0.8874080882352942 0.6138190954773869 0.14981617647058823 0.05577889447236181
0 0.8800551470588235 0.6668341708542713 0.13143382352941177 0.05628140703517588
0 0.09329044117647059 0.742964824120603 0.07996323529411764 0.06683417085427136
0 0.11075367647058823 0.5756281407035176 0.078125 0.05879396984924623
0 0.1135110294117647 0.6319095477386935 0.08363970588235294 0.05577889447236181
0 0.11259191176470588 0.6851758793969849 0.0744485294117647 0.05075376884422111
0 0.1135110294117647 0.8015075376884422 0.07628676470588236 0.044221105527638194
0 0.09972426470588236 0.8494974874371859 0.08547794117647059 0.053768844221105526
0 0.08134191176470588 0.8997487437185929 0.06341911764705882 0.04673366834170854
0 0.15119485294117646 0.4035175879396985 0.16819852941176472 0.07035175879396985
0 0.3005514705882353 0.10804020100502512 0.0900735294117647 0.06030150753768844
0 0.4397977941176471 0.11834170854271357 0.109375 0.053768844221105526
0 0.5459558823529411 0.10804020100502512 0.058823529411764705 0.04321608040201005
0 0.08501838235294118 0.9384422110552764 0.078125 0.036683417085427134
0 0.3244485294117647 0.9402010050251256 0.15257352941176472 0.04321608040201005
0 0.8000919117647058 0.9241206030150754 0.16636029411764705 0.05728643216080402
0 0.4462316176470588 0.4055276381909548 0.20863970588235295 0.06733668341708543
0 0.6525735294117647 0.39899497487437185 0.13970588235294118 0.061306532663316586
0 0.8409926470588235 0.39949748743718594 0.19117647058823528 0.05728643216080402
0 0.12454044117647059 0.46608040201005024 0.07261029411764706 0.053768844221105526
0 0.23115808823529413 0.46507537688442213 0.13143382352941177 0.05879396984924623
0 0.45174632352941174 0.4658291457286432 0.22150735294117646 0.05226130653266332
0 0.7086397058823529 0.4605527638190955 0.16727941176470587 0.061809045226130656
0 0.9136029411764706 0.45326633165829144 0.12316176470588236 0.06834170854271357
0 0.1254595588235294 0.5183417085427136 0.078125 0.052763819095477386
0 0.2426470588235294 0.520854271356784 0.14705882352941177 0.05778894472361809
0 0.47058823529411764 0.5113065326633166 0.23345588235294118 0.054773869346733665
0 0.8598345588235294 0.5123115577889448 0.17555147058823528 0.04974874371859297
0 0.5220588235294118 0.785929648241206 0.23161764705882354 0.06432160804020101
0 0.7146139705882353 0.7798994974874371 0.16636029411764705 0.062311557788944726
0 0.8841911764705882 0.7685929648241207 0.17279411764705882 0.06080402010050251
0 0.4140625 0.8479899497487438 0.1130514705882353 0.06080402010050251
0 0.6061580882352942 0.842964824120603 0.16084558823529413 0.06281407035175879
0 0.8295036764705882 0.8278894472361809 0.17371323529411764 0.05879396984924623
0 0.8088235294117647 0.33391959798994975 0.15808823529411764 0.06482412060301508
0 0.6116727941176471 0.3364321608040201 0.23069852941176472 0.06281407035175879
0 0.6452205882352942 0.2690954773869347 0.3014705882352941 0.06984924623115578
0 0.8841911764705882 0.2748743718592965 0.15073529411764705 0.06532663316582915
0 0.7077205882352942 0.5658291457286432 0.11948529411764706 0.0592964824120603
0 0.8763786764705882 0.5605527638190955 0.1645220588235294 0.05778894472361809
0 0.7807904411764706 0.7221105527638191 0.1056985294117647 0.05527638190954774
0 0.9076286764705882 0.7183417085427136 0.15165441176470587 0.05577889447236181
0 0.37545955882352944 0.9743718592964824 0.18474264705882354 0.04020100502512563
0 0.609375 0.9670854271356784 0.16911764705882354 0.03768844221105527
0 0.10294117647058823 0.9728643216080402 0.125 0.04120603015075377
0 0.8258272058823529 0.9545226130653266 0.13878676470588236 0.05075376884422111
0 0.16038602941176472 0.9005025125628141 0.09834558823529412 0.05025125628140704
0 0.2922794117647059 0.8937185929648241 0.18198529411764705 0.05175879396984925
0 0.7541360294117647 0.8816582914572865 0.203125 0.05678391959798995
0 0.9007352941176471 0.8695979899497488 0.10845588235294118 0.054773869346733665
0 0.9393382352941176 0.33819095477386935 0.11397058823529412 0.0592964824120603
