0 0.11421911421911422 0.09223300970873786 0.15384615384615385 0.14805825242718446
0 0.38344988344988346 0.07524271844660194 0.19114219114219114 0.1383495145631068
0 0.7057109557109557 0.07645631067961164 0.4254079254079254 0.13592233009708737
0 0.11188811188811189 0.2366504854368932 0.16317016317016317 0.1529126213592233
0 0.10839160839160839 0.40048543689320387 0.1888111888111888 0.17718446601941748
0 0.30303030303030304 0.36893203883495146 0.16317016317016317 0.17718446601941748
0 0.668997668997669 0.36104368932038833 0.15384615384615385 0.1638349514563107
0 0.87004662004662 0.3683252427184466 0.23193473193473194 0.1662621359223301
0 0.32517482517482516 0.2220873786407767 0.2680652680652681 0.1650485436893204
0 0.5594405594405595 0.20813106796116504 0.18181818181818182 0.13470873786407767
0 0.8164335664335665 0.2196601941747573 0.32517482517482516 0.14320388349514562
0 0.12062937062937062 0.904126213592233 0.20862470862470864 0.17233009708737865
0 0.3339160839160839 0.929004854368932 0.23193473193473194 0.1395631067961165
0 0.4796037296037296 0.3786407766990291 0.07575757575757576 0.13106796116504854
0 0.48484848484848486 0.3580097087378641 0.20046620046620048 0.19902912621359223
0 0.5722610722610723 0.9071601941747572 0.2191142191142191 0.14927184466019416
0 0.784965034965035 0.9035194174757282 0.1317016317016317 0.12257281553398058
0 0.9143356643356644 0.8446601941747572 0.11771561771561771 0.1553398058252427
