0 0.1147986942328618 0.11302681992337164 0.12731229597388466 0.1417624521072797
0 0.4325353645266594 0.09339080459770115 0.3014145810663765 0.14272030651340997
0 0.20946681175190424 0.43582375478927204 0.3014145810663765 0.1685823754789272
0 0.5201305767138193 0.428639846743295 0.09140369967355821 0.10632183908045977
0 0.7578890097932536 0.8117816091954023 0.1838955386289445 0.11015325670498084
0 0.5032644178454843 0.8290229885057471 0.20348204570184983 0.09674329501915709
0 0.19205658324265507 0.8510536398467433 0.2470076169749728 0.1235632183908046
0 0.12894450489662676 0.5977011494252874 0.16866158868335146 0.15517241379310345
0 0.190968443960827 0.27011494252873564 0.27529923830250275 0.15900383141762453
0 0.4738846572361262 0.2567049808429119 0.27747551686615884 0.15517241379310345
0 0.6773667029379761 0.2614942528735632 0.1251360174102285 0.13409961685823754
0 0.3639825897714907 0.5747126436781609 0.28618063112078346 0.11494252873563218
0 0.8569096844396082 0.26053639846743293 0.22089227421109903 0.14367816091954022
0 0.8302502720348205 0.3970306513409962 0.176278563656148 0.14272030651340997
0 0.6245919477693145 0.5579501915708812 0.23939064200217627 0.13122605363984674
0 0.6648531011969532 0.1039272030651341 0.16974972796517954 0.16762452107279693
0 0.8579978237214363 0.11015325670498084 0.2426550598476605 0.1724137931034483
0 0.8307943416757345 0.5469348659003831 0.16866158868335146 0.14942528735632185
0 0.955930359085963 0.5426245210727969 0.08161044613710555 0.15804597701149425
0 0.46354733405875953 0.6925287356321839 0.3307943416757345 0.15900383141762453
0 0.7241566920565833 0.6580459770114943 0.20565832426550598 0.15900383141762453
0 0.11697497279651796 0.11350574712643678 0.11643090315560392 0.12931034482758622
0 0.4053318824809576 0.10344827586206896 0.22089227421109903 0.06130268199233716
0 0.43743199129488575 0.08524904214559387 0.16539717083786726 0.028735632183908046
0 0.41458106637649617 0.05555555555555555 0.20239390642002175 0.044061302681992334
0 0.383025027203482 0.04549808429118774 0.028291621327529923 0.033524904214559385
0 0.4009793253536453 0.05651340996168582 0.025027203482045703 0.04789272030651341
0 0.4211099020674646 0.05699233716475096 0.028291621327529923 0.05076628352490421
0 0.43743199129488575 0.06082375478927203 0.028291621327529923 0.045019157088122604
0 0.5478781284004353 0.09195402298850575 0.08161044613710555 0.1206896551724138
0 0.7241566920565833 0.1331417624521073 0.07072905331882481 0.08045977011494253
0 0.6887921653971708 0.10775862068965517 0.026115342763873776 0.039272030651340994
0 0.6713819368879217 0.10488505747126436 0.03482045701849837 0.039272030651340994
0 0.6545157780195865 0.09482758620689655 0.042437431991294884 0.04597701149425287
0 0.6441784548422198 0.07998084291187739 0.04352557127312296 0.035440613026819924
0 0.6207834602829162 0.07662835249042145 0.029379760609358 0.034482758620689655
0 0.6115342763873776 0.07136015325670499 0.03482045701849837 0.04118773946360153
0 0.6284004352557128 0.11015325670498084 0.11207834602829161 0.05938697318007663
0 0.6376496191512514 0.045019157088122604 0.06528835690968444 0.040229885057471264
0 0.7067464635473341 0.05890804597701149 0.06637649619151251 0.045019157088122604
0 0.7616974972796517 0.10009578544061302 0.07616974972796518 0.07183908045977011
0 0.7959738846572362 0.06800766283524905 0.07072905331882481 0.05747126436781609
0 0.8781284004352558 0.07279693486590039 0.07399347116430903 0.07471264367816093
0 0.9292709466811752 0.06130268199233716 0.06964091403699674 0.05747126436781609
0 0.8443960826985855 0.12643678160919541 0.08269858541893363 0.10153256704980843
0 0.9368879216539717 0.1331417624521073 0.08052230685527748 0.09770114942528736
0 0.21980413492927095 0.26197318007662834 0.07834602829162132 0.07950191570881227
0 0.2970620239390642 0.22030651340996169 0.1044613710554951 0.09770114942528736
0 0.27094668117519044 0.30124521072796934 0.08705114254624592 0.07950191570881227
0 0.13547334058759522 0.2705938697318008 0.07725788900979326 0.12547892720306514
0 0.13873775843307942 0.2653256704980843 0.1381936887921654 0.06513409961685823
0 0.5250272034820457 0.282088122605364 0.20565832426550598 0.11398467432950192
0 0.5326441784548422 0.20402298850574713 0.18171926006528835 0.09386973180076628
0 0.4200217627856366 0.24329501915708812 0.01958650707290533 0.02490421455938697
0 0.4434167573449401 0.2600574712643678 0.03373231773667029 0.05651340996168582
0 0.47986942328618065 0.2672413793103448 0.05223068552774755 0.04789272030651341
0 0.3998911860718172 0.2533524904214559 0.020674646354733407 0.04310344827586207
0 0.3786724700761698 0.2638888888888889 0.023939064200217627 0.06800766283524905
0 0.352557127312296 0.26484674329501917 0.023939064200217627 0.07375478927203065
0 0.3792165397170838 0.27586206896551724 0.08596300326441784 0.03065134099616858
0 0.3955386289445049 0.203544061302682 0.10554951033732318 0.06609195402298851
0 0.6414581066376496 0.25862068965517243 0.051142546245919476 0.11877394636015326
0 0.7078346028291621 0.2600574712643678 0.07072905331882481 0.1331417624521073
0 0.8601741022850925 0.2389846743295019 0.02720348204570185 0.07950191570881227
0 0.8808487486398259 0.23275862068965517 0.02720348204570185 0.07854406130268199
0 0.9102285092491839 0.2361111111111111 0.03808487486398259 0.07950191570881227
0 0.7970620239390642 0.23467432950191572 0.02720348204570185 0.07662835249042145
0 0.941784548422198 0.27011494252873564 0.03808487486398259 0.14367816091954022
0 0.8574537540805223 0.21599616858237547 0.14363438520130578 0.04118773946360153
0 0.8803046789989118 0.2471264367816092 0.1088139281828074 0.034482758620689655
0 0.8541893362350381 0.2725095785440613 0.17845484221980412 0.05842911877394636
0 0.30794341675734493 0.3989463601532567 0.0957562568008705 0.11398467432950192
0 0.2954298150163221 0.46695402298850575 0.09684439608269858 0.08141762452107279
0 0.19042437431991294 0.47988505747126436 0.06528835690968444 0.06704980842911877
0 0.14036996735582155 0.4885057471264368 0.06528835690968444 0.06896551724137931
0 0.13601741022850924 0.4075670498084291 0.08052230685527748 0.09291187739463602
0 0.176278563656148 0.4046934865900383 0.06528835690968444 0.09291187739463602
0 0.1838955386289445 0.45306513409961685 0.2306855277475517 0.07088122605363985
0 0.5261153427638737 0.4248084291187739 0.08161044613710555 0.09674329501915709
0 0.7867247007616975 0.3807471264367816 0.06528835690968444 0.035440613026819924
0 0.8199129488574538 0.40373563218390807 0.07290533188248095 0.06992337164750957
0 0.7905331882480957 0.4200191570881226 0.06637649619151251 0.06226053639846743
0 0.8503808487486398 0.4434865900383142 0.088139281828074 0.06321839080459771
0 0.8667029379760609 0.39272030651340994 0.10337323177366703 0.08620689655172414
0 0.8563656147986942 0.3505747126436782 0.08705114254624592 0.07662835249042145
0 0.14798694232861806 0.6240421455938697 0.14363438520130578 0.023946360153256706
0 0.14689880304678998 0.6101532567049809 0.13710554951033732 0.0210727969348659
0 0.14635473340587596 0.5957854406130269 0.13601741022850924 0.017241379310344827
0 0.1458106637649619 0.5838122605363985 0.12840043525571274 0.016283524904214558
0 0.14689880304678998 0.5704022988505747 0.11969532100108814 0.022030651340996167
0 0.1501632208922742 0.5670498084291188 0.06528835690968444 0.06321839080459771
0 0.14363438520130578 0.6283524904214559 0.117519042437432 0.10153256704980843
0 0.08922742110990206 0.6297892720306514 0.08922742110990206 0.1024904214559387
0 0.09303590859630033 0.5483716475095786 0.0794341675734494 0.07183908045977011
0 0.37595212187159954 0.6029693486590039 0.1425462459194777 0.027777777777777776
0 0.3852013057671382 0.5814176245210728 0.11099020674646355 0.028735632183908046
0 0.38411316648531013 0.571360153256705 0.11969532100108814 0.031609195402298854
0 0.2725788900979325 0.6091954022988506 0.02720348204570185 0.019157088122605363
0 0.2867247007616975 0.5349616858237548 0.06855277475516866 0.06800766283524905
0 0.3792165397170838 0.5368773946360154 0.12731229597388466 0.0603448275862069
0 0.2616974972796518 0.5991379310344828 0.03373231773667029 0.07758620689655173
0 0.2981501632208923 0.5981800766283525 0.03482045701849837 0.06992337164750957
0 0.47932535364526657 0.5675287356321839 0.0750816104461371 0.12547892720306514
0 0.6621327529923831 0.5579501915708812 0.07072905331882481 0.08141762452107279
0 0.5854189336235038 0.6010536398467433 0.14798694232861806 0.03735632183908046
0 0.5380848748639826 0.5818965517241379 0.04896626768226333 0.014367816091954023
0 0.5380848748639826 0.5718390804597702 0.042437431991294884 0.01532567049808429
0 0.5391730141458106 0.5574712643678161 0.03808487486398259 0.0210727969348659
0 0.5957562568008705 0.5119731800766284 0.16430903155603918 0.07375478927203065
0 0.6273122959738846 0.5670498084291188 0.1294885745375408 0.04789272030651341
0 0.7132752992383025 0.5522030651340997 0.07072905331882481 0.11590038314176246
0 0.8057671381936888 0.5397509578544061 0.1425462459194777 0.045019157088122604
0 0.8063112078346029 0.5751915708812261 0.13492927094668117 0.035440613026819924
0 0.8014145810663765 0.532088122605364 0.05984766050054407 0.08141762452107279
0 0.897170837867247 0.5033524904214559 0.051142546245919476 0.06800766283524905
0 0.8862894450489662 0.5852490421455939 0.04461371055495103 0.1053639846743295
0 0.9303590859630033 0.5431034482758621 0.026115342763873776 0.07854406130268199
0 0.941240478781284 0.5383141762452107 0.03264417845484222 0.06896551724137931
0 0.9532100108813928 0.5359195402298851 0.028291621327529923 0.07183908045977011
0 0.9749727965179543 0.5924329501915708 0.041349292709466814 0.04310344827586207
0 0.970076169749728 0.4789272030651341 0.029379760609358 0.038314176245210725
0 0.9390642002176278 0.4952107279693487 0.03917301414581066 0.02681992337164751
0 0.9782372143634385 0.5627394636015326 0.03482045701849837 0.016283524904214558
0 0.9787812840043526 0.5450191570881227 0.02720348204570185 0.013409961685823755
0 0.9771490750816104 0.5301724137931034 0.030467899891186073 0.014367816091954023
0 0.9749727965179543 0.51772030651341 0.030467899891186073 0.01053639846743295
0 0.9760609357997824 0.5047892720306514 0.030467899891186073 0.017241379310344827
0 0.3373231773667029 0.6743295019157088 0.03482045701849837 0.044061302681992334
0 0.35038084874863984 0.7394636015325671 0.08705114254624592 0.06896551724137931
0 0.36126224156692055 0.6403256704980843 0.08487486398258977 0.07758620689655173
0 0.44613710554951036 0.6968390804597702 0.22850924918389554 0.05076628352490421
0 0.4439608269858542 0.6479885057471264 0.08269858541893363 0.06609195402298851
0 0.46517954298150166 0.7452107279693486 0.16213275299238303 0.04980842911877394
0 0.5021762785636561 0.6719348659003831 0.062023939064200215 0.11590038314176246
0 0.5870511425462459 0.6839080459770115 0.0794341675734494 0.1206896551724138
0 0.7747551686615887 0.6187739463601533 0.08052230685527748 0.08812260536398467
0 0.7709466811751904 0.6982758620689655 0.0750816104461371 0.08812260536398467
0 0.7132752992383025 0.6633141762452107 0.06855277475516866 0.08524904214559387
0 0.6822633297062024 0.6906130268199234 0.05223068552774755 0.011494252873563218
0 0.6692056583242655 0.678639846743295 0.030467899891186073 0.012452107279693486
0 0.6692056583242655 0.6623563218390804 0.023939064200217627 0.016283524904214558
0 0.6708378672470077 0.649904214559387 0.022850924918389554 0.012452107279693486
0 0.6735582154515778 0.6379310344827587 0.023939064200217627 0.017241379310344827
0 0.7007616974972797 0.6096743295019157 0.07616974972796518 0.04693486590038314
0 0.690968443960827 0.7073754789272031 0.1044613710554951 0.0603448275862069
0 0.15941240478781285 0.8769157088122606 0.17301414581066377 0.031609195402298854
0 0.18498367791077258 0.8472222222222222 0.1305767138193689 0.02586206896551724
0 0.14145810663764963 0.8247126436781609 0.041349292709466814 0.032567049808429116
0 0.1044613710554951 0.8295019157088123 0.05005440696409141 0.06513409961685823
0 0.2780195865070729 0.8467432950191571 0.07072905331882481 0.11302681992337164
0 0.43416757344940154 0.8242337164750958 0.058759521218716 0.10057471264367816
0 0.5201305767138193 0.8256704980842912 0.16539717083786726 0.05555555555555555
0 0.7029379760609358 0.8189655172413793 0.058759521218716 0.10919540229885058
0 0.7704026115342764 0.810823754789272 0.1501632208922742 0.045019157088122604
