0 0.8286674132138858 0.08642578125 0.11646136618141098 0.1357421875
0 0.5615901455767077 0.07763671875 0.16461366181410975 0.1259765625
0 0.7110862262038073 0.0859375 0.1343784994400896 0.134765625
0 0.14165733482642778 0.22021484375 0.21836506159014557 0.1240234375
0 0.14781634938409854 0.08837890625 0.21724524076147816 0.1435546875
0 0.36898096304591266 0.078125 0.2206047032474804 0.1328125
0 0.4641657334826428 0.34521484375 0.29227323628219487 0.1181640625
0 0.6892497200447928 0.34423828125 0.15789473684210525 0.1279296875
0 0.7732362821948489 0.5693359375 0.1601343784994401 0.09765625
0 0.1707726763717805 0.59716796875 0.2541993281075028 0.1005859375
0 0.4076147816349384 0.583984375 0.21948488241881298 0.107421875
0 0.17189249720044794 0.87255859375 0.22284434490481522 0.0986328125
0 0.40425531914893614 0.85498046875 0.21948488241881298 0.1025390625
0 0.8650615901455767 0.32373046875 0.15789473684210525 0.0791015625
0 0.16349384098544234 0.36328125 0.2732362821948488 0.130859375
0 0.11422172452407615 0.486328125 0.1702127659574468 0.119140625
0 0.3449048152295633 0.46875 0.16573348264277715 0.12109375
0 0.5414333706606943 0.46923828125 0.1422172452407615 0.1259765625
0 0.9193729003359462 0.4521484375 0.14109742441209405 0.123046875
0 0.6035834266517357 0.57470703125 0.18365061590145576 0.1083984375
0 0.34210526315789475 0.22265625 0.17581187010078386 0.13671875
0 0.4932810750279955 0.2138671875 0.12206047032474804 0.1328125
0 0.6595744680851063 0.20654296875 0.2127659574468085 0.1279296875
0 0.8919372900335947 0.56689453125 0.0929451287793953 0.1005859375
0 0.7810750279955208 0.85302734375 0.2945128779395297 0.0966796875
0 0.1769316909294513 0.94775390625 0.23292273236282196 0.0693359375
0 0.40929451287793955 0.9375 0.24300111982082867 0.08203125
0 0.6220604703247481 0.9345703125 0.1780515117581187 0.07421875
0 0.8443449048152296 0.93603515625 0.23068309070548712 0.0927734375
0 0.6192609182530795 0.767578125 0.21948488241881298 0.095703125
0 0.8353863381858903 0.76416015625 0.21724524076147816 0.1025390625
0 0.1769316909294513 0.783203125 0.25755879059350506 0.1015625
0 0.17357222844344905 0.68505859375 0.2687569988801792 0.0908203125
0 0.480963045912654 0.6806640625 0.393057110862262 0.09375
0 0.7262038073908175 0.671875 0.10862262038073908 0.095703125
0 0.8594624860022396 0.2138671875 0.17357222844344905 0.1328125
