0 0.17128027681660898 0.1858108108108108 0.18339100346020762 0.13513513513513514
0 0.7658592848904268 0.18074324324324326 0.17301038062283736 0.22184684684684686
0 0.43194925028835063 0.16722972972972974 0.25259515570934254 0.21734234234234234
0 0.1251441753171857 0.3783783783783784 0.16032295271049596 0.18468468468468469
0 0.4013840830449827 0.37105855855855857 0.3760092272202999 0.1677927927927928
0 0.43252595155709345 0.6801801801801802 0.28835063437139563 0.15315315315315314
0 0.16897347174163782 0.6739864864864865 0.23183391003460208 0.16554054054054054
0 0.1395617070357555 0.8361486486486487 0.16839677047289503 0.1677927927927928
0 0.3408304498269896 0.857545045045045 0.1695501730103806 0.18355855855855857
0 0.7364475201845444 0.8496621621621622 0.4855824682814302 0.17905405405405406
0 0.6770472895040369 0.41216216216216217 0.18915801614763553 0.17342342342342343
0 0.5080738177623991 0.5399774774774775 0.22260668973471742 0.14977477477477477
0 0.8760092272202998 0.40202702702702703 0.22260668973471742 0.19144144144144143
0 0.8137254901960784 0.5523648648648649 0.3633217993079585 0.13626126126126126
0 0.7185697808535179 0.6903153153153153 0.29988465974625145 0.16216216216216217
0 0.9302191464821222 0.6796171171171171 0.14186851211072665 0.15653153153153154
