0 0.19031903190319033 0.23519913885898816 0.13641364136413642 0.15177610333692143
0 0.422992299229923 0.21689989235737353 0.24532453245324531 0.1797631862217438
0 0.658965896589659 0.21205597416576966 0.22442244224422442 0.232508073196986
0 0.429042904290429 0.6969860064585576 0.22882288228822883 0.17761033369214208
0 0.11441144114411442 0.7255113024757804 0.1562156215621562 0.1442411194833154
0 0.8657865786578658 0.2093649085037675 0.17601760176017603 0.20344456404736275
0 0.15951595159515952 0.5855758880516685 0.2508250825082508 0.17868675995694294
0 0.12871287128712872 0.8493003229278795 0.16721672167216722 0.12701829924650163
0 0.10726072607260725 0.40043057050592035 0.17491749174917492 0.2023681377825619
0 0.3047304730473047 0.418729817007535 0.27722772277227725 0.20021528525296017
0 0.5462046204620462 0.36329386437029065 0.12871287128712872 0.10441334768568353
0 0.6446644664466447 0.41819160387513454 0.39603960396039606 0.18622174381054898
0 0.3487348734873487 0.8735199138858988 0.2662266226622662 0.16469321851453175
0 0.605060506050605 0.8611410118406889 0.27502750275027504 0.18945102260495156
