0 0.4695876288659794 0.059694364851957976 0.2381443298969072 0.1174785100286533
0 0.7608247422680412 0.08213944603629417 0.16907216494845362 0.1279847182425979
0 0.21649484536082475 0.07306590257879657 0.26804123711340205 0.12893982808022922
0 0.11237113402061856 0.2191977077363897 0.15670103092783505 0.17096466093600765
0 0.2860824742268041 0.20678127984718242 0.20309278350515464 0.1518624641833811
0 0.4948453608247423 0.2029608404966571 0.1958762886597938 0.14422158548233047
0 0.1943298969072165 0.7325692454632283 0.22371134020618558 0.15854823304680038
0 0.4520618556701031 0.7220630372492837 0.22164948453608246 0.17574021012416427
0 0.7896907216494845 0.21680993314231137 0.4061855670103093 0.17956064947468958
0 0.6876288659793814 0.7158548233046801 0.19381443298969073 0.17096466093600765
0 0.8335051546391753 0.7196752626552053 0.12061855670103093 0.13276026743075453
0 0.25412371134020617 0.8801337153772684 0.37628865979381443 0.13276026743075453
0 0.5469072164948454 0.8820439350525311 0.17010309278350516 0.1518624641833811
0 0.7438144329896907 0.8610315186246418 0.22164948453608246 0.13276026743075453
0 0.8948453608247423 0.8433619866284623 0.10309278350515463 0.14326647564469913
