0 0.14528508771929824 0.07688391038696538 0.16337719298245615 0.1415478615071283
0 0.38048245614035087 0.06466395112016293 0.23026315789473684 0.12729124236252545
0 0.7247807017543859 0.07382892057026477 0.28728070175438597 0.12118126272912423
0 0.17927631578947367 0.7123217922606925 0.24013157894736842 0.15376782077393075
0 0.42872807017543857 0.7184317718940937 0.2149122807017544 0.1415478615071283
0 0.7664473684210527 0.8564154786150713 0.11842105263157894 0.13034623217922606
0 0.8985745614035088 0.845213849287169 0.15679824561403508 0.14052953156822812
0 0.12335526315789473 0.23421588594704684 0.11732456140350878 0.15885947046843177
0 0.2532894736842105 0.23370672097759673 0.07236842105263158 0.1415478615071283
0 0.35471491228070173 0.23014256619144602 0.11074561403508772 0.15885947046843177
0 0.4862938596491228 0.2255600814663951 0.0712719298245614 0.15173116089613034
0 0.6222587719298246 0.22708757637474541 0.12609649122807018 0.13441955193482688
0 0.8432017543859649 0.20773930753564154 0.2894736842105263 0.13441955193482688
0 0.6293859649122807 0.734725050916497 0.19298245614035087 0.1395112016293279
0 0.850328947368421 0.710285132382892 0.27521929824561403 0.16395112016293278
0 0.24451754385964913 0.8609979633401222 0.24342105263157895 0.12932790224032586
0 0.5361842105263158 0.8630346232179226 0.3508771929824561 0.12729124236252545
0 0.8908991228070176 0.29786150712830956 0.14144736842105263 0.10285132382892057
0 0.8492324561403509 0.42464358452138495 0.10635964912280702 0.12627291242362526
0 0.9506578947368421 0.42973523421588594 0.10087719298245613 0.11608961303462322
0 0.7160087719298246 0.4195519348268839 0.1425438596491228 0.1670061099796334
0 0.4857456140350877 0.40122199592668023 0.31798245614035087 0.17515274949083504
0 0.19024122807017543 0.395112016293279 0.27960526315789475 0.20162932790224034
