0 0.18295589988081049 0.1492942453854506 0.21096543504171633 0.13789359391965256
0 0.5738974970202623 0.15146579804560262 0.1537544696066746 0.15743756786102062
0 0.8271752085816448 0.13952225841476656 0.14779499404052443 0.15743756786102062
0 0.39272943980929675 0.1482084690553746 0.21811680572109654 0.15526601520086863
0 0.702622169249106 0.14277958740499458 0.10369487485101311 0.16612377850162866
0 0.1632896305125149 0.3127035830618892 0.21454112038140644 0.16069489685124863
0 0.3873659117997616 0.30401737242128124 0.23122765196662692 0.1563517915309446
0 0.5750893921334923 0.2899022801302932 0.1466030989272944 0.11292073832790445
0 0.7383790226460072 0.2991313789359392 0.13230035756853398 0.1444082519001086
0 0.6513706793802145 0.5738327904451683 0.1799761620977354 0.1487513572204126
0 0.863528009535161 0.5542888165038002 0.14898688915375446 0.13137893593919653
0 0.20798569725864124 0.4538545059717698 0.33730631704410013 0.1563517915309446
0 0.4898688915375447 0.44408251900108575 0.23837902264600716 0.1476655808903366
0 0.2938021454112038 0.5890336590662324 0.5470798569725864 0.16829533116178066
0 0.6793802145411204 0.42833876221498374 0.15494636471990464 0.15526601520086863
0 0.8247914183551848 0.43322475570032576 0.14779499404052443 0.1498371335504886
0 0.8605482717520858 0.6894679695982627 0.23837902264600716 0.14115092290988057
0 0.6138259833134684 0.7106406080347448 0.2431466030989273 0.14223669923995658
0 0.833134684147795 0.2899022801302932 0.066746126340882 0.14332247557003258
0 0.9499404052443385 0.41313789359391967 0.09773539928486293 0.1487513572204126
0 0.8671036948748511 0.8273615635179153 0.12276519666269368 0.11726384364820847
0 0.6799761620977354 0.8175895765472313 0.08462455303933254 0.06297502714440825
0 0.7115613825983313 0.8458197611292074 0.20738974970202623 0.15200868621064062
0 0.3867699642431466 0.7236699239956569 0.17520858164481526 0.11400651465798045
0 0.9249106078665077 0.27958740499457113 0.10965435041716329 0.1248642779587405
0 0.9541120381406436 0.1254071661237785 0.060786650774731825 0.1248642779587405
0 0.45172824791418353 0.8523344191096635 0.33134684147794996 0.13246471226927253
0 0.9421930870083433 0.8262757871878393 0.060786650774731825 0.1259500542888165
