0 0.1764004767580453 0.751357220412595 0.2908224076281287 0.10423452768729642
0 0.8641239570917759 0.3740499457111835 0.16448152562574495 0.07926167209554831
0 0.6245530393325387 0.40662323561346364 0.16686531585220502 0.13137893593919653
0 0.4129916567342074 0.40716612377850164 0.2634088200238379 0.13680781758957655
0 0.1436233611442193 0.6579804560260586 0.22288438617401668 0.11292073832790445
0 0.33730631704410013 0.6487513572204126 0.1764004767580453 0.11183496199782844
0 0.5041716328963052 0.2681867535287731 0.1501787842669845 0.1281216069489685
0 0.6632896305125149 0.26330076004343106 0.1728247914183552 0.1248642779587405
0 0.798569725864124 0.05537459283387622 0.20738974970202623 0.10857763300760044
0 0.8069129916567342 0.1492942453854506 0.20738974970202623 0.11400651465798045
0 0.6585220500595947 0.1460369163952226 0.09415971394517282 0.11400651465798045
0 0.4439809296781883 0.15092290988056462 0.3539928486293206 0.1237785016286645
0 0.14421930870083433 0.16938110749185667 0.2550655542312277 0.13680781758957655
0 0.5256257449344458 0.744299674267101 0.4052443384982122 0.12052117263843648
0 0.7848629320619785 0.741585233441911 0.12514898688915377 0.11943539630836048
0 0.4934445768772348 0.6389793702497285 0.13587604290822408 0.10314875135722042
0 0.6293206197854588 0.6335504885993485 0.13825983313468415 0.10314875135722042
0 0.7580452920143027 0.6281216069489685 0.11203814064362336 0.10532030401737243
0 0.6543504171632897 0.5190010857763301 0.14064362336114422 0.11509229098805646
0 0.8724672228843862 0.505971769815418 0.13587604290822408 0.1259500542888165
0 0.11501787842669844 0.5390879478827362 0.17044100119189512 0.1270358306188925
0 0.4511323003575685 0.5152008686210641 0.19189511323003575 0.13137893593919653
0 0.1471990464839094 0.40662323561346364 0.265792610250298 0.13137893593919653
0 0.8718712753277712 0.6058631921824105 0.07985697258641239 0.05863192182410423
0 0.9040524433849821 0.6194353963083605 0.18951132300357568 0.11834961997828447
0 0.15852205005959474 0.8507057546145494 0.23122765196662692 0.09663409337676439
0 0.34803337306317045 0.8512486427795874 0.15971394517282478 0.10640608034744843
0 0.5137067938021455 0.8517915309446255 0.18831942789034564 0.09446254071661238
0 0.7044100119189511 0.8507057546145494 0.2026221692491061 0.10532030401737243
0 0.8748510131108462 0.8523344191096635 0.14541120381406436 0.10857763300760044
0 0.5274135876042908 0.9364820846905537 0.15137067938021453 0.07709011943539631
0 0.34743742550655543 0.9381107491856677 0.21573301549463647 0.0781758957654723
0 0.7407628128724673 0.9424538545059717 0.27771156138259834 0.07166123778501629
0 0.14421930870083433 0.9332247557003257 0.20738974970202623 0.07709011943539631
0 0.20083432657926104 0.2714440825190011 0.2729439809296782 0.13029315960912052
0 0.8569725864123957 0.26438653637350706 0.23122765196662692 0.1444082519001086
