0 0.14938737040527805 0.10898502495840266 0.15928369462770972 0.14143094841930118
0 0.11875589066918002 0.6301996672212978 0.1281809613572102 0.10732113144758736
0 0.11969839773798303 0.5029118136439268 0.14326107445805844 0.0973377703826955
0 0.8600377002827522 0.4875207986688852 0.14797360980207352 0.13976705490848584
0 0.6729500471253534 0.4891846921797005 0.14326107445805844 0.13976705490848584
0 0.10461828463713478 0.877287853577371 0.11310084825636192 0.12229617304492513
0 0.6875589066918002 0.08985024958402663 0.1234684260131951 0.13810316139767054
0 0.10367577756833177 0.39267886855241263 0.11498586239396795 0.12146422628951747
0 0.22667295004712534 0.38643926788685523 0.1347785108388313 0.11564059900166389
0 0.27332704995287466 0.8806156405990017 0.21489161168708765 0.15224625623960067
0 0.12252591894439209 0.7591514143094842 0.1583411875589067 0.10898502495840266
0 0.2285579641847314 0.7616472545757071 0.07257304429783223 0.08402662229617304
0 0.3765315739868049 0.7687188019966722 0.15739868049010367 0.09317803660565724
0 0.7681432610744581 0.8714642262895175 0.16211121583411875 0.11896838602329451
0 0.6654099905749293 0.3531613976705491 0.2846371347785108 0.12063227953410982
0 0.8963242224316682 0.3531613976705491 0.17153628652214892 0.12396006655574043
0 0.3491988689915174 0.2271214642262895 0.176248821866164 0.08319467554076539
0 0.5207351555136663 0.7732945091514143 0.11027332704995288 0.10066555740432612
0 0.6899151743638078 0.7608153078202995 0.17530631479736097 0.10898502495840266
0 0.8539114043355325 0.7637271214642263 0.13006597549481622 0.09983361064891846
0 0.4255419415645617 0.872712146422629 0.08576814326107446 0.11148086522462562
0 0.4043355325164939 0.3502495840266223 0.22054665409990576 0.10149750415973377
0 0.4938737040527804 0.2271214642262895 0.10744580584354382 0.10316139767054909
0 0.14514608859566447 0.2391846921797005 0.21300659754948162 0.10732113144758736
0 0.2511781338360038 0.502495840266223 0.10461828463713478 0.11480865224625623
0 0.2172478793590952 0.6247920133111481 0.06691800188501414 0.10149750415973377
0 0.37134778510838834 0.6123128119800333 0.20735155513666353 0.10149750415973377
0 0.5607917059377945 0.627287853577371 0.13383600377002827 0.1281198003327787
0 0.7836946277097078 0.6285357737104825 0.30254476908576816 0.12728785357737105
0 0.4029217719132894 0.49126455906821964 0.1988689915174364 0.09900166389351081
0 0.8864278982092366 0.21672212978369385 0.15174363807728558 0.12396006655574043
0 0.6786050895381716 0.2221297836938436 0.26767200754005654 0.14143094841930118
0 0.8435438265786993 0.08652246256239601 0.2224316682375118 0.14309484193011648
0 0.3180961357210179 0.10232945091514144 0.176248821866164 0.1048252911813644
0 0.967483506126296 0.6135607321131448 0.06880301602262016 0.12728785357737105
