0 0.31849912739965097 0.09888965995836224 0.08900523560209424 0.06870229007633588
0 0.07635253054101222 0.10791117279666898 0.1143106457242583 0.09090909090909091
0 0.8660558464223386 0.09680777238029147 0.10732984293193717 0.0784177654406662
0 0.051047120418848166 0.20402498265093685 0.07068062827225131 0.09021512838306732
0 0.04668411867364747 0.4455239417071478 0.07242582897033159 0.09437890353920889
0 0.5654450261780105 0.3285912560721721 0.13089005235602094 0.09646079111727966
0 0.4162303664921466 0.18216516308119363 0.07329842931937172 0.10617626648161
0 0.07940663176265271 0.0388619014573213 0.1099476439790576 0.0527411519777932
0 0.7054973821989529 0.34038861901457323 0.09511343804537521 0.10895211658570438
0 0.08202443280977312 0.34524635669673837 0.15532286212914484 0.09923664122137404
0 0.2617801047120419 0.02914642609299098 0.17277486910994763 0.05135322692574601
0 0.5732984293193717 0.030881332408049966 0.1431064572425829 0.054823039555863984
0 0.81282722513089 0.03157529493407356 0.17888307155322863 0.05898681471200555
0 0.1387434554973822 0.1974323386537127 0.12390924956369982 0.10340041637751561
0 0.287521815008726 0.18112421929215822 0.1823734729493892 0.09437890353920889
0 0.8926701570680629 0.24149895905621097 0.06457242582897033 0.0791117279666898
0 0.743455497382199 0.24080499653018736 0.2425828970331588 0.08743927827897294
0 0.93760907504363 0.17036780013879252 0.10034904013961606 0.0784177654406662
0 0.5654450261780105 0.18667591950034698 0.2181500872600349 0.08605135322692574
0 0.7757417102966842 0.1696738376127689 0.2164048865619546 0.07147814018043026
0 0.2430191972076789 0.33726578764746706 0.16841186736474695 0.11519777931991672
0 0.38132635253054104 0.3431644691186676 0.13612565445026178 0.10062456627342123
0 0.7774869109947644 0.3393476752255378 0.06282722513089005 0.09437890353920889
0 0.9057591623036649 0.32130464954892435 0.12216404886561955 0.0916030534351145
0 0.8734729493891797 0.4961832061068702 0.14136125654450263 0.06384455239417071
0 0.4860383944153578 0.6172796668979875 0.16055846422338568 0.08258154059680778
0 0.8743455497382199 0.5933379597501734 0.15532286212914484 0.1040943789035392
0 0.24040139616055847 0.6325468424705066 0.22600349040139617 0.11172796668979876
0 0.06893542757417102 0.6384455239417072 0.12041884816753927 0.10687022900763359
0 0.11169284467713787 0.5378209576682859 0.21291448516579406 0.09437890353920889
0 0.3451134380453752 0.529146426092991 0.22600349040139617 0.0922970159611381
0 0.5161431064572426 0.5235947258848023 0.10907504363001745 0.0922970159611381
0 0.13656195462478185 0.4444829979181124 0.12652705061082026 0.09784871616932686
0 0.10514834205933682 0.721027064538515 0.1719022687609075 0.0652324774462179
0 0.2670157068062827 0.7199861207494795 0.16230366492146597 0.06037473976405274
0 0.41404886561954624 0.7144344205412908 0.12827225130890052 0.06870229007633588
0 0.5397033158813264 0.7175572519083969 0.13350785340314136 0.0777238029146426
0 0.6470331588132635 0.7095766828591256 0.10732984293193717 0.07564191533657183
0 0.7587260034904014 0.6839000693962526 0.07417102966841187 0.06453851492019431
0 0.6273996509598604 0.7914642609299097 0.10296684118673648 0.08813324080499653
0 0.7386561954624782 0.792852185981957 0.1300174520069808 0.08535739070090215
0 0.8664921465968587 0.78764746703678 0.15532286212914484 0.08882720333102012
0 0.6038394415357766 0.8736988202637057 0.15357766143106458 0.08327550312283137
0 0.4341186736474695 0.8723108952116586 0.1893542757417103 0.0777238029146426
0 0.768760907504363 0.9337265787647467 0.15881326352530542 0.07286606523247745
0 0.8883071553228621 0.8553088133240805 0.14485165794066318 0.08396946564885496
