0 0.05227049983665469 0.04998626750892612 0.0914733747141457 0.04998626750892612
0 0.05308722639660242 0.10436693216149409 0.099640640313623 0.057127162867344136
0 0.053577262332571055 0.15874759681406206 0.10584776216922574 0.05767646251029937
0 0.05406729826853969 0.21161768744850315 0.10682783404116301 0.05190881625926943
0 0.05651747794838288 0.2620159296896457 0.10911466840901667 0.05273276572370228
0 0.05602744201241425 0.3184564680032958 0.10813459653707938 0.05575391375995606
0 0.059947729500163346 0.3802526778357594 0.10682783404116301 0.06179620983246361
0 0.06076445606011108 0.4489151332051634 0.10192747468147664 0.05795111233177699
0 0.06060111074812153 0.5056303213402912 0.099640640313623 0.05383136500961275
0 0.06729826853969291 0.5670145564405383 0.10323423717739301 0.06069761054655314
0 0.07317869977131657 0.6478989288656962 0.10062071218556028 0.06701455644053832
0 0.07905913100294022 0.7217797308431749 0.1078079059131003 0.07085965394122494
0 0.16481541979745182 0.7223290304861302 0.06239790918000653 0.045042570722329034
0 0.27360339758248936 0.7077725899478166 0.08722639660241752 0.056028563581433675
0 0.2901012740934335 0.5687997802801428 0.06599150604377654 0.05273276572370228
0 0.27785037569421756 0.6399340840428454 0.1035609278013721 0.06701455644053832
0 0.26069911793531525 0.3795660532820654 0.09474028095393662 0.06097226036803076
0 0.2654361319830121 0.44232353748970066 0.09506697157791572 0.05685251304586652
0 0.2672329304148971 0.5008239494644329 0.0914733747141457 0.05795111233177699
0 0.15191114015027768 0.3238121395221093 0.04246978111728193 0.04778906893710519
0 0.2185560274420124 0.31914309255698986 0.09212675596210389 0.04559187036528426
0 0.28242404442992486 0.32092831639659436 0.035609278013721005 0.05355671518813513
0 0.266906239790918 0.157374347706674 0.0914733747141457 0.056028563581433675
0 0.26821300228683437 0.21271628673441362 0.08232603724273113 0.05190881625926943
0 0.26527278667102255 0.2665476517440264 0.08820646847435479 0.0497116176874485
0 0.15632146357399543 0.051771491348530624 0.0597843841881738 0.04861301840153804
0 0.275890231950343 0.056028563581433675 0.0558640967004247 0.04559187036528426
0 0.15060437765436133 0.10711343037627026 0.06337798105194381 0.045042570722329034
0 0.27981051943809215 0.10601483109035979 0.04671675922901013 0.045042570722329034
