0 0.109478672985782 0.053103782735208535 0.11658767772511848 0.06644034917555772
0 0.8018957345971564 0.048011639185257034 0.15734597156398103 0.049466537342386034
0 0.6862559241706161 0.04485935984481086 0.1080568720379147 0.0518913676042677
0 0.2071090047393365 0.1694956353055286 0.11469194312796209 0.06935014548981572
0 0.30947867298578197 0.16682832201745879 0.06729857819905213 0.0533462657613967
0 0.5971563981042654 0.16682832201745879 0.3033175355450237 0.0504364694471387
0 0.9341232227488152 0.15543161978661493 0.12227488151658768 0.04995150339476237
0 0.2563981042654028 0.24078564500484967 0.09194312796208531 0.06256062075654704
0 0.2976303317535545 0.3128031037827352 0.0985781990521327 0.058195926285160036
0 0.15497630331753554 0.3115906886517944 0.16208530805687205 0.06256062075654704
0 0.3407582938388626 0.48132880698351116 0.10710900473933649 0.05577109602327837
0 0.22559241706161137 0.47987390882638215 0.0985781990521327 0.05965082444228904
0 0.0985781990521327 0.6677982541222115 0.12701421800947868 0.06013579049466537
0 0.5052132701421801 0.4146459747817653 0.0947867298578199 0.052376333656644035
0 0.2734597156398104 0.0460717749757517 0.16018957345971563 0.07662463627546072
0 0.5146919431279621 0.24151309408341415 0.13649289099526066 0.06304558680892337
0 0.5042654028436019 0.30674102812803106 0.15165876777251186 0.06256062075654704
0 0.6729857819905213 0.2376333656644035 0.13838862559241707 0.07080504364694472
0 0.6644549763033175 0.3048011639185257 0.15545023696682464 0.056741028128031036
0 0.819431279620853 0.29728419010669255 0.15829383886255924 0.06013579049466537
0 0.11848341232227488 0.23811833171677982 0.13270142180094788 0.06498545101842872
0 0.1018957345971564 0.1716779825412221 0.11469194312796209 0.06401551891367604
0 0.5014218009478673 0.039282250242483024 0.2672985781990521 0.06789524733268672
0 0.11374407582938388 0.6052376333656644 0.13459715639810427 0.06304558680892337
0 0.12606635071090047 0.481086323957323 0.12132701421800948 0.06595538312318137
0 0.46303317535545024 0.3627546071774976 0.25687203791469193 0.052376333656644035
0 0.6791469194312796 0.36129970902036856 0.17725118483412322 0.05722599418040737
0 0.5454976303317536 0.46993210475266733 0.18862559241706162 0.06207565470417071
0 0.7654028436018957 0.45950533462657617 0.24928909952606634 0.05868089233753637
0 0.48104265402843605 0.664161008729389 0.0881516587677725 0.053831231813773035
0 0.5772511848341232 0.6631910766246363 0.08720379146919431 0.05771096023278371
0 0.10995260663507109 0.36517943743937925 0.1061611374407583 0.04558680892337536
0 0.27109004739336495 0.5977206595538312 0.1819905213270142 0.07032007759456838
0 0.24928909952606634 0.3649369544131911 0.18009478672985782 0.04995150339476237
0 0.7118483412322275 0.656886517943744 0.13080568720379146 0.056741028128031036
0 0.8924170616113745 0.6457322987390882 0.14312796208530806 0.07225994180407372
0 0.5696682464454976 0.8603297769156159 0.1933649289099526 0.06498545101842872
0 0.761611374407583 0.8496605237633366 0.21706161137440758 0.06886517943743937
0 0.9293838862559242 0.8433559650824443 0.12417061611374408 0.06595538312318137
0 0.571563981042654 0.1016003879728419 0.22559241706161137 0.07710960232783705
0 0.7559241706161137 0.1023278370514064 0.14691943127962084 0.06983511154219205
0 0.809478672985782 0.16052376333656643 0.12132701421800948 0.05916585838991271
0 0.8322274881516588 0.23132880698351116 0.1895734597156398 0.07274490785645005
0 0.4995260663507109 0.5368574199806013 0.11753554502369669 0.07080504364694472
0 0.6222748815165877 0.5300678952473327 0.10900473933649289 0.06983511154219205
0 0.7753554502369668 0.5208535402521823 0.15734597156398103 0.06692531522793405
0 0.11090047393364928 0.4209505334626576 0.13270142180094788 0.05916585838991271
0 0.24881516587677724 0.4209505334626576 0.13933649289099526 0.061105722599418044
0 0.4725118483412322 0.5996605237633366 0.218957345971564 0.06935014548981572
0 0.714218009478673 0.5940834141610087 0.24549763033175356 0.07565470417070805
0 0.9151658767772511 0.5744422890397672 0.17535545023696683 0.06644034917555772
0 0.9308056872037914 0.773278370514064 0.11184834123222749 0.07322987390882638
0 0.7696682464454976 0.7740058195926285 0.15165876777251186 0.06304558680892337
0 0.5933649289099526 0.7868574199806013 0.1819905213270142 0.06547041707080505
0 0.4431279620853081 0.7873423860329777 0.13744075829383887 0.06159068865179437
0 0.7260663507109004 0.9085838991270611 0.13838862559241707 0.0489815712900097
0 0.8938388625592417 0.9049466537342385 0.12701421800947868 0.05625606207565471
0 0.6786729857819905 0.9599903006789525 0.1080568720379147 0.04995150339476237
0 0.8516587677725118 0.9633850630455868 0.17156398104265402 0.0548011639185257
0 0.7663507109004739 0.712172647914646 0.11848341232227488 0.06450048496605237
0 0.9028436018957346 0.7073229873908826 0.15071090047393365 0.06644034917555772
0 0.6289099526066351 0.4202230843840931 0.052132701421800945 0.03831231813773036
0 0.6061611374407583 0.41028128031037825 0.0976303317535545 0.05140640155189137
0 0.7672985781990521 0.40543161978661496 0.12606635071090047 0.052376333656644035
0 0.9213270142180094 0.3957322987390883 0.14786729857819905 0.06207565470417071
0 0.8919431279620853 0.09917555771096023 0.14218009478672985 0.0635305528612997
0 0.9222748815165877 0.51454898157129 0.15165876777251186 0.06013579049466537
0 0.26018957345971566 0.6566440349175557 0.15450236966824646 0.06595538312318137
0 0.25781990521327014 0.7259941804073715 0.14597156398104266 0.06498545101842872
0 0.5620853080568721 0.7233268671193016 0.2862559241706161 0.06644034917555772
0 0.11137440758293839 0.7298739088263821 0.0995260663507109 0.06013579049466537
0 0.9507109004739337 0.2929194956353055 0.0909952606635071 0.06207565470417071
0 0.9654028436018958 0.22478176527643065 0.07298578199052133 0.07904946653734239
