0 0.32226322263222634 0.08693181818181818 0.23862238622386223 0.1534090909090909
0 0.7927429274292743 0.17670454545454545 0.1931119311193112 0.17613636363636365
0 0.12546125461254612 0.4198863636363636 0.17712177121771217 0.18977272727272726
0 0.4218942189421894 0.42272727272727273 0.43788437884378845 0.16363636363636364
0 0.3972939729397294 0.6681818181818182 0.3247232472324723 0.14772727272727273
0 0.13407134071340712 0.7926136363636364 0.14022140221402213 0.1375
0 0.7047970479704797 0.44431818181818183 0.14514145141451415 0.15454545454545454
0 0.6334563345633456 0.8022727272727272 0.3837638376383764 0.15227272727272728
0 0.32226322263222634 0.8079545454545455 0.21894218942189422 0.14772727272727273
0 0.14698646986469865 0.6585227272727273 0.2201722017220172 0.1534090909090909
0 0.12730627306273062 0.08863636363636364 0.2029520295202952 0.12954545454545455
0 0.7337023370233703 0.05284090909090909 0.2177121771217712 0.09659090909090909
0 0.8511685116851169 0.4431818181818182 0.16236162361623616 0.17727272727272728
0 0.11992619926199262 0.9164772727272728 0.1881918819188192 0.11022727272727273
0 0.36100861008610086 0.9392045454545455 0.1906519065190652 0.11022727272727273
0 0.7177121771217713 0.928409090909091 0.34071340713407133 0.1409090909090909
0 0.533210332103321 0.06306818181818181 0.1906519065190652 0.11022727272727273
