0 0.46455576559546313 0.05876068376068376 0.21455576559546313 0.1111111111111111
0 0.1786389413988658 0.8231837606837606 0.23251417769376181 0.11645299145299146
0 0.7589792060491494 0.7788461538461539 0.1001890359168242 0.17307692307692307
0 0.581758034026465 0.7852564102564102 0.2542533081285444 0.1623931623931624
0 0.3553875236294896 0.8018162393162394 0.15311909262759923 0.1485042735042735
0 0.29725897920604916 0.05982905982905983 0.12003780718336483 0.11965811965811966
0 0.6294896030245747 0.08066239316239317 0.12476370510396975 0.12713675213675213
0 0.755671077504726 0.09241452991452992 0.11814744801512288 0.125
0 0.8747637051039697 0.11538461538461539 0.15595463137996218 0.14743589743589744
0 0.8960302457466919 0.7510683760683761 0.1720226843100189 0.19230769230769232
0 0.1323251417769376 0.08547008547008547 0.15311909262759923 0.1282051282051282
0 0.18620037807183365 0.8947649572649573 0.11720226843100189 0.06517094017094018
0 0.21597353497164462 0.9284188034188035 0.2277882797731569 0.13247863247863248
0 0.390359168241966 0.9273504273504274 0.15689981096408318 0.11752136752136752
0 0.52882797731569 0.9236111111111112 0.09546313799621928 0.125
0 0.6209829867674859 0.9086538461538461 0.11342155009451796 0.12927350427350429
0 0.803875236294896 0.8990384615384616 0.20699432892249528 0.13568376068376067
