0 0.16621983914209115 0.5443196004993758 0.24128686327077747 0.14481897627965043
0 0.4289544235924933 0.5405742821473158 0.27882037533512066 0.15480649188514356
0 0.3579088471849866 0.36079900124843944 0.17962466487935658 0.17478152309612985
0 0.12533512064343164 0.3882646691635456 0.17024128686327078 0.16729088639200998
0 0.25603217158176944 0.08926342072409488 0.40214477211796246 0.13857677902621723
0 0.5898123324396782 0.08739076154806492 0.32171581769436997 0.12734082397003746
0 0.8565683646112601 0.09425717852684144 0.225201072386059 0.1285892634207241
0 0.6273458445040214 0.36891385767790263 0.3297587131367292 0.1585518102372035
0 0.8800268096514745 0.3732833957553059 0.17292225201072386 0.12734082397003746
0 0.7171581769436998 0.5349563046192259 0.2868632707774799 0.16104868913857678
0 0.9289544235924933 0.517478152309613 0.14745308310991956 0.14606741573033707
0 0.1353887399463807 0.6897627965043696 0.20911528150134048 0.18352059925093633
0 0.34048257372654156 0.7009987515605494 0.19571045576407506 0.1760299625468165
0 0.6722520107238605 0.6935081148564295 0.4865951742627346 0.19850187265917604
