0 0.8026905829596412 0.06501340482573727 0.14947683109118087 0.12734584450402145
0 0.17937219730941703 0.07506702412868632 0.26307922272047835 0.12064343163538874
0 0.09790732436472346 0.22855227882037535 0.15994020926756353 0.17828418230563003
0 0.24813153961136025 0.22319034852546918 0.14050822122571002 0.10857908847184987
0 0.461136023916293 0.20241286863270777 0.2645739910313901 0.13404825737265416
0 0.7869955156950673 0.19772117962466487 0.375186846038864 0.16219839142091153
0 0.12929745889387145 0.4075067024128686 0.23766816143497757 0.1447721179624665
0 0.3789237668161435 0.37667560321715815 0.2974588938714499 0.1581769436997319
0 0.617339312406577 0.3672922252010724 0.17937219730941703 0.14209115281501342
0 0.852017937219731 0.3726541554959786 0.30194319880418535 0.18230563002680966
0 0.16591928251121077 0.6983914209115282 0.29895366218236175 0.20107238605898123
0 0.4289985052316891 0.6809651474530831 0.21225710014947682 0.16353887399463807
0 0.6502242152466368 0.5274798927613941 0.21225710014947682 0.1675603217158177
0 0.85949177877429 0.5335120643431636 0.20926756352765322 0.1581769436997319
0 0.6053811659192825 0.8183646112600537 0.13452914798206278 0.17292225201072386
0 0.4304932735426009 0.8351206434316354 0.22720478325859492 0.16353887399463807
0 0.4484304932735426 0.5328418230563002 0.19730941704035873 0.15951742627345844
0 0.18236173393124067 0.5388739946380697 0.31988041853512705 0.1447721179624665
0 0.7010463378176383 0.660857908847185 0.33183856502242154 0.16085790884718498
