0 0.13273542600896862 0.09370277078085643 0.16502242152466368 0.0836272040302267
0 0.33856502242152464 0.07556675062972293 0.2538116591928251 0.0906801007556675
0 0.6103139013452915 0.06851385390428212 0.2645739910313901 0.09874055415617128
0 0.885201793721973 0.06801007556675064 0.16681614349775784 0.1017632241813602
0 0.17533632286995515 0.1654911838790932 0.3147982062780269 0.09521410579345088
0 0.41524663677130047 0.1455919395465995 0.17219730941704037 0.0947103274559194
0 0.6309417040358745 0.1526448362720403 0.22690582959641256 0.07858942065491184
0 0.8385650224215246 0.15491183879093198 0.2062780269058296 0.06599496221662468
0 0.07488789237668161 0.24357682619647356 0.10672645739910314 0.06700251889168765
0 0.20134529147982064 0.23123425692695215 0.14977578475336323 0.061460957178841306
0 0.32466367713004485 0.22644836272040303 0.13452914798206278 0.07002518891687658
0 0.06547085201793722 0.4664987405541562 0.1147982062780269 0.07455919395465994
0 0.2273542600896861 0.45566750629722924 0.22331838565022422 0.07002518891687658
0 0.4026905829596413 0.45390428211586903 0.13991031390134528 0.072544080604534
0 0.5466367713004484 0.4473551637279597 0.14798206278026907 0.07858942065491184
0 0.6645739910313901 0.4418136020151133 0.09865470852017937 0.06750629722921915
0 0.49910313901345293 0.22468513853904282 0.2502242152466368 0.0654911838790932
0 0.7273542600896861 0.21889168765743072 0.22242152466367712 0.05894206549118388
0 0.9076233183856502 0.21712846347607054 0.15246636771300448 0.059445843828715365
0 0.09103139013452914 0.30957178841309824 0.16591928251121077 0.08312342569269521
0 0.23094170403587444 0.3002518891687657 0.11928251121076233 0.07758186397984887
0 0.35515695067264574 0.30075566750629723 0.17040358744394618 0.08161209068010075
0 0.5381165919282511 0.29345088161209065 0.19551569506726457 0.07405541561712846
0 0.7327354260089686 0.29219143576826195 0.19730941704035873 0.0765743073047859
0 0.8605381165919282 0.28790931989924434 0.07085201793721974 0.07405541561712846
0 0.07757847533632287 0.3904282115869018 0.14439461883408072 0.07959697732997481
0 0.2802690582959641 0.3783375314861461 0.27533632286995513 0.07758186397984887
0 0.49551569506726456 0.3730478589420655 0.19103139013452916 0.0801007556675063
0 0.6829596412556054 0.36926952141057934 0.19282511210762332 0.07758186397984887
0 0.15605381165919283 0.7596977329974811 0.21883408071748878 0.06649874055415617
0 0.10717488789237668 0.839294710327456 0.13901345291479822 0.06649874055415617
0 0.20493273542600896 0.9604534005037784 0.12466367713004484 0.05390428211586902
0 0.23183856502242153 0.9070528967254408 0.16591928251121077 0.07405541561712846
0 0.08340807174887892 0.8984886649874055 0.14170403587443947 0.06801007556675064
0 0.52152466367713 0.9035264483627204 0.3112107623318386 0.06297229219143577
0 0.8399103139013453 0.8863979848866499 0.1336322869955157 0.0619647355163728
0 0.1147982062780269 0.6874055415617129 0.12556053811659193 0.08110831234256927
0 0.23183856502242153 0.6869017632241814 0.1515695067264574 0.08614609571788413
0 0.3237668161434978 0.6874055415617129 0.07174887892376682 0.08110831234256927
0 0.7116591928251121 0.6783375314861461 0.12825112107623318 0.09319899244332494
0 0.8188340807174888 0.6745591939546599 0.09865470852017937 0.08967254408060453
0 0.13273542600896862 0.6090680100755668 0.17399103139013453 0.06952141057934509
0 0.2663677130044843 0.607808564231738 0.12197309417040358 0.07204030226700252
0 0.3708520179372197 0.607808564231738 0.1336322869955157 0.08110831234256927
0 0.484304932735426 0.6025188916876574 0.12017937219730941 0.08967254408060453
0 0.594170403587444 0.5994962216624685 0.10672645739910314 0.07758186397984887
0 0.7192825112107624 0.5934508816120907 0.15964125560538117 0.07858942065491184
0 0.8511210762331839 0.5894206549118388 0.11659192825112108 0.07556675062972293
0 0.8766816143497758 0.9443324937027707 0.18744394618834082 0.07808564231738035
0 0.7197309417040358 0.9476070528967254 0.13183856502242153 0.0654911838790932
0 0.6286995515695067 0.9501259445843828 0.08430493273542601 0.06347607052896725
0 0.537219730941704 0.9493702770780856 0.1273542600896861 0.05894206549118388
0 0.8677130044843049 0.8153652392947103 0.13721973094170403 0.07405541561712846
0 0.16591928251121077 0.5322418136020152 0.15067264573991032 0.07707808564231738
0 0.46278026905829595 0.5261964735516372 0.12914798206278028 0.07506297229219143
0 0.8757847533632287 0.5118387909319899 0.13542600896860987 0.07556675062972293
0 0.04708520179372197 0.5367758186397985 0.09237668161434978 0.0690176322418136
0 0.025112107623318385 0.6100755667506297 0.06457399103139014 0.07355163727959697
0 0.0242152466367713 0.6843828715365239 0.06636771300448431 0.08513853904282116
0 0.4031390134529148 0.6894206549118388 0.11031390134529148 0.08513853904282116
0 0.5479820627802691 0.6795969773299748 0.19730941704035873 0.08664987405541562
0 0.3488789237668161 0.7642317380352645 0.17219730941704037 0.0765743073047859
0 0.2928251121076233 0.8345088161209068 0.24484304932735426 0.07002518891687658
0 0.747085201793722 0.4405541561712846 0.07892376681614349 0.06498740554156171
0 0.2860986547085202 0.5166246851385391 0.08968609865470852 0.038790931989924435
0 0.2986547085201794 0.5302267002518891 0.21345291479820627 0.08110831234256927
0 0.5614349775784754 0.5198992443324937 0.08430493273542601 0.072544080604534
0 0.7026905829596413 0.5151133501259446 0.23408071748878923 0.08816120906801007
0 0.5125560538116591 0.7685138539042821 0.18026905829596412 0.07707808564231738
0 0.6995515695067265 0.7612090680100756 0.19910313901345292 0.08161209068010075
0 0.8672645739910314 0.743073047858942 0.14887892376681613 0.07556675062972293
0 0.4757847533632287 0.8395465994962217 0.13901345291479822 0.05994962216624685
0 0.6717488789237668 0.8272040302267003 0.25650224215246636 0.08060453400503778
