0 0.16895368782161235 0.28095238095238095 0.32075471698113206 0.13968253968253969
0 0.11921097770154374 0.676984126984127 0.23842195540308747 0.16666666666666666
0 0.37993138936535165 0.6619047619047619 0.32075471698113206 0.20952380952380953
0 0.6209262435677531 0.6587301587301587 0.16123499142367068 0.1873015873015873
0 0.14665523156089194 0.8515873015873016 0.2006861063464837 0.18253968253968253
0 0.6689536878216124 0.26587301587301587 0.3670668953687822 0.15079365079365079
0 0.08747855917667238 0.4722222222222222 0.17152658662092624 0.20793650793650795
0 0.34305317324185247 0.4587301587301587 0.35334476843910806 0.1873015873015873
0 0.7324185248713551 0.4261904761904762 0.44939965694682676 0.19523809523809524
0 0.3181818181818182 0.834920634920635 0.14922813036020582 0.1746031746031746
0 0.48027444253859347 0.846031746031746 0.18181818181818182 0.18095238095238095
0 0.7487135506003431 0.846031746031746 0.3687821612349914 0.19682539682539682
0 0.8404802744425386 0.6484126984126984 0.27787307032590053 0.19523809523809524
