0 0.12773722627737227 0.12094763092269327 0.19416058394160585 0.14713216957605985
0 0.15401459854014599 0.27618453865336656 0.2 0.14089775561097256
0 0.1437956204379562 0.4332917705735661 0.2 0.1658354114713217
0 0.4927007299270073 0.408354114713217 0.22627737226277372 0.16084788029925187
0 0.11313868613138686 0.5885286783042394 0.1708029197080292 0.14463840399002495
0 0.10437956204379562 0.8036159600997507 0.13284671532846715 0.11596009975062344
0 0.5014598540145986 0.2562344139650873 0.2613138686131387 0.1633416458852868
0 0.6817518248175183 0.1128428927680798 0.18686131386861313 0.1483790523690773
0 0.30656934306569344 0.8160847880299252 0.22773722627737225 0.1433915211970075
0 0.5102189781021897 0.57356608478803 0.1708029197080292 0.16458852867830423
0 0.7649635036496351 0.26184538653366585 0.23941605839416058 0.1396508728179551
0 0.8591240875912409 0.9114713216957606 0.1591240875912409 0.12468827930174564
0 0.3197080291970803 0.580423940149626 0.24525547445255474 0.13092269326683292
0 0.7394160583941606 0.5629675810473815 0.28175182481751826 0.15835411471321695
0 0.5182481751824818 0.7980049875311721 0.22773722627737225 0.1571072319201995
0 0.7357664233576642 0.7998753117206983 0.21605839416058395 0.1433915211970075
0 0.8817518248175182 0.678927680798005 0.21897810218978103 0.13092269326683292
0 0.9 0.38216957605985036 0.17664233576642335 0.15087281795511223
0 0.8854014598540146 0.10473815461346633 0.15328467153284672 0.14463840399002495
0 0.9357664233576642 0.24750623441396508 0.10510948905109489 0.13840399002493767
0 0.9343065693430657 0.5349127182044888 0.14306569343065692 0.1596009975062344
0 0.13065693430656936 0.9139650872817955 0.2116788321167883 0.12219451371571072
0 0.3554744525547445 0.12344139650872818 0.24671532846715327 0.1371571072319202
0 0.34817518248175183 0.1433915211970075 0.08905109489051095 0.09226932668329177
