0 0.11897590361445783 0.15205091937765206 0.11746987951807229 0.14002828854314003
0 0.48870481927710846 0.36704384724186706 0.2575301204819277 0.16548797736916548
0 0.10768072289156627 0.3741159830268741 0.1852409638554217 0.16831683168316833
0 0.10617469879518072 0.5869872701555869 0.20933734939759036 0.21782178217821782
0 0.11370481927710843 0.8769448373408769 0.13102409638554216 0.1669024045261669
0 0.33207831325301207 0.8804809052333805 0.26656626506024095 0.157001414427157
0 0.37198795180722893 0.5572842998585573 0.32831325301204817 0.1867043847241867
0 0.6272590361445783 0.5480905233380481 0.2003012048192771 0.18811881188118812
0 0.44879518072289154 0.1485148514851485 0.0963855421686747 0.14144271570014144
0 0.8840361445783133 0.3564356435643564 0.1897590361445783 0.1669024045261669
0 0.5737951807228916 0.8677510608203678 0.22590361445783133 0.1456859971711457
0 0.8125 0.8585572842998586 0.24849397590361447 0.14992927864214992
0 0.8441265060240963 0.7022630834512023 0.2635542168674699 0.15983026874115983
0 0.5941265060240963 0.7157001414427157 0.24548192771084337 0.18387553041018387
0 0.2936746987951807 0.15487977369165487 0.1927710843373494 0.16831683168316833
0 0.6362951807228916 0.12942008486562942 0.23343373493975902 0.14285714285714285
0 0.8644578313253012 0.14427157001414428 0.14759036144578314 0.1867043847241867
0 0.8659638554216867 0.5297029702970297 0.27710843373493976 0.2079207920792079
