0 0.8064250411861614 0.8159824046920822 0.17298187808896212 0.1656891495601173
0 0.14991762767710048 0.5241935483870968 0.19769357495881384 0.1744868035190616
0 0.1630971993410214 0.8387096774193549 0.19439868204283361 0.1378299120234604
0 0.3624382207578254 0.8365102639296188 0.21087314662273476 0.15689149560117302
0 0.5947281713344317 0.8313782991202346 0.26359143327841844 0.1495601173020528
0 0.39209225700164746 0.5190615835777126 0.30642504118616143 0.1935483870967742
0 0.6037891268533773 0.5073313782991202 0.11696869851729819 0.18475073313782991
0 0.7405271828665568 0.49560117302052786 0.17627677100494235 0.19648093841642228
0 0.18616144975288304 0.6935483870967742 0.2602965403624382 0.1495601173020528
0 0.4538714991762768 0.6840175953079178 0.2915980230642504 0.1627565982404692
0 0.9069192751235585 0.48240469208211145 0.17298187808896212 0.1495601173020528
0 0.7948929159802306 0.6605571847507331 0.41680395387149916 0.19501466275659823
0 0.942339373970346 0.8093841642228738 0.11202635914332784 0.15542521994134897
0 0.1243822075782537 0.47287390029325516 0.11037891268533773 0.06304985337243402
0 0.12520593080724876 0.5703812316715543 0.10214168039538715 0.04985337243401759
0 0.20757825370675453 0.5241935483870968 0.09225700164744646 0.18328445747800587
0 0.29242174629324547 0.4904692082111437 0.047775947281713346 0.0747800586510264
0 0.31054365733113676 0.4736070381231672 0.08401976935749589 0.03812316715542522
0 0.29489291598023065 0.5491202346041055 0.06260296540362438 0.051319648093841645
0 0.3649093904448105 0.5579178885630498 0.08401976935749589 0.06598240469208211
0 0.3542009884678748 0.4868035190615836 0.036243822075782535 0.10557184750733138
0 0.4464579901153213 0.5153958944281525 0.08896210873146623 0.04252199413489736
0 0.44810543657331137 0.4714076246334311 0.09225700164744646 0.04838709677419355
0 0.38797364085667213 0.44281524926686217 0.10049423393739704 0.05278592375366569
0 0.5230642504118617 0.5153958944281525 0.057660626029654036 0.13636363636363635
0 0.5823723228995058 0.5029325513196481 0.0642504118616145 0.16129032258064516
0 0.6301482701812191 0.47214076246334313 0.08072487644151564 0.05278592375366569
0 0.7207578253706755 0.4970674486803519 0.13344316309719934 0.10850439882697947
0 0.785831960461285 0.46774193548387094 0.09884678747940692 0.187683284457478
0 0.7784184514003295 0.44501466275659823 0.08401976935749589 0.02785923753665689
0 0.7767710049423394 0.4662756598240469 0.09060955518945635 0.017595307917888565
0 0.7792421746293245 0.48167155425219943 0.07907742998352553 0.021994134897360705
0 0.8813838550247117 0.47653958944281527 0.08237232289950576 0.020527859237536656
0 0.8887973640856672 0.45234604105571846 0.08072487644151564 0.024926686217008796
0 0.8871499176276771 0.42668621700879766 0.07413509060955518 0.03812316715542522
0 0.8822075782537068 0.5 0.1070840197693575 0.06158357771260997
0 0.9538714991762768 0.44941348973607037 0.042833607907743 0.0689149560117302
0 0.9563426688632619 0.5051319648093842 0.03789126853377265 0.0718475073313783
0 0.16639209225700163 0.6942815249266863 0.19769357495881384 0.0747800586510264
0 0.13509060955518945 0.7324046920821115 0.05930807248764415 0.0718475073313783
0 0.1672158154859967 0.7265395894428153 0.054365733113673806 0.0689149560117302
0 0.15074135090609556 0.6598240469208211 0.08731466227347612 0.06158357771260997
0 0.18039538714991762 0.6700879765395894 0.060955518945634266 0.05865102639296188
0 0.2701812191103789 0.6480938416422287 0.09555189456342669 0.11730205278592376
0 0.26112026359143325 0.7199413489736071 0.07413509060955518 0.08797653958944282
0 0.5024711696869851 0.7140762463343109 0.11202635914332784 0.093841642228739
0 0.5749588138385503 0.7448680351906158 0.08237232289950576 0.09970674486803519
0 0.3970345963756178 0.7016129032258065 0.13179571663920922 0.05718475073313783
0 0.5263591433278418 0.6055718475073314 0.1070840197693575 0.06451612903225806
0 0.4794069192751236 0.6517595307917888 0.032948929159802305 0.06598240469208211
0 0.5296540362438221 0.6935483870967742 0.06754530477759473 0.017595307917888565
0 0.528830313014827 0.6708211143695014 0.05930807248764415 0.016129032258064516
0 0.5296540362438221 0.655425219941349 0.060955518945634266 0.017595307917888565
0 0.5271828665568369 0.6370967741935484 0.05601317957166392 0.01906158357771261
0 0.5757825370675453 0.6546920821114369 0.03130148270181219 0.08651026392961877
0 0.6260296540362438 0.6862170087976539 0.04942339373970346 0.05278592375366569
0 0.6210873146622735 0.6466275659824047 0.05930807248764415 0.06744868035190615
0 0.6721581548599671 0.6612903225806451 0.042833607907743 0.0469208211143695
0 0.7034596375617792 0.6818181818181818 0.18780889621087316 0.15835777126099707
0 0.7084019769357496 0.6107038123167156 0.17792421746293247 0.1158357771260997
0 0.8130148270181219 0.656891495601173 0.09060955518945635 0.17008797653958943
0 0.886326194398682 0.6063049853372434 0.09555189456342669 0.060117302052785926
0 0.8855024711696869 0.6708211143695014 0.09060955518945635 0.060117302052785926
0 0.9530477759472817 0.6011730205278593 0.044481054365733116 0.05571847507331378
0 0.957166392092257 0.656891495601173 0.06589785831960461 0.07331378299120235
0 0.10214168039538715 0.7888563049853372 0.05930807248764415 0.04398826979472141
0 0.1013179571663921 0.8284457478005866 0.06754530477759473 0.026392961876832845
0 0.11120263591433278 0.8563049853372434 0.07742998352553541 0.02932551319648094
0 0.11120263591433278 0.8841642228739003 0.0642504118616145 0.04105571847507331
0 0.15733113673805602 0.8497067448680352 0.06754530477759473 0.15395894428152493
0 0.20593080724876442 0.8387096774193549 0.11532125205930807 0.05278592375366569
0 0.36902800658978585 0.8357771260997068 0.19769357495881384 0.06744868035190615
0 0.371499176276771 0.8079178885630498 0.1927512355848435 0.08211143695014662
0 0.38220757825370677 0.8387096774193549 0.06919275123558484 0.1495601173020528
0 0.6021416803953872 0.8592375366568915 0.09060955518945635 0.11143695014662756
0 0.5329489291598023 0.8328445747800587 0.08401976935749589 0.13196480938416422
0 0.5107084019769358 0.8394428152492669 0.085667215815486 0.13929618768328444
0 0.5766062602965404 0.8299120234604106 0.22075782537067545 0.05278592375366569
0 0.7009884678747941 0.8299120234604106 0.07742998352553541 0.13196480938416422
0 0.7767710049423394 0.7793255131964809 0.08072487644151564 0.06598240469208211
0 0.8014827018121911 0.8526392961876833 0.15650741350906094 0.06304985337243402
0 0.8204283360790774 0.8218475073313783 0.13509060955518945 0.030791788856304986
0 0.8467874794069192 0.8189149560117303 0.085667215815486 0.1598240469208211
0 0.9044481054365733 0.7859237536656891 0.029654036243822075 0.06744868035190615
0 0.9357495881383855 0.843841642228739 0.10543657331136738 0.051319648093841645
0 0.9390444810543658 0.8108504398826979 0.05930807248764415 0.02346041055718475
0 0.9373970345963756 0.7925219941348973 0.042833607907743 0.016129032258064516
0 0.9398682042833608 0.7756598240469208 0.044481054365733116 0.020527859237536656
0 0.9308072487644151 0.7448680351906158 0.04942339373970346 0.03812316715542522
0 0.9695222405271828 0.7661290322580645 0.03130148270181219 0.06598240469208211
