0 0.14898989898989898 0.16236722306525037 0.2037037037037037 0.19119878603945373
0 0.35942760942760943 0.16009104704097116 0.23063973063973064 0.19271623672230653
0 0.5900673400673401 0.17223065250379363 0.23063973063973064 0.21699544764795145
0 0.8392255892255892 0.13125948406676782 0.2676767676767677 0.15326251896813353
0 0.1271043771043771 0.3619119878603945 0.2441077441077441 0.17147192716236723
0 0.42508417508417506 0.36646433990895294 0.1835016835016835 0.15933232169954475
0 0.6161616161616161 0.3611532625189681 0.19865319865319866 0.15477996965098634
0 0.8930976430976431 0.3171471927162367 0.19023569023569023 0.18209408194233687
0 0.11952861952861953 0.5477996965098634 0.2053872053872054 0.2094081942336874
0 0.3813131313131313 0.5197268588770865 0.335016835016835 0.165402124430956
0 0.6464646464646465 0.5091047040971168 0.1919191919191919 0.16236722306525037
0 0.2037037037037037 0.8285280728376327 0.3400673400673401 0.20637329286798178
0 0.49663299663299665 0.8232169954476479 0.26936026936026936 0.19575113808801214
0 0.8619528619528619 0.5015174506828528 0.26262626262626265 0.17450682852807284
0 0.8611111111111112 0.6509863429438544 0.2777777777777778 0.15174506828528073
0 0.5656565656565656 0.6358118361153262 0.3063973063973064 0.17298937784522003
0 0.7937710437710438 0.8133535660091047 0.33164983164983164 0.18816388467374812
