0 0.6753445635528331 0.37140902872777015 0.34915773353751917 0.18467852257181944
0 0.1883614088820827 0.7455540355677155 0.3552833078101072 0.1997264021887825
0 0.608728943338438 0.5574555403556771 0.2006125574272588 0.1573187414500684
0 0.40199081163859113 0.5485636114911081 0.24961715160796324 0.17783857729138167
0 0.1998468606431853 0.21545827633378933 0.39663093415007655 0.19015047879616964
0 0.8460949464012251 0.19562243502051985 0.2557427258805513 0.18604651162790697
0 0.5551301684532925 0.20451436388508892 0.33537519142419603 0.19562243502051985
0 0.13859111791730475 0.060191518467852256 0.21286370597243492 0.12311901504787962
0 0.34915773353751917 0.05813953488372093 0.22970903522205208 0.11354309165526676
0 0.7052067381316999 0.05677154582763338 0.4762633996937213 0.10533515731874145
0 0.14777947932618682 0.5615595075239398 0.26186830015313933 0.17920656634746923
0 0.5045941807044411 0.728454172366621 0.23736600306278713 0.17647058823529413
0 0.3989280245022971 0.8809849521203831 0.31393568147013784 0.14227086183310533
0 0.6332312404287902 0.8755129958960328 0.17917304747320062 0.14774281805745554
0 0.7863705972434916 0.874829001367989 0.15773353751914243 0.1545827633378933
0 0.9035222052067381 0.872093023255814 0.12557427258805512 0.17920656634746923
0 0.8468606431852986 0.5526675786593708 0.29709035222052066 0.17236662106703146
0 0.7932618683001531 0.7181942544459644 0.3614088820826952 0.16963064295485636
