0 0.16853932584269662 0.13908205841446453 0.1958266452648475 0.15855354659248957
0 0.12680577849117175 0.29276773296244785 0.15730337078651685 0.1376912378303199
0 0.5040128410914928 0.2670375521557719 0.22150882825040127 0.10570236439499305
0 0.12520064205457465 0.4478442280945758 0.1797752808988764 0.17524339360222532
0 0.1115569823434992 0.7691237830319889 0.13964686998394862 0.15577190542420027
0 0.3539325842696629 0.4179415855354659 0.2680577849117175 0.14325452016689846
0 0.5666131621187801 0.4172461752433936 0.1508828250401284 0.15299026425591097
0 0.3202247191011236 0.7573018080667594 0.2391653290529695 0.18776077885952713
0 0.826645264847512 0.8810848400556328 0.18940609951845908 0.14603616133518776
0 0.5353130016051364 0.7510431154381085 0.19743178170144463 0.19193324061196107
0 0.1725521669341894 0.9040333796940194 0.29052969502407705 0.14186369958275383
0 0.6468699839486356 0.14325452016689846 0.2375601926163724 0.13073713490959665
0 0.8306581059390048 0.7239221140472879 0.21348314606741572 0.17107093184979139
0 0.8025682182985554 0.56884561891516 0.30497592295345105 0.14464534075104313
0 0.7937399678972713 0.42211404728789986 0.32263242375601925 0.14881780250347706
0 0.5032102728731942 0.5751043115438108 0.24237560192616373 0.1627260083449235
0 0.8643659711075441 0.1376912378303199 0.1653290529695024 0.13073713490959665
0 0.8563402889245586 0.2712100139082058 0.21348314606741572 0.11961057023643949
