0 0.4200595829195631 0.03973799126637555 0.09930486593843098 0.07248908296943231
0 0.8272095332671301 0.1812227074235808 0.14895729890764647 0.1703056768558952
0 0.5710029791459782 0.162882096069869 0.323733862959285 0.16681222707423582
0 0.8291956305858987 0.06768558951965066 0.18669314796425024 0.10393013100436681
0 0.5978152929493545 0.04104803493449782 0.26613704071499505 0.08558951965065502
0 0.22542204568023833 0.06157205240174673 0.2959285004965243 0.10393013100436681
0 0.7452830188679245 0.9393013100436681 0.14796425024826215 0.0794759825327511
0 0.8584905660377359 0.8419213973799127 0.20556107249255212 0.14847161572052403
0 0.6613704071499503 0.8593886462882097 0.1906653426017875 0.12925764192139738
0 0.10327706057596822 0.8436681222707424 0.141012909632572 0.1537117903930131
0 0.28053624627606755 0.87117903930131 0.23733862959285004 0.15982532751091702
0 0.4826216484607746 0.8620087336244542 0.182720953326713 0.1240174672489083
