0 0.22238372093023256 0.11151452282157677 0.11337209302325581 0.11307053941908714
0 0.33042635658914726 0.1078838174273859 0.1065891472868217 0.10995850622406639
0 0.436046511627907 0.10892116182572614 0.11046511627906977 0.10580912863070539
0 0.2596899224806202 0.2354771784232365 0.14147286821705427 0.14107883817427386
0 0.4176356589147287 0.2183609958506224 0.17054263565891473 0.10684647302904564
0 0.5426356589147286 0.2157676348547718 0.08527131782945736 0.1016597510373444
0 0.6734496124031008 0.21058091286307054 0.1375968992248062 0.1078838174273859
0 0.559593023255814 0.516597510373444 0.11724806201550388 0.11410788381742738
0 0.3449612403100775 0.3029045643153527 0.0872093023255814 0.07883817427385892
0 0.4181201550387597 0.31275933609958506 0.06686046511627906 0.07780082987551867
0 0.4937015503875969 0.3029045643153527 0.08817829457364341 0.07883817427385892
0 0.5697674418604651 0.29149377593361 0.0755813953488372 0.1016597510373444
0 0.6472868217054264 0.29356846473029047 0.08527131782945736 0.08091286307053942
0 0.8018410852713178 0.20176348547717843 0.12887596899224807 0.07365145228215768
