0 0.18417462482946795 0.13832335329341316 0.1937244201909959 0.16407185628742516
0 0.16780354706684858 0.31676646706586825 0.16098226466575716 0.15209580838323353
0 0.32332878581173263 0.3155688622754491 0.13915416098226466 0.14011976047904193
0 0.8587994542974079 0.3011976047904192 0.2305593451568895 0.1473053892215569
0 0.6289222373806276 0.16167664670658682 0.1582537517053206 0.14850299401197606
0 0.8028649386084584 0.1568862275449102 0.15143246930422918 0.14610778443113773
0 0.17939972714870395 0.7682634730538922 0.15688949522510232 0.1473053892215569
0 0.3417462482946794 0.14610778443113773 0.0941336971350614 0.15089820359281436
0 0.4747612551159618 0.1497005988023952 0.16371077762619374 0.16526946107784432
0 0.937244201909959 0.13532934131736526 0.10641200545702592 0.16526946107784432
0 0.8403819918144612 0.5844311377245509 0.2728512960436562 0.1844311377245509
0 0.5607094133697135 0.6071856287425149 0.3219645293315143 0.17005988023952096
0 0.5757162346521146 0.3089820359281437 0.2592087312414734 0.16766467065868262
0 0.2878581173260573 0.47305389221556887 0.4229195088676671 0.16766467065868262
0 0.9160982264665757 0.43293413173652695 0.15143246930422918 0.12574850299401197
0 0.3717598908594816 0.7562874251497006 0.18963165075034105 0.16167664670658682
0 0.640518417462483 0.7538922155688623 0.3369713506139154 0.16407185628742516
0 0.592087312414734 0.4544910179640719 0.18281036834924966 0.1377245508982036
0 0.747612551159618 0.4467065868263473 0.1582537517053206 0.1317365269461078
0 0.9004092769440655 0.7281437125748503 0.1937244201909959 0.18203592814371258
0 0.805593451568895 0.8754491017964072 0.29058663028649384 0.12215568862275449
