0 0.12955729166666666 0.6963260619977037 0.2591145833333333 0.13432835820895522
0 0.8470052083333334 0.07692307692307693 0.17578125 0.1377726750861079
0 0.15885416666666666 0.09242250287026406 0.2265625 0.14810562571756603
0 0.11848958333333333 0.5166475315729047 0.1875 0.2066590126291619
0 0.349609375 0.4856486796785304 0.2825520833333333 0.1791044776119403
0 0.6419270833333334 0.48794489092996557 0.2942708333333333 0.18828932261768083
0 0.17057291666666666 0.8168771526980482 0.25 0.12743972445464982
0 0.3606770833333333 0.6676234213547646 0.203125 0.12973593570608496
0 0.5787760416666666 0.6492537313432836 0.23307291666666666 0.12743972445464982
0 0.4069010416666667 0.7933409873708381 0.2565104166666667 0.17680826636050517
0 0.6451822916666666 0.7583237657864523 0.23307291666666666 0.12055109070034443
0 0.8580729166666666 0.7445464982778416 0.17447916666666666 0.14810562571756603
0 0.9303385416666666 0.7606199770378875 0.11067708333333333 0.12973593570608496
0 0.7122395833333334 0.8725602755453502 0.3359375 0.14925373134328357
0 0.8873697916666666 0.4753157290470723 0.20963541666666666 0.1791044776119403
