0 0.170844327176781 0.06560283687943262 0.2519788918205805 0.11229314420803782
0 0.7401055408970977 0.06501182033096926 0.2770448548812665 0.1182033096926714
0 0.5197889182058048 0.17671394799054374 0.1820580474934037 0.11702127659574468
0 0.12928759894459102 0.5271867612293144 0.19788918205804748 0.1111111111111111
0 0.13720316622691292 0.7984633569739953 0.20052770448548812 0.11229314420803782
0 0.0679419525065963 0.1867612293144208 0.09366754617414248 0.12056737588652482
0 0.40105540897097625 0.32092198581560283 0.1820580474934037 0.13829787234042554
0 0.8113456464379947 0.18203309692671396 0.25065963060686014 0.1111111111111111
0 0.09234828496042216 0.6607565011820331 0.12137203166226913 0.14657210401891252
0 0.224934036939314 0.6631205673758865 0.12532981530343007 0.11347517730496454
0 0.32058047493403696 0.7937352245862884 0.1424802110817942 0.13120567375886524
0 0.575197889182058 0.7848699763593381 0.13192612137203166 0.1182033096926714
0 0.7763852242744064 0.7789598108747045 0.2546174142480211 0.11347517730496454
0 0.28034300791556727 0.15721040189125296 0.21503957783641162 0.13711583924349882
0 0.14116094986807387 0.32269503546099293 0.2532981530343008 0.17494089834515367
0 0.7948548812664907 0.31678486997635935 0.3337730870712401 0.15130023640661938
0 0.7783641160949868 0.5206855791962175 0.2849604221635884 0.11229314420803782
0 0.3872031662269129 0.6442080378250591 0.16754617414248021 0.1276595744680851
0 0.7810026385224275 0.642434988179669 0.32189973614775724 0.11702127659574468
0 0.4525065963060686 0.7878250591016549 0.12137203166226913 0.11938534278959811
0 0.9485488126649076 0.7624113475177305 0.08970976253298153 0.1182033096926714
0 0.10290237467018469 0.8977541371158393 0.1503957783641161 0.11702127659574468
0 0.31464379947229554 0.8977541371158393 0.2836411609498681 0.10756501182033097
0 0.5441952506596306 0.8977541371158393 0.15963060686015831 0.10283687943262411
0 0.6781002638522428 0.9013002364066194 0.11081794195250659 0.12411347517730496
0 0.8568601583113457 0.8888888888888888 0.2519788918205805 0.13711583924349882
