0 0.2620357634112792 0.09396355353075171 0.16643741403026135 0.12186788154897495
0 0.09009628610729023 0.3183371298405467 0.13342503438789546 0.14236902050113895
0 0.1623108665749656 0.724373576309795 0.22833562585969738 0.13895216400911162
0 0.24552957359009628 0.3331435079726651 0.19119669876203577 0.11503416856492027
0 0.0859697386519945 0.46583143507972663 0.14442916093535077 0.13895216400911162
0 0.5818431911966988 0.7055808656036446 0.1265474552957359 0.14236902050113895
0 0.39614855570839064 0.7055808656036446 0.2585969738651995 0.16514806378132119
0 0.4126547455295736 0.07801822323462415 0.15405777166437415 0.11275626423690205
0 0.5742778541953233 0.07118451025056947 0.1829436038514443 0.11503416856492027
0 0.7118294360385145 0.06719817767653759 0.09491059147180192 0.11161731207289294
0 0.8720770288858322 0.06719817767653759 0.22833562585969738 0.11617312072892938
0 0.6217331499312242 0.29214123006833714 0.2530949105914718 0.14464692482915717
0 0.8232462173314993 0.2864464692482916 0.1609353507565337 0.15831435079726652
0 0.6526822558459422 0.5626423690205011 0.15543328748280605 0.13439635535307518
0 0.8459422283356258 0.556378132118451 0.2613480055020633 0.15375854214123008
0 0.41059147180192573 0.5694760820045558 0.33975240715268223 0.13895216400911162
0 0.4752407152682256 0.8821184510250569 0.15268225584594222 0.15148063781321183
0 0.7565337001375516 0.8621867881548975 0.4016506189821183 0.16856492027334852
0 0.5914718019257221 0.17596810933940774 0.20907840440165062 0.08769931662870159
0 0.11348005502063274 0.09738041002277904 0.16368638239339753 0.13325740318906606
0 0.8335625859697386 0.16059225512528474 0.2861072902338377 0.11617312072892938
0 0.30536451169188444 0.4402050113895216 0.2998624484181568 0.1264236902050114
0 0.5976616231086658 0.43337129840546695 0.312242090784044 0.12414578587699317
0 0.8727647867950481 0.417995444191344 0.2517193947730399 0.1275626423690205
