0 0.11933395004625347 0.13512145748987855 0.07030527289546716 0.1082995951417004
0 0.3677150786308973 0.11386639676113361 0.16188714153561518 0.1082995951417004
0 0.513413506012951 0.11791497975708502 0.13135985198889916 0.11639676113360324
0 0.6493987049028677 0.10020242914979757 0.12580943570767808 0.11133603238866396
0 0.7950971322849214 0.09615384615384616 0.17298797409805736 0.11133603238866396
0 0.1341350601295097 0.7474696356275303 0.14801110083256244 0.1305668016194332
0 0.14338575393154487 0.506578947368421 0.15356151711378355 0.1346153846153846
0 0.1341350601295097 0.3815789473684211 0.13506012950971322 0.1194331983805668
0 0.6096207215541165 0.31983805668016196 0.0851063829787234 0.11740890688259109
0 0.6304347826086957 0.6548582995951417 0.1322849213691027 0.11336032388663968
0 0.7548566142460684 0.4139676113360324 0.16651248843663274 0.13562753036437247
0 0.8903792784458835 0.38309716599190285 0.10453283996299723 0.1508097165991903
0 0.469472710453284 0.5779352226720648 0.06567992599444958 0.1194331983805668
0 0.8316373728029602 0.29605263157894735 0.07400555041628122 0.12044534412955465
0 0.13043478260869565 0.2616396761133603 0.1276595744680851 0.11639676113360324
0 0.2488436632747456 0.25101214574898784 0.11285846438482887 0.11740890688259109
0 0.4690101757631822 0.3269230769230769 0.17761332099907493 0.12348178137651822
0 0.27335800185013875 0.48431174089068824 0.11193339500462535 0.1346153846153846
0 0.21369102682701202 0.12904858299595143 0.13876040703052728 0.1062753036437247
0 0.3538390379278446 0.23785425101214575 0.08788159111933395 0.12550607287449392
0 0.4708603145235893 0.22975708502024292 0.1147086031452359 0.10931174089068826
0 0.6160962072155411 0.21761133603238866 0.11840888066604996 0.11336032388663968
0 0.8020351526364478 0.2029352226720648 0.15356151711378355 0.11032388663967611
0 0.2904717853839038 0.35779352226720645 0.15911193339500462 0.11437246963562753
0 0.469472710453284 0.45445344129554655 0.27474560592044406 0.14979757085020243
0 0.14801110083256244 0.6214574898785425 0.17206290471785385 0.13562753036437247
0 0.28677150786308975 0.7317813765182186 0.11285846438482887 0.13562753036437247
0 0.4629972247918594 0.6867408906882592 0.19703977798334876 0.14271255060728744
0 0.8959296947271045 0.6204453441295547 0.06938020351526364 0.15384615384615385
0 0.530527289546716 0.944838056680162 0.14893617021276595 0.08198380566801619
0 0.7169287696577243 0.9245951417004049 0.19611470860314523 0.1082995951417004
0 0.3242368177613321 0.5951417004048583 0.21739130434782608 0.12955465587044535
0 0.6308973172987974 0.5480769230769231 0.15911193339500462 0.12044534412955465
0 0.7742830712303422 0.5288461538461539 0.14061054579093432 0.11639676113360324
0 0.7807585568917669 0.645242914979757 0.18131359851988899 0.1811740890688259
0 0.12627197039777982 0.8674089068825911 0.08233117483811286 0.11538461538461539
0 0.3506012950971323 0.9504048582995951 0.10545790934320073 0.08704453441295547
0 0.19195189639222943 0.9387651821862348 0.17668825161887142 0.07591093117408906
0 0.8913043478260869 0.9089068825910931 0.1211840888066605 0.10121457489878542
0 0.7123034227567068 0.3117408906882591 0.09435707678075855 0.10728744939271255
