0 0.07235772357723577 0.3675266175266175 0.07967479674796749 0.04135954135954136
0 0.06829268292682927 0.40724815724815727 0.07804878048780488 0.04463554463554464
0 0.06951219512195123 0.4488124488124488 0.09349593495934959 0.0475020475020475
0 0.07357723577235772 0.49221949221949224 0.10650406504065041 0.044226044226044224
0 0.07195121951219512 0.5386977886977887 0.10650406504065041 0.052825552825552825
0 0.07642276422764227 0.5866093366093366 0.10569105691056911 0.04873054873054873
0 0.07967479674796749 0.631040131040131 0.11219512195121951 0.04095004095004095
0 0.08211382113821138 0.6723996723996724 0.09268292682926829 0.042588042588042586
0 0.1016260162601626 0.716011466011466 0.12845528455284552 0.045454545454545456
0 0.07520325203252033 0.3230958230958231 0.11626016260162601 0.055692055692055695
0 0.08617886178861789 0.7651515151515151 0.1024390243902439 0.05446355446355446
0 0.17235772357723578 0.7606470106470107 0.06991869918699187 0.0561015561015561
0 0.055284552845528454 0.10421785421785422 0.06016260162601626 0.047092547092547093
0 0.06056910569105691 0.05016380016380016 0.07398373983739838 0.06347256347256347
0 0.06707317073170732 0.14967239967239968 0.091869918699187 0.04791154791154791
0 0.12520325203252033 0.0990990990990991 0.0991869918699187 0.05323505323505324
0 0.06504065040650407 0.27784602784602785 0.0910569105691057 0.038083538083538086
0 0.14959349593495935 0.27559377559377557 0.0943089430894309 0.04095004095004095
0 0.07073170731707316 0.23484848484848486 0.1073170731707317 0.04791154791154791
0 0.1483739837398374 0.23300573300573302 0.06747967479674796 0.04586404586404586
0 0.16016260162601625 0.14250614250614252 0.10894308943089431 0.04668304668304668
0 0.15569105691056911 0.0472972972972973 0.13902439024390245 0.05118755118755119
0 0.2678861788617886 0.044226044226044224 0.11463414634146342 0.05323505323505324
0 0.36097560975609755 0.042997542997543 0.11869918699186992 0.04832104832104832
0 0.20609756097560974 0.095004095004095 0.1016260162601626 0.051597051597051594
0 0.24634146341463414 0.13963963963963963 0.07154471544715447 0.043407043407043405
0 0.06991869918699187 0.1850941850941851 0.0975609756097561 0.04586404586404586
0 0.2146341463414634 0.3108108108108108 0.16747967479674797 0.0475020475020475
0 0.15691056910569107 0.360974610974611 0.0991869918699187 0.04463554463554464
0 0.2475609756097561 0.3488943488943489 0.1 0.04504504504504504
0 0.3357723577235772 0.3462325962325962 0.08780487804878048 0.04954954954954955
0 0.16178861788617885 0.4002866502866503 0.12032520325203253 0.04954954954954955
0 0.17479674796747968 0.5311220311220312 0.0959349593495935 0.04504504504504504
0 0.27520325203252033 0.5198607698607699 0.11788617886178862 0.046273546273546275
0 0.38902439024390245 0.5155610155610155 0.11463414634146342 0.044226044226044224
0 0.39634146341463417 0.5624488124488124 0.11138211382113822 0.052825552825552825
0 0.5178861788617887 0.5542588042588042 0.13658536585365855 0.05692055692055692
0 0.12235772357723577 0.8685503685503686 0.12601626016260162 0.04095004095004095
0 0.2386178861788618 0.8652743652743653 0.11951219512195121 0.0343980343980344
0 0.10650406504065041 0.9086814086814087 0.1073170731707317 0.04013104013104013
0 0.23170731707317074 0.1816134316134316 0.23252032520325203 0.04381654381654382
0 0.4032520325203252 0.17383292383292384 0.12032520325203253 0.038083538083538086
0 0.4967479674796748 0.17403767403767403 0.08943089430894309 0.04504504504504504
0 0.5666666666666667 0.17158067158067158 0.07479674796747968 0.042588042588042586
0 0.6650406504065041 0.16441441441441443 0.14308943089430895 0.04217854217854218
0 0.7853658536585366 0.16052416052416052 0.1008130081300813 0.04176904176904177
0 0.2252032520325203 0.21928746928746928 0.0975609756097561 0.047092547092547093
0 0.6199186991869918 0.20515970515970516 0.15203252032520326 0.050778050778050775
0 0.741869918699187 0.2022932022932023 0.0951219512195122 0.04095004095004095
0 0.9056910569105691 0.18673218673218672 0.11382113821138211 0.04176904176904177
0 0.3199186991869919 0.1334971334971335 0.08211382113821138 0.04832104832104832
0 0.3207317073170732 0.21785421785421785 0.108130081300813 0.04832104832104832
0 0.4516260162601626 0.21437346437346438 0.15365853658536585 0.042997542997543
0 0.35772357723577236 0.2985257985257985 0.13658536585365855 0.04586404586404586
0 0.4772357723577236 0.29340704340704343 0.12357723577235773 0.04217854217854218
0 0.2658536585365854 0.3963963963963964 0.0975609756097561 0.049959049959049956
0 0.47804878048780486 0.38042588042588044 0.1073170731707317 0.044226044226044224
0 0.16016260162601625 0.4436936936936937 0.0943089430894309 0.04135954135954136
0 0.2556910569105691 0.43857493857493857 0.1048780487804878 0.03931203931203931
0 0.33902439024390246 0.4342751842751843 0.06829268292682927 0.042997542997543
0 0.20691056910569106 0.4821867321867322 0.16829268292682928 0.052825552825552825
0 0.3695121951219512 0.4705159705159705 0.16504065040650406 0.049959049959049956
0 0.1983739837398374 0.6183456183456183 0.13008130081300814 0.042588042588042586
0 0.31585365853658537 0.6132268632268633 0.11788617886178862 0.04381654381654382
0 0.46991869918699186 0.6066748566748567 0.1967479674796748 0.046273546273546275
0 0.6861788617886179 0.5845618345618345 0.17073170731707318 0.05773955773955774
0 0.8040650406504065 0.576986076986077 0.06829268292682927 0.05405405405405406
0 0.9182926829268293 0.5614250614250614 0.14878048780487804 0.0475020475020475
0 0.25 0.9799344799344799 0.11300813008130081 0.03276003276003276
0 0.3849593495934959 0.9795249795249795 0.17479674796747968 0.03521703521703522
0 0.5398373983739837 0.972972972972973 0.0975609756097561 0.036036036036036036
0 0.6784552845528455 0.9680589680589681 0.1861788617886179 0.04832104832104832
0 0.8804878048780488 0.9541359541359541 0.14146341463414633 0.054873054873054876
0 0.23008130081300812 0.9449221949221949 0.0975609756097561 0.038902538902538905
0 0.3199186991869919 0.9420556920556921 0.1 0.042997542997543
0 0.42601626016260163 0.9404176904176904 0.11707317073170732 0.04463554463554464
0 0.5191056910569106 0.9355036855036855 0.08699186991869919 0.04054054054054054
0 0.6065040650406504 0.933046683046683 0.08780487804878048 0.045454545454545456
0 0.6967479674796748 0.9269041769041769 0.0959349593495935 0.045454545454545456
0 0.20691056910569106 0.9068386568386568 0.1 0.042997542997543
0 0.2975609756097561 0.9054054054054054 0.08943089430894309 0.044226044226044224
0 0.4073170731707317 0.8984438984438985 0.13008130081300814 0.044226044226044224
0 0.5166666666666667 0.8953726453726454 0.091869918699187 0.042997542997543
0 0.598780487804878 0.8902538902538902 0.0886178861788618 0.04504504504504504
0 0.6955284552845529 0.8843161343161343 0.11138211382113822 0.046273546273546275
0 0.8288617886178862 0.8679361179361179 0.15203252032520326 0.05528255528255528
0 0.9386178861788618 0.8556511056511057 0.07723577235772358 0.05692055692055692
0 0.3967479674796748 0.8605651105651105 0.2016260162601626 0.04217854217854218
0 0.5715447154471545 0.8503276003276004 0.0991869918699187 0.04054054054054054
0 0.6808943089430894 0.8411138411138411 0.07560975609756097 0.049959049959049956
0 0.751219512195122 0.8364045864045864 0.055284552845528454 0.047092547092547093
0 0.8711382113821138 0.8153153153153153 0.10650406504065041 0.06060606060606061
0 0.45528455284552843 0.04156429156429156 0.11219512195121951 0.04791154791154791
0 0.5565040650406504 0.04156429156429156 0.12439024390243902 0.04054054054054054
0 0.8008130081300813 0.04238329238329238 0.11707317073170732 0.03562653562653563
0 0.317479674796748 0.26044226044226043 0.12113821138211382 0.04013104013104013
0 0.4268292682926829 0.2536855036855037 0.11382113821138211 0.038083538083538086
0 0.5264227642276422 0.25184275184275184 0.0983739837398374 0.04176904176904177
0 0.6134146341463415 0.24303849303849304 0.07235772357723577 0.033169533169533166
0 0.40447154471544716 0.4271089271089271 0.06747967479674796 0.043407043407043405
0 0.5085365853658537 0.4187141687141687 0.14552845528455285 0.053644553644553644
0 0.6382113821138211 0.4103194103194103 0.12357723577235773 0.050778050778050775
0 0.7682926829268293 0.39475839475839475 0.15772357723577235 0.05405405405405406
0 0.9113821138211382 0.3794021294021294 0.13983739837398373 0.053644553644553644
0 0.24715447154471545 0.7608517608517609 0.08455284552845528 0.055692055692055695
0 0.36260162601626017 0.7487714987714987 0.14146341463414633 0.05773955773955774
0 0.526829268292683 0.7424242424242424 0.1902439024390244 0.0687960687960688
0 0.7715447154471544 0.7227682227682227 0.16585365853658537 0.06797706797706797
0 0.9150406504065041 0.6887796887796888 0.14878048780487804 0.07698607698607698
0 0.16869918699186992 0.666052416052416 0.08699186991869919 0.05036855036855037
0 0.4975609756097561 0.6441441441441441 0.13821138211382114 0.05241605241605242
0 0.6044715447154472 0.6337018837018837 0.09349593495934959 0.04217854217854218
0 0.7105691056910569 0.6201883701883701 0.13170731707317074 0.04954954954954955
0 0.8390243902439024 0.6097461097461098 0.13170731707317074 0.04832104832104832
0 0.9443089430894309 0.5958230958230958 0.10650406504065041 0.049959049959049956
0 0.11829268292682926 0.9524979524979525 0.13252032520325202 0.05405405405405406
0 0.6723577235772358 0.042588042588042586 0.14308943089430895 0.04095004095004095
0 0.2252032520325203 0.26535626535626533 0.07317073170731707 0.04586404586404586
0 0.16991869918699187 0.5673628173628174 0.04552845528455285 0.02416052416052416
0 0.23577235772357724 0.5675675675675675 0.21300813008130082 0.055692055692055695
0 0.24024390243902438 0.7067977067977068 0.15853658536585366 0.0475020475020475
0 0.725609756097561 0.6701474201474201 0.2138211382113821 0.06920556920556921
0 0.9097560975609756 0.6392301392301393 0.11707317073170732 0.051597051597051594
0 0.651219512195122 0.5403357903357904 0.14796747967479676 0.06265356265356266
0 0.7569105691056911 0.530917280917281 0.06991869918699187 0.05036855036855037
0 0.8292682926829268 0.5102375102375102 0.03577235772357724 0.02293202293202293
0 0.8463414634146341 0.5208845208845209 0.10569105691056911 0.05241605241605242
0 0.9182926829268293 0.5171990171990172 0.06097560975609756 0.050778050778050775
0 0.48252032520325205 0.5063472563472563 0.08373983739837398 0.047092547092547093
0 0.5796747967479675 0.498976248976249 0.11544715447154472 0.05528255528255528
0 0.4951219512195122 0.4619164619164619 0.0959349593495935 0.042588042588042586
0 0.5951219512195122 0.45495495495495497 0.10569105691056911 0.04668304668304668
0 0.7361788617886179 0.44103194103194104 0.18943089430894308 0.05896805896805897
0 0.8707317073170732 0.4258804258804259 0.11219512195121951 0.050778050778050775
0 0.9630081300813008 0.41482391482391484 0.07723577235772358 0.051597051597051594
0 0.5792682926829268 0.3705978705978706 0.09674796747967479 0.04504504504504504
0 0.6926829268292682 0.3617936117936118 0.13333333333333333 0.052825552825552825
0 0.8113821138211382 0.34746109746109743 0.11544715447154472 0.052006552006552006
0 0.9109756097560976 0.33374283374283376 0.09349593495934959 0.0475020475020475
0 0.9760162601626017 0.3278050778050778 0.03983739837398374 0.052825552825552825
0 0.41747967479674797 0.3413185913185913 0.07886178861788617 0.046273546273546275
0 0.5219512195121951 0.33415233415233414 0.12520325203252033 0.05241605241605242
0 0.6447154471544716 0.3241195741195741 0.12520325203252033 0.052006552006552006
0 0.766260162601626 0.31142506142506143 0.12113821138211382 0.0561015561015561
0 0.8813008130081301 0.29954954954954954 0.10569105691056911 0.047092547092547093
0 0.9479674796747968 0.29217854217854217 0.06016260162601626 0.038083538083538086
0 0.6044715447154472 0.28276003276003275 0.13902439024390245 0.047092547092547093
0 0.7451219512195122 0.27416052416052417 0.15040650406504066 0.04791154791154791
0 0.8707317073170732 0.2592137592137592 0.11869918699186992 0.04586404586404586
0 0.9560975609756097 0.2536855036855037 0.07479674796747968 0.045454545454545456
0 0.6963414634146341 0.23996723996723995 0.1048780487804878 0.04013104013104013
0 0.7983739837398374 0.23054873054873054 0.10569105691056911 0.04914004914004914
0 0.9089430894308943 0.2201064701064701 0.12520325203252033 0.04217854217854218
0 0.8902439024390244 0.1558149058149058 0.12357723577235773 0.038083538083538086
0 0.9678861788617886 0.16339066339066338 0.04796747967479675 0.05323505323505324
0 0.4142276422764228 0.13022113022113022 0.13739837398373983 0.049959049959049956
0 0.5369918699186992 0.12653562653562653 0.12764227642276424 0.04504504504504504
0 0.6447154471544716 0.1248976248976249 0.1008130081300813 0.04013104013104013
0 0.30691056910569103 0.09295659295659296 0.1048780487804878 0.049959049959049956
0 0.41016260162601625 0.08804258804258805 0.11788617886178862 0.04176904176904177
0 0.5020325203252033 0.08497133497133497 0.10975609756097561 0.04217854217854218
0 0.5963414634146341 0.08292383292383293 0.07886178861788617 0.04381654381654382
0 0.6926829268292682 0.08292383292383293 0.12032520325203253 0.04381654381654382
0 0.25 0.6595004095004094 0.07398373983739838 0.04873054873054873
0 0.36016260162601627 0.6541769041769042 0.15121951219512195 0.0561015561015561
0 0.801219512195122 0.9135954135954136 0.12113821138211382 0.050778050778050775
0 0.9178861788617886 0.9023341523341524 0.12520325203252033 0.052006552006552006
