0 0.20998415213946117 0.0994277539341917 0.35657686212361334 0.16165951359084407
0 0.7702060221870047 0.08082975679542204 0.21870047543581617 0.15879828326180256
0 0.09667194928684628 0.39341917024320455 0.18066561014263074 0.15736766809728184
0 0.27496038034865294 0.38912732474964234 0.18225039619651348 0.16022889842632332
0 0.6632329635499208 0.8683834048640916 0.19809825673534073 0.17167381974248927
0 0.8526148969889065 0.8555078683834049 0.17432646592709986 0.18311874105865522
0 0.6957210776545166 0.6974248927038627 0.34231378763866877 0.18741058655221746
0 0.927892234548336 0.6845493562231759 0.13787638668779714 0.18454935622317598
0 0.39223454833597465 0.7160228898426323 0.277337559429477 0.19313304721030042
0 0.14263074484944532 0.7195994277539342 0.23137876386687797 0.19742489270386265
0 0.4889064976228209 0.3805436337625179 0.24564183835182252 0.1688125894134478
0 0.12519809825673534 0.5472103004291845 0.22503961965134706 0.14449213161659513
0 0.3692551505546751 0.5486409155937053 0.27892234548335976 0.1473533619456366
0 0.7939778129952456 0.37339055793991416 0.36450079239302696 0.15450643776824036
0 0.7131537242472267 0.5364806866952789 0.4120443740095087 0.17167381974248927
0 0.9532488114104596 0.5143061516452074 0.09350237717908082 0.15879828326180256
