0 0.16691505216095381 0.275390625 0.27719821162444114 0.14453125
0 0.176602086438152 0.4225260416666667 0.2637853949329359 0.12890625
0 0.14456035767511177 0.6575520833333334 0.16393442622950818 0.12239583333333333
0 0.312220566318927 0.646484375 0.17138599105812222 0.10546875
0 0.11102831594634874 0.13216145833333334 0.12369597615499255 0.14192708333333334
0 0.1602086438152012 0.5455729166666666 0.21311475409836064 0.109375
0 0.3554396423248882 0.5436197916666666 0.17734724292101342 0.10807291666666667
0 0.5119225037257824 0.5397135416666666 0.14456035767511177 0.11848958333333333
0 0.28315946348733234 0.7721354166666666 0.17287630402384502 0.10416666666666667
0 0.4187779433681073 0.8815104166666666 0.12816691505216096 0.10677083333333333
0 0.6095380029806259 0.8802083333333334 0.2414307004470939 0.125
0 0.8211624441132638 0.8802083333333334 0.18181818181818182 0.125
0 0.6147540983606558 0.6484375 0.12369597615499255 0.12760416666666666
0 0.7265275707898659 0.6263020833333334 0.12071535022354694 0.11458333333333333
0 0.5357675111773472 0.2662760416666667 0.3919523099850969 0.14453125
0 0.8524590163934426 0.2604166666666667 0.23546944858420268 0.14322916666666666
0 0.4828614008941878 0.64453125 0.17585692995529062 0.1015625
0 0.19821162444113263 0.87890625 0.30998509687034276 0.10677083333333333
0 0.6706408345752608 0.5305989583333334 0.17287630402384502 0.13151041666666666
0 0.8427719821162444 0.6106770833333334 0.15350223546944858 0.13541666666666666
0 0.6944858420268256 0.12174479166666667 0.13412816691505217 0.13411458333333334
0 0.4485842026825633 0.4173177083333333 0.28017883755588674 0.13932291666666666
0 0.8129657228017884 0.119140625 0.12369597615499255 0.13671875
0 0.9202682563338301 0.1171875 0.09985096870342772 0.14322916666666666
0 0.7302533532041728 0.412109375 0.27123695976154993 0.11588541666666667
0 0.936661698956781 0.4010416666666667 0.12071535022354694 0.10416666666666667
0 0.11549925484351714 0.7688802083333334 0.15946348733233978 0.10807291666666667
0 0.46274217585692995 0.7682291666666666 0.19523099850968703 0.10677083333333333
0 0.6356184798807749 0.7610677083333334 0.17734724292101342 0.12109375
0 0.7719821162444114 0.7552083333333334 0.10432190760059612 0.11458333333333333
0 0.8748137108792846 0.7591145833333334 0.10134128166915052 0.12239583333333333
0 0.9493293591654247 0.7604166666666666 0.06259314456035768 0.11979166666666667
0 0.11251862891207154 0.9466145833333334 0.12369597615499255 0.057291666666666664
0 0.8323397913561847 0.9557291666666666 0.15350223546944858 0.08072916666666667
0 0.8740685543964233 0.5065104166666666 0.2488822652757079 0.11197916666666667
