0 0.09130859375 0.8490990990990991 0.0888671875 0.0945945945945946
0 0.1669921875 0.8486486486486486 0.06640625 0.07747747747747748
0 0.25146484375 0.8400900900900901 0.0908203125 0.0945945945945946
0 0.36865234375 0.8369369369369369 0.1416015625 0.10270270270270271
0 0.10546875 0.7513513513513513 0.1171875 0.08828828828828829
0 0.07861328125 0.5806306306306306 0.0908203125 0.09099099099099099
0 0.35107421875 0.536036036036036 0.0693359375 0.0972972972972973
0 0.45654296875 0.527027027027027 0.1337890625 0.08288288288288288
0 0.2021484375 0.4666666666666667 0.0625 0.0990990990990991
0 0.08984375 0.4810810810810811 0.16015625 0.1045045045045045
0 0.24560546875 0.640990990990991 0.1416015625 0.1018018018018018
0 0.41552734375 0.631981981981982 0.1767578125 0.11441441441441441
0 0.51806640625 0.2689189189189189 0.1533203125 0.08378378378378379
0 0.63720703125 0.263963963963964 0.0966796875 0.0936936936936937
0 0.31396484375 0.4527027027027027 0.1611328125 0.0945945945945946
0 0.43603515625 0.4436936936936937 0.0927734375 0.09099099099099099
0 0.22509765625 0.7481981981981982 0.1416015625 0.1036036036036036
0 0.5068359375 0.8315315315315316 0.123046875 0.11171171171171171
0 0.65087890625 0.8175675675675675 0.1240234375 0.10540540540540541
0 0.31884765625 0.9310810810810811 0.1416015625 0.08018018018018018
0 0.3642578125 0.7382882882882883 0.134765625 0.09099099099099099
0 0.76318359375 0.6301801801801802 0.0810546875 0.1036036036036036
0 0.6767578125 0.7238738738738739 0.140625 0.09099099099099099
0 0.83056640625 0.7193693693693693 0.1220703125 0.10540540540540541
0 0.85791015625 0.6216216216216216 0.1083984375 0.0972972972972973
0 0.0791015625 0.39864864864864863 0.115234375 0.0981981981981982
0 0.21533203125 0.3792792792792793 0.1669921875 0.1045045045045045
0 0.16064453125 0.2936936936936937 0.0751953125 0.0918918918918919
0 0.7685546875 0.26036036036036037 0.1328125 0.07747747747747748
0 0.82568359375 0.17657657657657658 0.1318359375 0.08108108108108109
0 0.40576171875 0.36126126126126124 0.1884765625 0.0972972972972973
0 0.62939453125 0.3554054054054054 0.2431640625 0.08738738738738738
0 0.56591796875 0.44279279279279277 0.1669921875 0.07297297297297298
0 0.18310546875 0.9243243243243243 0.1318359375 0.07567567567567568
0 0.66845703125 0.6315315315315315 0.0927734375 0.09549549549549549
0 0.560546875 0.6342342342342342 0.126953125 0.0918918918918919
0 0.58544921875 0.5220720720720721 0.1298828125 0.0963963963963964
0 0.6875 0.5225225225225225 0.0859375 0.0918918918918919
0 0.77685546875 0.5198198198198198 0.0888671875 0.09009009009009009
0 0.80859375 0.345045045045045 0.1171875 0.08648648648648649
0 0.91845703125 0.34774774774774775 0.0986328125 0.08288288288288288
0 0.9072265625 0.2536036036036036 0.138671875 0.08378378378378379
0 0.93603515625 0.1752252252252252 0.0908203125 0.08378378378378379
0 0.26220703125 0.28693693693693695 0.1337890625 0.08738738738738738
0 0.3837890625 0.2702702702702703 0.1171875 0.08468468468468468
0 0.21923828125 0.5518018018018018 0.1923828125 0.10540540540540541
0 0.10888671875 0.6603603603603604 0.1220703125 0.1009009009009009
0 0.7353515625 0.4328828828828829 0.177734375 0.08378378378378379
0 0.8642578125 0.4527027027027027 0.1171875 0.05855855855855856
0 0.82275390625 0.09144144144144144 0.1435546875 0.09099099099099099
0 0.9375 0.0918918918918919 0.0859375 0.08828828828828829
0 0.64892578125 0.09234234234234234 0.1962890625 0.0945945945945946
0 0.07666015625 0.3022522522522523 0.1044921875 0.1018018018018018
0 0.51611328125 0.7315315315315315 0.1533203125 0.09549549549549549
0 0.84912109375 0.8067567567567567 0.2099609375 0.1
0 0.4609375 0.9243243243243243 0.12109375 0.08468468468468468
0 0.93212890625 0.627927927927928 0.0458984375 0.08828828828828829
0 0.86669921875 0.5324324324324324 0.0986328125 0.08288288288288288
0 0.10546875 0.20225225225225224 0.130859375 0.09099099099099099
0 0.2509765625 0.19594594594594594 0.1796875 0.1
0 0.50146484375 0.09279279279279279 0.0673828125 0.07567567567567568
0 0.21728515625 0.09954954954954955 0.1650390625 0.11081081081081082
0 0.37158203125 0.09009009009009009 0.1630859375 0.09549549549549549
0 0.458984375 0.18288288288288287 0.248046875 0.08648648648648649
0 0.66552734375 0.17882882882882883 0.1669921875 0.08558558558558559
