0 0.14198782961460446 0.5795339412360689 0.1643002028397566 0.10739614994934144
0 0.28448275862068967 0.5678824721377913 0.1105476673427992 0.12056737588652482
0 0.29411764705882354 0.6940222897669707 0.17849898580121704 0.11144883485309018
0 0.14503042596348883 0.46403242147923 0.15821501014198783 0.1033434650455927
0 0.11511156186612576 0.3541033434650456 0.13691683569979715 0.09625126646403243
0 0.3808316430020284 0.8140830800405269 0.12677484787018256 0.13069908814589665
0 0.5172413793103449 0.8004052684903749 0.1257606490872211 0.12563323201621074
0 0.6703853955375254 0.7892603850050659 0.1724137931034483 0.11550151975683891
0 0.19523326572008112 0.8348530901722391 0.21196754563894524 0.1337386018237082
0 0.4432048681541582 0.5582573454913881 0.1947261663286004 0.11955420466058764
0 0.6587221095334685 0.5420466058763931 0.23225152129817445 0.10536980749746708
0 0.8960446247464503 0.4452887537993921 0.15720081135902636 0.11854103343465046
0 0.7413793103448276 0.43110435663627156 0.16227180527383367 0.12056737588652482
0 0.6227180527383367 0.08358662613981763 0.12778904665314403 0.12056737588652482
0 0.30628803245436104 0.0916919959473151 0.1663286004056795 0.11246200607902736
0 0.473630831643002 0.08206686930091185 0.18052738336713997 0.12158054711246201
0 0.686105476673428 0.3181357649442756 0.10446247464503043 0.10739614994934144
0 0.5745436105476673 0.3161094224924012 0.09837728194726167 0.09523809523809523
0 0.763184584178499 0.3242147922998987 0.057809330628803245 0.11144883485309018
0 0.47971602434077076 0.6757852077001013 0.18255578093306288 0.12968591691995948
0 0.7596348884381339 0.6484295845997974 0.3488843813387424 0.14792299898682879
0 0.13133874239350912 0.704660587639311 0.14503042596348883 0.1286727456940223
0 0.13793103448275862 0.10182370820668693 0.15010141987829614 0.11854103343465046
0 0.3443204868154158 0.21428571428571427 0.10040567951318459 0.13272543059777103
0 0.46754563894523327 0.21073961499493415 0.1440162271805274 0.12563323201621074
0 0.24645030425963488 0.22087132725430597 0.10547667342799188 0.12563323201621074
0 0.12322515212981744 0.23049645390070922 0.15517241379310345 0.13069908814589665
0 0.2647058823529412 0.34093211752786223 0.16227180527383367 0.11043566362715299
0 0.4366125760649087 0.3262411347517731 0.1876267748478702 0.11144883485309018
0 0.8564908722109533 0.33282674772036475 0.13488843813387424 0.12259371833839919
0 0.941683569979716 0.33890577507598785 0.05172413793103448 0.13069908814589665
0 0.6364097363083164 0.20820668693009117 0.1997971602434077 0.10233029381965553
0 0.834685598377282 0.21225937183383992 0.20486815415821502 0.10435663627152988
0 0.9173427991886409 0.12512664640324214 0.14300202839756593 0.11246200607902736
0 0.7870182555780934 0.12158054711246201 0.11156186612576065 0.0790273556231003
0 0.7662271805273834 0.09017223910840932 0.15314401622718052 0.10536980749746708
0 0.12373225152129817 0.9295845997973657 0.056795131845841784 0.04356636271529889
0 0.20689655172413793 0.9407294832826748 0.10953346855983773 0.06180344478216818
0 0.377789046653144 0.9442755825734549 0.2363083164300203 0.08308004052684904
0 0.6201825557809331 0.9270516717325228 0.2099391480730223 0.1033434650455927
0 0.31643002028397565 0.4452887537993921 0.1724137931034483 0.11854103343465046
0 0.5289046653144016 0.4336372847011145 0.2525354969574036 0.11752786220871327
