0 0.12481751824817518 0.6708229426433915 0.2029197080291971 0.1371571072319202
0 0.35255474452554747 0.6845386533665836 0.26423357664233577 0.18453865336658354
0 0.5569343065693431 0.49002493765586036 0.19124087591240876 0.1596009975062344
0 0.8912408759124087 0.5199501246882793 0.08905109489051095 0.16209476309226933
0 0.10145985401459855 0.506857855361596 0.17664233576642335 0.1708229426433915
0 0.3175182481751825 0.5081047381546134 0.310948905109489 0.16832917705735662
0 0.7423357664233576 0.5049875311720698 0.20875912408759123 0.16708229426433915
0 0.7948905109489051 0.6652119700748129 0.23503649635036497 0.13840399002493767
0 0.5795620437956205 0.67643391521197 0.19562043795620437 0.1708229426433915
0 0.1291970802919708 0.800498753117207 0.1562043795620438 0.12219451371571072
0 0.318978102189781 0.8422693266832918 0.26423357664233577 0.15835411471321695
0 0.6182481751824818 0.8216957605985037 0.32262773722627736 0.12718204488778054
