0 0.17161961367013373 0.11885790172642763 0.3075780089153046 0.16600265604249667
0 0.11218424962852898 0.5278884462151394 0.20059435364041606 0.150066401062417
0 0.08766716196136701 0.6958831341301461 0.1901931649331352 0.1593625498007968
0 0.3224368499257058 0.8353253652058433 0.1723625557206538 0.1699867197875166
0 0.4947994056463596 0.849269588313413 0.17533432392273401 0.17397078353253653
0 0.5185735512630015 0.5252324037184595 0.1575037147102526 0.18193891102257637
0 0.13670133729569092 0.848605577689243 0.2050520059435364 0.14342629482071714
0 0.7689450222882616 0.8313413014608234 0.38781575037147104 0.1646746347941567
0 0.3187221396731055 0.6899070385126163 0.2689450222882615 0.12881806108897742
0 0.8224368499257058 0.09760956175298804 0.2689450222882615 0.16600265604249667
0 0.5014858841010401 0.10956175298804781 0.3789004457652303 0.14741035856573706
0 0.32392273402674593 0.5219123505976095 0.23476968796433878 0.19654714475431606
0 0.6478454680534919 0.5225763612217795 0.10104011887072809 0.17662682602921648
0 0.7592867756315007 0.5146082337317397 0.1426448736998514 0.1899070385126162
0 0.5460624071322436 0.6852589641434262 0.19465081723625557 0.1407702523240372
0 0.7377414561664191 0.6726427622841965 0.19465081723625557 0.14741035856573706
0 0.913075780089153 0.50265604249668 0.17682020802377416 0.17928286852589642
0 0.9145616641901931 0.6719787516600265 0.16790490341753342 0.1593625498007968
