0 0.098256735340729 0.26680972818311877 0.18066561014263074 0.13876967095851217
0 0.38748019017432644 0.26824034334763946 0.19175911251980982 0.1530758226037196
0 0.5538827258320127 0.26824034334763946 0.15055467511885895 0.15593705293276108
0 0.8114104595879557 0.2553648068669528 0.1774960380348653 0.13304721030042918
0 0.3090332805071315 0.4270386266094421 0.2757527733755943 0.17310443490701002
0 0.5071315372424723 0.43776824034334766 0.14896988906497624 0.18025751072961374
0 0.7377179080824089 0.40915593705293274 0.312202852614897 0.17453505007153075
0 0.22979397781299524 0.7410586552217453 0.37400950871632327 0.1659513590844063
0 0.563391442155309 0.728898426323319 0.29635499207606975 0.17310443490701002
0 0.8526148969889065 0.7453505007153076 0.25673534072900156 0.22031473533619456
0 0.8296354992076069 0.5429184549356223 0.3312202852614897 0.1988555078683834
0 0.11648177496038035 0.14163090128755365 0.16323296354992076 0.12017167381974249
0 0.3993660855784469 0.12589413447782546 0.20602218700475436 0.1430615164520744
0 0.5935023771790808 0.12303290414878398 0.18858954041204437 0.14878397711015737
0 0.8288431061806656 0.11301859799713877 0.2884310618066561 0.1402002861230329
0 0.098256735340729 0.4177396280400572 0.1774960380348653 0.1888412017167382
0 0.9429477020602218 0.3805436337625179 0.10776545166402536 0.13447782546494993
