0 0.49818181818181817 0.07770961145194274 0.08181818181818182 0.11042944785276074
0 0.6622727272727272 0.08793456032719836 0.21 0.12065439672801637
0 0.6140909090909091 0.21012269938650308 0.12636363636363637 0.13190184049079753
0 0.5172727272727272 0.20807770961145194 0.07818181818181819 0.1278118609406953
0 0.335 0.21063394683026584 0.2609090909090909 0.11247443762781185
0 0.08545454545454545 0.3507157464212679 0.13090909090909092 0.12883435582822086
0 0.23863636363636365 0.3507157464212679 0.15363636363636363 0.1554192229038855
0 0.3709090909090909 0.34100204498977504 0.11818181818181818 0.14826175869120656
0 0.05181818181818182 0.4938650306748466 0.05454545454545454 0.13701431492842536
0 0.14227272727272727 0.48619631901840493 0.13 0.1278118609406953
0 0.3004545454545455 0.48210633946830267 0.17 0.13394683026584867
0 0.08863636363636364 0.721881390593047 0.15 0.10633946830265849
0 0.28454545454545455 0.7229038854805726 0.23272727272727273 0.1411042944785276
0 0.4940909090909091 0.7131901840490797 0.13363636363636364 0.14212678936605316
0 0.63 0.6896728016359919 0.12363636363636364 0.1196319018404908
0 0.11318181818181818 0.8563394683026585 0.15 0.12576687116564417
0 0.6004545454545455 0.8169734151329243 0.09545454545454546 0.13496932515337423
0 0.5477272727272727 0.5828220858895705 0.16272727272727272 0.12883435582822086
0 0.7018181818181818 0.5679959100204499 0.12363636363636364 0.12576687116564417
0 0.6590909090909091 0.33077709611451944 0.08181818181818182 0.13803680981595093
0 0.8204545454545454 0.3205521472392638 0.19545454545454546 0.13394683026584867
0 0.7468181818181818 0.19376278118609408 0.11727272727272728 0.12372188139059305
0 0.8081818181818182 0.5725971370143149 0.09272727272727273 0.1492842535787321
0 0.915 0.5408997955010225 0.12454545454545454 0.11451942740286299
0 0.30818181818181817 0.9427402862985685 0.08363636363636363 0.08793456032719836
0 0.4713636363636364 0.9452965235173824 0.21181818181818182 0.10736196319018405
0 0.6636363636363637 0.9268916155419223 0.17272727272727273 0.12985685071574643
0 0.26227272727272727 0.09151329243353783 0.3845454545454545 0.13394683026584867
0 0.355 0.593558282208589 0.1918181818181818 0.11349693251533742
0 0.20045454545454544 0.6058282208588958 0.07 0.1032719836400818
0 0.08954545454545454 0.6032719836400818 0.15181818181818182 0.11247443762781185
0 0.24409090909090908 0.83640081799591 0.08818181818181818 0.11451942740286299
0 0.3568181818181818 0.8292433537832311 0.11363636363636363 0.10020449897750511
0 0.47954545454545455 0.8113496932515337 0.09363636363636364 0.1359918200408998
0 0.5040909090909091 0.46881390593047034 0.25363636363636366 0.1278118609406953
0 0.5277272727272727 0.3379345603271984 0.13727272727272727 0.12372188139059305
0 0.7186363636363636 0.4371165644171779 0.18454545454545454 0.12576687116564417
0 0.8922727272727272 0.41462167689161555 0.17 0.14212678936605316
0 0.8881818181818182 0.19887525562372188 0.16727272727272727 0.12985685071574643
0 0.8136363636363636 0.9079754601226994 0.13272727272727272 0.13496932515337423
0 0.9263636363636364 0.8890593047034765 0.09454545454545454 0.1278118609406953
0 0.16 0.9488752556237219 0.14545454545454545 0.05112474437627812
