0 0.19428969359331477 0.1095066185318893 0.29108635097493035 0.15162454873646208
0 0.7416434540389972 0.09687123947051744 0.435933147632312 0.16967509025270758
0 0.16573816155988857 0.7701564380264742 0.26740947075208915 0.19253910950661854
0 0.17688022284122562 0.2749699157641396 0.28969359331476324 0.1407942238267148
0 0.8913649025069638 0.22081829121540314 0.1615598885793872 0.15042117930204574
0 0.13857938718662952 0.5968712394705175 0.2075208913649025 0.17809867629362214
0 0.4136490250696379 0.5950661853188929 0.30362116991643456 0.16004813477737664
0 0.7186629526462396 0.7316486161251504 0.18662952646239556 0.13237063778580024
0 0.4658774373259053 0.7509025270758123 0.318941504178273 0.15162454873646208
0 0.8920612813370473 0.6937424789410349 0.1935933147632312 0.18411552346570398
0 0.8649025069637883 0.5583634175691937 0.23119777158774374 0.1684717208182912
0 0.6657381615598886 0.8802647412755716 0.1615598885793872 0.14320096269554752
0 0.8314763231197771 0.8567990373044525 0.17548746518105848 0.15403128760529483
