0 0.2727272727272727 0.33560606060606063 0.468013468013468 0.18636363636363637
0 0.6069023569023569 0.3393939393939394 0.19696969696969696 0.1787878787878788
0 0.5067340067340067 0.7037878787878787 0.3063973063973064 0.17727272727272728
0 0.7702020202020202 0.5083333333333333 0.34175084175084175 0.1712121212121212
0 0.1388888888888889 0.13787878787878788 0.14309764309764308 0.18787878787878787
0 0.10942760942760943 0.5325757575757576 0.1750841750841751 0.18636363636363637
0 0.1734006734006734 0.7106060606060606 0.3602693602693603 0.18787878787878787
0 0.8240740740740741 0.703030303030303 0.33164983164983164 0.21515151515151515
0 0.8821548821548821 0.1484848484848485 0.1750841750841751 0.1787878787878788
0 0.8552188552188552 0.33636363636363636 0.2895622895622896 0.1787878787878788
0 0.33164983164983164 0.15378787878787878 0.13131313131313133 0.19242424242424241
0 0.48569023569023567 0.1553030303030303 0.19023569023569023 0.1803030303030303
0 0.6742424242424242 0.15454545454545454 0.22727272727272727 0.19090909090909092
