0 0.4129834254143646 0.5598455598455598 0.31215469613259667 0.19047619047619047
0 0.669889502762431 0.5495495495495496 0.24033149171270718 0.18532818532818532
0 0.10013812154696132 0.7631917631917632 0.13121546961325967 0.20077220077220076
0 0.8763812154696132 0.5379665379665379 0.1781767955801105 0.19047619047619047
0 0.6222375690607734 0.10875160875160875 0.1643646408839779 0.17117117117117117
0 0.7603591160220995 0.10167310167310167 0.106353591160221 0.10810810810810811
0 0.31629834254143646 0.3056628056628057 0.16574585635359115 0.1402831402831403
0 0.5048342541436464 0.3005148005148005 0.23066298342541436 0.18146718146718147
0 0.7727900552486188 0.315958815958816 0.3494475138121547 0.21492921492921493
0 0.2900552486187845 0.732947232947233 0.27071823204419887 0.16344916344916344
0 0.5587016574585635 0.7451737451737451 0.2803867403314917 0.1879021879021879
0 0.8211325966850829 0.7213642213642214 0.2914364640883978 0.17631917631917632
