0 0.3887240356083086 0.6585365853658537 0.13649851632047477 0.13093709884467267
0 0.6839762611275965 0.5070603337612324 0.32047477744807124 0.1540436456996149
0 0.15949554896142434 0.8106546854942234 0.1884272997032641 0.15019255455712452
0 0.3330860534124629 0.13414634146341464 0.17655786350148367 0.14505776636713735
0 0.8597922848664689 0.14377406931964057 0.1884272997032641 0.13607188703465983
0 0.48516320474777447 0.2766367137355584 0.2433234421364985 0.14505776636713735
0 0.6928783382789317 0.27150192554557123 0.14540059347181009 0.13478818998716302
0 0.8813056379821959 0.25866495507060333 0.22551928783382788 0.13222079589216945
0 0.37091988130563797 0.7971758664955071 0.228486646884273 0.1514762516046213
0 0.306379821958457 0.524390243902439 0.14391691394658754 0.13735558408215662
0 0.14836795252225518 0.5288831835686778 0.17507418397626112 0.12066752246469833
0 0.18620178041543026 0.6681643132220796 0.22403560830860533 0.12708600770218229
0 0.15652818991097922 0.28562259306803595 0.1824925816023739 0.1527599486521181
0 0.8212166172106825 0.3748395378690629 0.24183976261127596 0.1258023106546855
0 0.12462908011869436 0.413992297817715 0.13056379821958458 0.10911424903722722
0 0.8560830860534124 0.6238767650834403 0.1661721068249258 0.12066752246469833
0 0.5608308605341247 0.7824133504492939 0.16023738872403562 0.14505776636713735
0 0.548219584569733 0.6585365853658537 0.17655786350148367 0.1258023106546855
0 0.5511869436201781 0.6771501925545571 0.08160237388724036 0.08087291399229782
0 0.7752225519287834 0.7612323491655969 0.2626112759643917 0.1668806161745828
0 0.9465875370919882 0.7252888318356868 0.11572700296735905 0.14890885750962773
0 0.9443620178041543 0.8491655969191271 0.09347181008902077 0.1399229781771502
0 0.9146884272997032 0.5019255455712451 0.14985163204747776 0.14377406931964057
0 0.5044510385756676 0.12708600770218229 0.1543026706231454 0.13093709884467267
0 0.5318991097922848 0.13478818998716302 0.1172106824925816 0.09242618741976893
