0 0.13274932614555257 0.13291925465838508 0.1522911051212938 0.17391304347826086
0 0.11455525606469003 0.2993788819875776 0.1509433962264151 0.1391304347826087
0 0.18059299191374664 0.4639751552795031 0.2857142857142857 0.15031055900621118
0 0.12601078167115903 0.7900621118012422 0.14420485175202155 0.18881987577639753
0 0.3160377358490566 0.7708074534161491 0.18733153638814015 0.18012422360248448
0 0.5154986522911051 0.7683229813664596 0.10646900269541779 0.17267080745341615
0 0.7762803234501348 0.7416149068322981 0.3261455525606469 0.18385093167701863
0 0.8490566037735849 0.13229813664596274 0.14285714285714285 0.1577639751552795
0 0.7917789757412399 0.2894409937888199 0.24932614555256064 0.14658385093167703
0 0.816711590296496 0.43043478260869567 0.2641509433962264 0.13788819875776398
0 0.5033692722371967 0.4540372670807453 0.36253369272237196 0.16770186335403728
0 0.42587601078167114 0.6062111801242236 0.29380053908355797 0.1515527950310559
0 0.7479784366576819 0.5900621118012422 0.3638814016172507 0.16645962732919253
0 0.39285714285714285 0.12173913043478261 0.24393530997304583 0.16149068322981366
0 0.6293800539083558 0.12360248447204969 0.2183288409703504 0.1577639751552795
