0 0.14798206278026907 0.08845766129032258 0.17040358744394618 0.06602822580645161
0 0.34663677130044845 0.0889616935483871 0.22152466367713006 0.07409274193548387
0 0.49865470852017935 0.09324596774193548 0.10403587443946188 0.07560483870967742
0 0.614798206278027 0.09148185483870967 0.15336322869955157 0.0811491935483871
0 0.1242152466367713 0.16759072580645162 0.14260089686098654 0.08014112903225806
0 0.23497757847533632 0.17036290322580644 0.09147982062780269 0.08366935483870967
0 0.32600896860986545 0.16985887096774194 0.13004484304932734 0.09475806451612903
0 0.45739910313901344 0.17338709677419356 0.16143497757847533 0.08770161290322581
0 0.6417040358744395 0.1693548387096774 0.22331838565022422 0.08366935483870967
0 0.8565022421524664 0.16507056451612903 0.16860986547085202 0.078125
0 0.12600896860986546 0.24344758064516128 0.16053811659192826 0.0715725806451613
0 0.1538116591928251 0.31149193548387094 0.23228699551569507 0.07661290322580645
0 0.33363228699551567 0.30569556451612906 0.11121076233183856 0.07913306451612903
0 0.48071748878923765 0.29838709677419356 0.20807174887892377 0.08870967741935484
0 0.7022421524663677 0.2908266129032258 0.242152466367713 0.08266129032258064
0 0.8717488789237668 0.2878024193548387 0.10044843049327354 0.07661290322580645
0 0.10179372197309416 0.3939012096774194 0.08520179372197309 0.08014112903225806
0 0.1977578475336323 0.39314516129032256 0.11928251121076233 0.08165322580645161
0 0.33901345291479823 0.3762600806451613 0.16860986547085202 0.06502016129032258
0 0.5681614349775784 0.3631552419354839 0.3147982062780269 0.07913306451612903
0 0.7807174887892376 0.36088709677419356 0.11928251121076233 0.0625
0 0.9076233183856502 0.35181451612903225 0.14708520179372198 0.07056451612903226
0 0.16457399103139014 0.4553931451612903 0.15515695067264573 0.06703629032258064
0 0.29955156950672646 0.45060483870967744 0.1147982062780269 0.08165322580645161
0 0.4022421524663677 0.44632056451612906 0.11928251121076233 0.08518145161290322
0 0.5659192825112107 0.43674395161290325 0.242152466367713 0.08014112903225806
0 0.8201793721973094 0.4236391129032258 0.23228699551569507 0.0751008064516129
0 0.10134529147982063 0.5410786290322581 0.1147982062780269 0.1063508064516129
0 0.21345291479820627 0.5398185483870968 0.11659192825112108 0.09475806451612903
0 0.14394618834080716 0.6217237903225806 0.2304932735426009 0.08618951612903226
0 0.3475336322869955 0.6151713709677419 0.18026905829596412 0.09727822580645161
0 0.5008968609865471 0.6050907258064516 0.14260089686098654 0.09324596774193548
0 0.13228699551569506 0.7038810483870968 0.13901345291479822 0.07308467741935484
0 0.39865470852017937 0.6852318548387096 0.3901345291479821 0.07913306451612903
0 0.8192825112107623 0.6691028225806451 0.24663677130044842 0.09223790322580645
0 0.14439461883408072 0.7792338709677419 0.14887892376681613 0.08064516129032258
0 0.3295964125560538 0.7613407258064516 0.2645739910313901 0.08014112903225806
0 0.5659192825112107 0.7590725806451613 0.2295964125560538 0.10181451612903226
0 0.7681614349775785 0.7452116935483871 0.19641255605381167 0.08618951612903226
0 0.3251121076233184 0.516633064516129 0.1210762331838565 0.08770161290322581
0 0.8573991031390135 0.8208165322580645 0.1937219730941704 0.06703629032258064
0 0.6273542600896861 0.8366935483870968 0.2591928251121076 0.08064516129032258
0 0.41614349775784754 0.8417338709677419 0.16681614349775784 0.08266129032258064
0 0.18475336322869956 0.8457661290322581 0.30672645739910315 0.08669354838709678
0 0.1367713004484305 0.9145665322580645 0.2430493273542601 0.06300403225806452
0 0.7201793721973094 0.9027217741935484 0.15605381165919283 0.09274193548387097
0 0.8690582959641255 0.905241935483871 0.18116591928251122 0.09576612903225806
0 0.45426008968609866 0.913054435483871 0.4026905829596413 0.08014112903225806
0 0.7721973094170403 0.08845766129032258 0.17219730941704037 0.07308467741935484
0 0.9147982062780269 0.09148185483870967 0.11121076233183856 0.07409274193548387
0 0.26547085201793724 0.2421875 0.1273542600896861 0.06401209677419355
0 0.41614349775784754 0.22757056451612903 0.18116591928251122 0.05997983870967742
0 0.6390134529147982 0.22580645161290322 0.273542600896861 0.05846774193548387
0 0.8757847533632287 0.22379032258064516 0.18206278026905828 0.055443548387096774
0 0.9524663677130045 0.2830141129032258 0.07174887892376682 0.06703629032258064
0 0.48789237668161434 0.5191532258064516 0.2116591928251121 0.08165322580645161
0 0.6165919282511211 0.6013104838709677 0.10493273542600896 0.08870967741935484
