0 0.8016975308641975 0.08333333333333333 0.17746913580246915 0.12295081967213115
0 0.2006172839506173 0.09289617486338798 0.27469135802469136 0.1721311475409836
0 0.8742283950617284 0.8770491803278688 0.14969135802469136 0.1721311475409836
0 0.6959876543209876 0.8913934426229508 0.2037037037037037 0.17076502732240437
0 0.5246913580246914 0.7889344262295082 0.23765432098765432 0.1762295081967213
0 0.1388888888888889 0.35792349726775957 0.2222222222222222 0.18579234972677597
0 0.3325617283950617 0.3572404371584699 0.20833333333333334 0.1871584699453552
0 0.5408950617283951 0.34084699453551914 0.2361111111111111 0.16256830601092895
0 0.8171296296296297 0.3312841530054645 0.33487654320987653 0.1680327868852459
0 0.17901234567901234 0.5129781420765027 0.25617283950617287 0.12431693989071038
0 0.4212962962962963 0.49043715846994534 0.25617283950617287 0.13387978142076504
0 0.6203703703703703 0.4959016393442623 0.19444444444444445 0.1284153005464481
0 0.8155864197530864 0.4842896174863388 0.23919753086419754 0.16530054644808742
0 0.25617283950617287 0.6311475409836066 0.32098765432098764 0.14207650273224043
0 0.4637345679012346 0.6352459016393442 0.1404320987654321 0.13387978142076504
0 0.6234567901234568 0.6325136612021858 0.19444444444444445 0.13114754098360656
0 0.8256172839506173 0.6297814207650273 0.2191358024691358 0.13934426229508196
0 0.8148148148148148 0.7431693989071039 0.345679012345679 0.15300546448087432
0 0.25385802469135804 0.8060109289617486 0.29475308641975306 0.17759562841530055
