0 0.215625 0.22535211267605634 0.25416666666666665 0.19919517102615694
0 0.4557291666666667 0.24044265593561368 0.18020833333333333 0.193158953722334
0 0.6333333333333333 0.23138832997987926 0.13958333333333334 0.16297786720321933
0 0.8010416666666667 0.22183098591549297 0.20416666666666666 0.18008048289738432
0 0.19739583333333333 0.42505030181086517 0.29270833333333335 0.19617706237424548
0 0.4515625 0.43913480885311873 0.10729166666666666 0.14788732394366197
0 0.6510416666666666 0.4346076458752515 0.225 0.18108651911468812
0 0.8739583333333333 0.4164989939637827 0.225 0.22736418511066397
0 0.14322916666666666 0.6262575452716298 0.20520833333333333 0.21629778672032193
0 0.35989583333333336 0.614185110663984 0.23229166666666667 0.15392354124748492
0 0.6369791666666667 0.6091549295774648 0.321875 0.15392354124748492
0 0.8536458333333333 0.6061368209255533 0.11979166666666667 0.15191146881287726
0 0.271875 0.7630784708249497 0.3416666666666667 0.15191146881287726
0 0.5807291666666666 0.7665995975855131 0.23645833333333333 0.158953722334004
0 0.7854166666666667 0.7625754527162978 0.21041666666666667 0.16700201207243462
0 0.9364583333333333 0.755533199195171 0.1125 0.17706237424547283
0 0.18072916666666666 0.9059356136820925 0.18020833333333333 0.12575452716297786
0 0.40729166666666666 0.9054325955734407 0.14791666666666667 0.13279678068410464
0 0.6958333333333333 0.9124748490945674 0.3145833333333333 0.13682092555331993
