0 0.15804597701149425 0.12740076824583868 0.1839080459770115 0.15492957746478872
0 0.7557471264367817 0.11971830985915492 0.3275862068965517 0.16261203585147246
0 0.1221264367816092 0.29833546734955185 0.15804597701149425 0.17157490396927016
0 0.3541666666666667 0.2900128040973111 0.2025862068965517 0.1677336747759283
0 0.5732758620689655 0.29257362355953903 0.16091954022988506 0.17285531370038412
0 0.8397988505747126 0.28040973111395645 0.26580459770114945 0.16645326504481434
0 0.5761494252873564 0.6574903969270166 0.1896551724137931 0.16005121638924455
0 0.375 0.6645326504481434 0.20689655172413793 0.16389244558258642
0 0.10991379310344827 0.6536491677336748 0.1910919540229885 0.1856594110115237
0 0.10775862068965517 0.8425096030729834 0.1724137931034483 0.17157490396927016
0 0.29813218390804597 0.8348271446862996 0.1939655172413793 0.18437900128040974
0 0.8872126436781609 0.6286811779769527 0.16522988505747127 0.176696542893726
0 0.7155172413793104 0.941101152368758 0.2988505747126437 0.12548015364916773
0 0.4640804597701149 0.9532650448143406 0.1810344827586207 0.10371318822023047
0 0.8627873563218391 0.7900128040973111 0.24856321839080459 0.18437900128040974
0 0.5531609195402298 0.822663252240717 0.3275862068965517 0.1677336747759283
0 0.5330459770114943 0.4814340588988476 0.21551724137931033 0.16389244558258642
0 0.09913793103448276 0.4878361075544174 0.15517241379310345 0.14340588988476313
0 0.30387931034482757 0.4814340588988476 0.2543103448275862 0.17157490396927016
0 0.9382183908045977 0.44430217669654287 0.10919540229885058 0.1587708066581306
0 0.7614942528735632 0.4673495518565941 0.25287356321839083 0.17413572343149808
