0 0.08214285714285714 0.30184331797235026 0.1523809523809524 0.12903225806451613
0 0.07380952380952381 0.43951612903225806 0.1261904761904762 0.13018433179723501
0 0.22797619047619047 0.42684331797235026 0.20357142857142857 0.12788018433179724
0 0.4386904761904762 0.4112903225806452 0.2226190476190476 0.12672811059907835
0 0.04702380952380952 0.173963133640553 0.08214285714285714 0.11059907834101383
0 0.1886904761904762 0.1676267281105991 0.22976190476190475 0.12557603686635946
0 0.2857142857142857 0.3029953917050691 0.24523809523809523 0.12672811059907835
0 0.10892857142857143 0.5697004608294931 0.175 0.1347926267281106
0 0.11726190476190476 0.695852534562212 0.1869047619047619 0.11059907834101383
0 0.606547619047619 0.6624423963133641 0.18214285714285713 0.11981566820276497
0 0.35833333333333334 0.6728110599078341 0.26904761904761904 0.14285714285714285
0 0.5785714285714286 0.8116359447004609 0.13333333333333333 0.13709677419354838
0 0.35119047619047616 0.7960829493087558 0.21428571428571427 0.14055299539170507
0 0.1494047619047619 0.8018433179723502 0.2011904761904762 0.1359447004608295
0 0.5196428571428572 0.28456221198156684 0.22976190476190475 0.12903225806451613
0 0.29523809523809524 0.5529953917050692 0.20476190476190476 0.1382488479262673
0 0.8041666666666667 0.6710829493087558 0.16071428571428573 0.11175115207373272
0 0.6577380952380952 0.39919354838709675 0.21071428571428572 0.12096774193548387
0 0.49404761904761907 0.5374423963133641 0.23095238095238096 0.14170506912442396
0 0.7035714285714286 0.5288018433179723 0.1976190476190476 0.14055299539170507
