0 0.1874447391688771 0.7100434572670208 0.268788682581786 0.07967165620473202
0 0.40450928381962864 0.7001448575567358 0.14588859416445624 0.06953162723322066
0 0.6091954022988506 0.6967648478995654 0.2546419098143236 0.06470304200869145
0 0.22900088417329797 0.05263157894736842 0.3147656940760389 0.08015451472718493
0 0.12643678160919541 0.14944471269917914 0.16445623342175067 0.0816030902945437
0 0.5190097259062776 0.05504587155963303 0.2723253757736516 0.07146306132303235
0 0.7586206896551724 0.05794302269435055 0.18037135278514588 0.06953162723322066
0 0.8961096374889478 0.12892322549493 0.13704686118479223 0.0637373249637856
0 0.29089301503094606 0.13785610816030902 0.10079575596816977 0.07194591984548528
0 0.4407603890362511 0.14389183969097055 0.20954907161803712 0.08015451472718493
0 0.627763041556145 0.14509898599710286 0.16091954022988506 0.0748430709802028
0 0.903183023872679 0.07460164171897633 0.12643678160919541 0.08063737324963785
0 0.3762157382847038 0.7752293577981652 0.14058355437665782 0.07967165620473202
0 0.513262599469496 0.7648478995654273 0.14412024756852343 0.08884596813133752
0 0.7745358090185677 0.7624336069531628 0.3890362511052166 0.09560598744567841
0 0.8010610079575596 0.690246257846451 0.1361626878868258 0.06711733462095607
0 0.9429708222811671 0.6842105263157895 0.09814323607427056 0.0637373249637856
