0 0.3024390243902439 0.054873054873054876 0.13008130081300814 0.05241605241605242
0 0.44552845528455287 0.05323505323505324 0.15121951219512195 0.04668304668304668
0 0.08048780487804878 0.13615888615888616 0.08292682926829269 0.04873054873054873
0 0.08211382113821138 0.2819410319410319 0.06504065040650407 0.045454545454545456
0 0.07520325203252033 0.3284193284193284 0.07235772357723577 0.049959049959049956
0 0.23983739837398374 0.42342342342342343 0.12195121951219512 0.04095004095004095
0 0.3556910569105691 0.41973791973791974 0.108130081300813 0.042588042588042586
0 0.10650406504065041 0.42997542997543 0.13170731707317074 0.055692055692055695
0 0.49552845528455286 0.4086814086814087 0.13739837398373983 0.05323505323505324
0 0.30447154471544713 0.4690827190827191 0.1 0.04791154791154791
0 0.09674796747967479 0.5612203112203112 0.0991869918699187 0.052825552825552825
0 0.09227642276422764 0.7919737919737919 0.0951219512195122 0.051597051597051594
0 0.08536585365853659 0.8384520884520884 0.1008130081300813 0.052825552825552825
0 0.10569105691056911 0.9318181818181818 0.13658536585365855 0.061015561015561014
0 0.07804878048780488 0.7428337428337428 0.0991869918699187 0.05733005733005733
0 0.7991869918699187 0.9395986895986896 0.15121951219512195 0.05118755118755119
0 0.6227642276422765 0.05118755118755119 0.16910569105691056 0.03849303849303849
0 0.1434959349593496 0.2786650286650287 0.06585365853658537 0.04463554463554464
0 0.20528455284552846 0.2285012285012285 0.12926829268292683 0.04095004095004095
0 0.48252032520325205 0.13001638001638002 0.06097560975609756 0.04217854217854218
0 0.0943089430894309 0.0945945945945946 0.11544715447154472 0.04176904176904177
0 0.28495934959349595 0.13226863226863228 0.1 0.043407043407043405
0 0.7947154471544715 0.04565929565929566 0.15528455284552845 0.03726453726453727
0 0.8967479674796748 0.043407043407043405 0.06341463414634146 0.04013104013104013
0 0.22439024390243903 0.0945945945945946 0.15609756097560976 0.042588042588042586
0 0.1821138211382114 0.1339066339066339 0.12032520325203253 0.04176904176904177
0 0.38902439024390245 0.13001638001638002 0.12276422764227642 0.04381654381654382
0 0.09065040650406504 0.23198198198198197 0.108130081300813 0.05036855036855037
0 0.11463414634146342 0.5204750204750205 0.15934959349593497 0.04013104013104013
0 0.11463414634146342 0.6521294021294022 0.11056910569105691 0.052825552825552825
0 0.10650406504065041 0.6074938574938575 0.13170731707317074 0.046273546273546275
0 0.27154471544715447 0.5098280098280098 0.15121951219512195 0.04504504504504504
0 0.4504065040650406 0.4942669942669943 0.15447154471544716 0.044226044226044224
0 0.5735772357723578 0.48628173628173627 0.10650406504065041 0.046273546273546275
0 0.23130081300813007 0.648034398034398 0.11951219512195121 0.052825552825552825
0 0.41747967479674797 0.6766994266994267 0.07398373983739838 0.05036855036855037
0 0.2329268292682927 0.6887796887796888 0.15691056910569107 0.04013104013104013
0 0.5231707317073171 0.6670761670761671 0.14065040650406505 0.043407043407043405
0 0.18455284552845527 0.05241605241605242 0.13170731707317074 0.04095004095004095
0 0.08414634146341464 0.050573300573300575 0.09349593495934959 0.04463554463554464
0 0.4613821138211382 0.09029484029484029 0.13089430894308943 0.038083538083538086
0 0.5711382113821138 0.08824733824733824 0.10975609756097561 0.038083538083538086
0 0.09308943089430895 0.18427518427518427 0.11138211382113822 0.0475020475020475
0 0.20447154471544715 0.4696969696969697 0.12764227642276424 0.04832104832104832
0 0.09065040650406504 0.4787059787059787 0.11300813008130081 0.044226044226044224
0 0.20650406504065041 0.5497542997542998 0.12682926829268293 0.05036855036855037
0 0.8390243902439024 0.41932841932841936 0.06829268292682927 0.03849303849303849
0 0.7215447154471545 0.43038493038493036 0.16341463414634147 0.044226044226044224
0 0.5699186991869919 0.44676494676494677 0.13008130081300814 0.04504504504504504
0 0.43577235772357725 0.4531122031122031 0.13170731707317074 0.04217854217854218
0 0.3642276422764228 0.2242014742014742 0.191869918699187 0.047092547092547093
0 0.9260162601626016 0.07903357903357904 0.0910569105691057 0.04013104013104013
0 0.8211382113821138 0.07923832923832924 0.11056910569105691 0.03480753480753481
0 0.573170731707317 0.12796887796887796 0.12032520325203253 0.04217854217854218
0 0.22886178861788617 0.27334152334152334 0.11138211382113822 0.052006552006552006
0 0.30528455284552847 0.27067977067977067 0.05934959349593496 0.04586404586404586
0 0.38739837398373983 0.2665847665847666 0.11138211382113822 0.04668304668304668
0 0.5101626016260162 0.25655200655200655 0.14552845528455285 0.04381654381654382
0 0.698780487804878 0.24262899262899262 0.18292682926829268 0.04954954954954955
0 0.8532520325203252 0.2278869778869779 0.07235772357723577 0.04954954954954955
0 0.3227642276422764 0.540950040950041 0.1008130081300813 0.044226044226044224
0 0.19146341463414634 0.7366912366912367 0.12439024390243902 0.056511056511056514
0 0.20040650406504065 0.8294430794430795 0.13739837398373983 0.052006552006552006
0 0.3353658536585366 0.8173628173628174 0.13414634146341464 0.051597051597051594
0 0.4715447154471545 0.8042588042588042 0.14308943089430895 0.05733005733005733
0 0.6024390243902439 0.8001638001638002 0.12357723577235773 0.055692055692055695
0 0.740650406504065 0.7870597870597871 0.15121951219512195 0.056511056511056514
0 0.8963414634146342 0.773955773955774 0.15528455284552845 0.0687960687960688
0 0.34227642276422765 0.6394348894348895 0.13008130081300814 0.060196560196560195
0 0.30528455284552847 0.7282964782964783 0.108130081300813 0.052006552006552006
0 0.39715447154471545 0.7233824733824734 0.08536585365853659 0.04381654381654382
0 0.7166666666666667 0.6468058968058968 0.20894308943089432 0.06265356265356266
0 0.9016260162601626 0.6296068796068796 0.0991869918699187 0.045454545454545456
0 0.7845528455284553 0.5945945945945946 0.06666666666666667 0.04832104832104832
0 0.9060975609756098 0.5825143325143325 0.15203252032520326 0.05528255528255528
0 0.691869918699187 0.6023751023751024 0.13495934959349593 0.03931203931203931
0 0.5833333333333334 0.6203931203931204 0.08536585365853659 0.04668304668304668
0 0.24146341463414633 0.9277231777231777 0.13333333333333333 0.0561015561015561
0 0.35772357723577236 0.9205569205569205 0.12357723577235773 0.051597051597051594
0 0.4894308943089431 0.9502457002457002 0.16747967479674797 0.047092547092547093
0 0.6597560975609756 0.9404176904176904 0.08048780487804878 0.04135954135954136
0 0.8922764227642277 0.7235872235872236 0.13902439024390245 0.04586404586404586
0 0.6991869918699187 0.7407862407862408 0.22764227642276422 0.06306306306306306
0 0.43861788617886177 0.5368550368550369 0.14227642276422764 0.043407043407043405
0 0.526829268292683 0.5298935298935299 0.06504065040650407 0.04504504504504504
0 0.7796747967479675 0.4631449631449631 0.12520325203252033 0.044226044226044224
0 0.9060975609756098 0.43857493857493857 0.11463414634146342 0.06388206388206388
0 0.6105691056910569 0.40274365274365276 0.09268292682926829 0.052825552825552825
0 0.6666666666666666 0.47297297297297297 0.1040650406504065 0.049959049959049956
0 0.1991869918699187 0.6003276003276004 0.06991869918699187 0.04914004914004914
0 0.2634146341463415 0.5941850941850941 0.061788617886178863 0.050778050778050775
0 0.35609756097560974 0.5882473382473382 0.12682926829268293 0.05446355446355446
0 0.5800813008130081 0.5702293202293203 0.14065040650406505 0.05773955773955774
0 0.1467479674796748 0.32555282555282555 0.08536585365853659 0.049959049959049956
0 0.2394308943089431 0.32002457002457 0.11951219512195121 0.05773955773955774
0 0.359349593495935 0.31142506142506143 0.12682926829268293 0.052825552825552825
0 0.49349593495934957 0.302006552006552 0.13821138211382114 0.052825552825552825
0 0.6219512195121951 0.29238329238329236 0.11869918699186992 0.051597051597051594
0 0.7215447154471545 0.2858312858312858 0.08373983739837398 0.04832104832104832
0 0.8215447154471545 0.27457002457002455 0.12113821138211382 0.053644553644553644
0 0.9130081300813008 0.2616707616707617 0.08130081300813008 0.062244062244062245
0 0.46422764227642277 0.9117526617526618 0.0991869918699187 0.038083538083538086
0 0.55 0.9088861588861589 0.08536585365853659 0.038902538902538905
0 0.6626016260162602 0.9045864045864046 0.13983739837398373 0.0475020475020475
0 0.808130081300813 0.8953726453726454 0.15121951219512195 0.042997542997543
0 0.9243902439024391 0.8855446355446356 0.08943089430894309 0.03726453726453727
0 0.2146341463414634 0.7823505323505323 0.16097560975609757 0.052825552825552825
0 0.34227642276422765 0.7702702702702703 0.10894308943089431 0.04668304668304668
0 0.6780487804878049 0.12694512694512694 0.09268292682926829 0.04095004095004095
0 0.7772357723577236 0.11957411957411958 0.11707317073170732 0.044226044226044224
0 0.8914634146341464 0.10974610974610975 0.0951219512195122 0.03276003276003276
0 0.34227642276422765 0.17936117936117937 0.12520325203252033 0.050778050778050775
0 0.4410569105691057 0.1762899262899263 0.07398373983739838 0.046273546273546275
0 0.510569105691057 0.17506142506142505 0.07804878048780488 0.04791154791154791
0 0.6109756097560975 0.17280917280917282 0.13089430894308943 0.0475020475020475
0 0.8772357723577235 0.18591318591318592 0.15772357723577235 0.044226044226044224
0 0.6012195121951219 0.5219082719082719 0.1 0.046273546273546275
0 0.6906504065040651 0.5143325143325144 0.0983739837398374 0.050778050778050775
0 0.7971544715447154 0.5018427518427518 0.13739837398373983 0.05773955773955774
0 0.9170731707317074 0.49017199017199015 0.11869918699186992 0.05323505323505324
0 0.2475609756097561 0.18366093366093367 0.07560975609756097 0.046273546273546275
0 0.17479674796747968 0.18263718263718265 0.06991869918699187 0.05241605241605242
0 0.4691056910569106 0.6255118755118755 0.14471544715447154 0.052825552825552825
0 0.5601626016260163 0.20945945945945946 0.14796747967479676 0.04463554463554464
0 0.7191056910569106 0.19942669942669944 0.16016260162601625 0.04504504504504504
0 0.759349593495935 0.1554054054054054 0.16585365853658537 0.052006552006552006
0 0.8922764227642277 0.14803439803439802 0.10650406504065041 0.04791154791154791
0 0.9544715447154472 0.14250614250614252 0.04227642276422764 0.0475020475020475
0 0.4813008130081301 0.7153972153972153 0.10894308943089431 0.04914004914004914
0 0.5943089430894309 0.7047502047502048 0.11707317073170732 0.054873054873054876
0 0.7036585365853658 0.6926699426699426 0.12926829268292683 0.04873054873054873
0 0.8044715447154471 0.6832514332514332 0.08373983739837398 0.052006552006552006
0 0.8784552845528455 0.6775184275184275 0.06910569105691057 0.04463554463554464
0 0.9414634146341463 0.674037674037674 0.06666666666666667 0.049959049959049956
0 0.6849593495934959 0.07575757575757576 0.044715447154471545 0.0171990171990172
0 0.6995934959349593 0.08312858312858312 0.13902439024390245 0.04013104013104013
0 0.7048780487804878 0.3927108927108927 0.1024390243902439 0.04504504504504504
0 0.791869918699187 0.38267813267813267 0.08130081300813008 0.05036855036855037
0 0.8451219512195122 0.37428337428337427 0.046341463414634146 0.04832104832104832
