0 0.09802073515551367 0.09732441471571907 0.12064090480678605 0.10501672240802676
0 0.21583411875589067 0.08762541806020067 0.1413760603204524 0.10568561872909699
0 0.10603204524033931 0.28795986622073577 0.14797360980207352 0.0903010033444816
0 0.12252591894439209 0.3802675585284281 0.15457115928369464 0.10501672240802676
0 0.08576814326107446 0.20066889632107024 0.08671065032987747 0.09899665551839465
0 0.2554194156456173 0.2782608695652174 0.16022620169651272 0.09230769230769231
0 0.15551366635249764 0.7421404682274247 0.1828463713477851 0.08762541806020067
0 0.1540999057492931 0.822742474916388 0.1536286522148916 0.07892976588628763
0 0.13242224316682374 0.9 0.13289349670122527 0.09565217391304348
0 0.2629594721960415 0.9090301003344482 0.1526861451460886 0.09096989966555184
0 0.28934967012252594 0.8324414715719064 0.1413760603204524 0.0862876254180602
0 0.3190386427898209 0.737123745819398 0.14797360980207352 0.09765886287625418
0 0.4707822808671065 0.7301003344481606 0.18001885014137606 0.1157190635451505
0 0.36286522148916117 0.06956521739130435 0.1583411875589067 0.09765886287625418
0 0.5801131008482564 0.1642140468227425 0.09330819981149858 0.09698996655518395
0 0.17153628652214892 0.6474916387959866 0.17153628652214892 0.09364548494983277
0 0.20216776625824695 0.18963210702341138 0.117813383600377 0.09565217391304348
0 0.3105560791705938 0.17926421404682275 0.10838831291234684 0.10434782608695652
0 0.4472196041470311 0.16923076923076924 0.1649387370405278 0.10301003344481606
0 0.12582469368520263 0.47926421404682273 0.16682375117813383 0.08896321070234113
0 0.31856738925541944 0.46588628762541806 0.1583411875589067 0.0862876254180602
0 0.4868049010367578 0.459866220735786 0.13666352497643733 0.09832775919732442
0 0.6314797360980208 0.44013377926421404 0.16022620169651272 0.09230769230769231
0 0.10933081998114987 0.560200668896321 0.1357210179076343 0.08361204013377926
0 0.26861451460885954 0.5484949832775919 0.19038642789820923 0.10033444816053512
0 0.44015080113100846 0.551505016722408 0.14891611687087652 0.09966555183946488
0 0.5697455230914232 0.5334448160535117 0.12158341187558906 0.09698996655518395
0 0.6833176248821866 0.5264214046822743 0.1112158341187559 0.09498327759197324
0 0.7926484448633365 0.5157190635451505 0.11498586239396795 0.10434782608695652
0 0.4222431668237512 0.6394648829431439 0.16399622997172478 0.09765886287625418
0 0.5749293119698398 0.6280936454849498 0.15457115928369464 0.09230769230769231
0 0.7210179076343073 0.6183946488294314 0.14326107445805844 0.10635451505016723
0 0.8751178133836004 0.6 0.17247879359095195 0.12441471571906354
0 0.43590951932139493 0.8297658862876254 0.10273327049952875 0.0862876254180602
0 0.5386427898209236 0.8197324414715719 0.10273327049952875 0.09698996655518395
0 0.43873704052780393 0.9107023411371238 0.21583411875589067 0.08494983277591973
0 0.6644674835061263 0.9053511705685618 0.2469368520263902 0.09297658862876254
0 0.8265786993402451 0.9003344481605351 0.07728557964184732 0.09364548494983277
0 0.9175306314797361 0.8839464882943144 0.11215834118755891 0.12240802675585284
0 0.5546654099905749 0.06722408026755852 0.236569274269557 0.10100334448160535
0 0.7474081055607917 0.06722408026755852 0.14514608859566447 0.0862876254180602
0 0.883129123468426 0.06488294314381271 0.14514608859566447 0.09230769230769231
0 0.410933081998115 0.268561872909699 0.14891611687087652 0.08762541806020067
0 0.5768143261074458 0.2588628762541806 0.19227144203581528 0.09230769230769231
0 0.25164938737040526 0.3769230769230769 0.11310084825636192 0.10100334448160535
0 0.36710650329877476 0.368561872909699 0.117813383600377 0.11237458193979934
0 0.6903864278982093 0.8120401337792642 0.21583411875589067 0.10167224080267559
0 0.7992459943449576 0.23745819397993312 0.20358152686145145 0.09096989966555184
0 0.6946277097078228 0.16020066889632106 0.14326107445805844 0.09698996655518395
0 0.6173421300659755 0.7254180602006689 0.11310084825636192 0.09565217391304348
0 0.734684260131951 0.7137123745819398 0.117813383600377 0.09364548494983277
0 0.8393025447690857 0.7023411371237458 0.09142318567389256 0.09899665551839465
0 0.8572101790763431 0.4137123745819398 0.19132893496701225 0.09966555183946488
0 0.49528746465598494 0.36086956521739133 0.14797360980207352 0.10903010033444815
0 0.6267672007540056 0.342809364548495 0.14891611687087652 0.11304347826086956
