0 0.34058988764044945 0.1357409713574097 0.13623595505617977 0.14694894146948942
0 0.15870786516853932 0.13325031133250312 0.17696629213483145 0.1569115815691158
0 0.5407303370786517 0.42528019925280197 0.22752808988764045 0.11581569115815692
0 0.7029494382022472 0.14072229140722292 0.08286516853932584 0.13449564134495642
0 0.5379213483146067 0.2920298879202989 0.26685393258426965 0.1581569115815691
0 0.7689606741573034 0.28953922789539227 0.20646067415730338 0.1581569115815691
0 0.461376404494382 0.5759651307596513 0.19241573033707865 0.1780821917808219
0 0.49157303370786515 0.13760896637608966 0.12078651685393259 0.1581569115815691
0 0.6060393258426966 0.14134495641344957 0.11657303370786516 0.1506849315068493
0 0.15870786516853932 0.2932752179327522 0.22752808988764045 0.17310087173100872
0 0.6952247191011236 0.5765877957658779 0.3146067415730337 0.1519302615193026
0 0.16292134831460675 0.8673723536737236 0.25 0.1980074719800747
0 0.7176966292134831 0.848692403486924 0.49157303370786515 0.19551681195516812
0 0.8349719101123596 0.6874221668742216 0.3047752808988764 0.12702366127023662
0 0.12780898876404495 0.4414694894146949 0.19382022471910113 0.1357409713574097
0 0.9192415730337079 0.4090909090909091 0.11938202247191011 0.11830635118306351
0 0.09339887640449439 0.6064757160647571 0.15589887640449437 0.19676214196762143
0 0.2675561797752809 0.5815691158156912 0.21207865168539325 0.1569115815691158
0 0.9192415730337079 0.547945205479452 0.13623595505617977 0.14196762141967623
