0 0.14256825075834176 0.44644935972060534 0.14155712841253792 0.11059371362048893
0 0.532355915065723 0.33352735739231665 0.1911021233569262 0.13853317811408614
0 0.6911021233569262 0.3277066356228172 0.15470171890798787 0.14551804423748546
0 0.3564206268958544 0.46856810244470315 0.12032355915065723 0.1548311990686845
0 0.5879676440849343 0.6233993015133876 0.18301314459049545 0.13387660069848661
0 0.43124368048533873 0.6129220023282888 0.13245702730030334 0.1362048894062864
0 0.13245702730030334 0.31431897555296856 0.1435793731041456 0.13736903376018628
0 0.2735085945399393 0.3172293364377183 0.17087967644084934 0.13154831199068684
0 0.39332659251769464 0.32479627473806755 0.0910010111223458 0.13038416763678695
0 0.8114256825075834 0.3224679860302678 0.09201213346814964 0.1420256111757858
0 0.9019211324570273 0.3149010477299185 0.10717896865520728 0.12456344586728754
0 0.24823053589484328 0.4481955762514552 0.07785642062689585 0.1210710128055879
0 0.20222446916076844 0.18917345750873107 0.22649140546006066 0.119906868451688
0 0.3862487360970677 0.19324796274738068 0.19211324570273003 0.13271245634458673
0 0.5652173913043478 0.1979045401629802 0.224469160768453 0.11641443538998836
0 0.7300303336703741 0.1979045401629802 0.15166835187057634 0.1280558789289872
0 0.525278058645096 0.4662398137369034 0.21941354903943378 0.13853317811408614
0 0.7300303336703741 0.4679860302677532 0.22649140546006066 0.14668218859138532
0 0.8892821031344793 0.46216530849825377 0.10414560161779575 0.1490104772991851
0 0.11425682507583418 0.5966239813736903 0.14762386248736098 0.1408614668218859
0 0.2730030333670374 0.6088474970896391 0.19413549039433772 0.15133876600698487
0 0.8518705763397371 0.5948777648428405 0.1486349848331648 0.11874272409778813
0 0.9595551061678463 0.5535506402793946 0.0788675429726997 0.10128055878928988
0 0.9464105156723963 0.6536670547147846 0.0910010111223458 0.12223515715948778
