0 0.6068601583113457 0.10106382978723404 0.1662269129287599 0.13356973995271867
0 0.4109498680738786 0.08747044917257683 0.21240105540897097 0.13711583924349882
0 0.18997361477572558 0.23463356973995272 0.31926121372031663 0.1359338061465721
0 0.6418205804749341 0.3752955082742317 0.16226912928759896 0.13829787234042554
0 0.4558047493403694 0.35815602836879434 0.20976253298153033 0.14184397163120568
0 0.487467018469657 0.8197399527186762 0.17282321899736147 0.13829787234042554
0 0.2434036939313984 0.6501182033096927 0.23350923482849603 0.13947990543735225
0 0.11609498680738786 0.5053191489361702 0.20844327176781002 0.1359338061465721
0 0.28891820580474936 0.5153664302600472 0.11345646437994723 0.13947990543735225
0 0.45184696569920846 0.23286052009456265 0.20712401055408972 0.11583924349881797
0 0.8106860158311345 0.09101654846335698 0.21503957783641162 0.1016548463356974
0 0.11477572559366754 0.10224586288416075 0.12928759894459102 0.12174940898345153
0 0.09960422163588391 0.8167848699763594 0.1358839050131926 0.14184397163120568
0 0.27308707124010556 0.7978723404255319 0.21372031662269128 0.15839243498817968
0 0.06530343007915568 0.6459810874704491 0.09630606860158311 0.13120567375886524
0 0.7849604221635884 0.7919621749408984 0.24538258575197888 0.13711583924349882
0 0.07519788918205805 0.3735224586288416 0.12137203166226913 0.14184397163120568
0 0.8951187335092349 0.6282505910165485 0.13852242744063326 0.19976359338061467
0 0.8350923482849604 0.3528368794326241 0.22955145118733508 0.1453900709219858
0 0.4716358839050132 0.491725768321513 0.21767810026385223 0.14657210401891252
0 0.8133245382585752 0.21335697399527187 0.3496042216358839 0.13829787234042554
0 0.8153034300791556 0.4934988179669031 0.2691292875989446 0.12647754137115838
0 0.4492084432717678 0.6501182033096927 0.19920844327176782 0.15602836879432624
0 0.6154353562005277 0.6453900709219859 0.13852242744063326 0.16548463356973994
0 0.7612137203166227 0.6447990543735225 0.1662269129287599 0.16430260047281323
0 0.23944591029023746 0.3664302600472813 0.19656992084432717 0.13947990543735225
0 0.23087071240105542 0.3829787234042553 0.10554089709762533 0.09692671394799054
