0 0.1347517730496454 0.2188449848024316 0.14184397163120568 0.11347517730496454
0 0.2872340425531915 0.21073961499493415 0.1691995947315096 0.13576494427558258
0 0.2689969604863222 0.34599797365754814 0.08814589665653495 0.13880445795339413
0 0.1403242147922999 0.37031408308004055 0.16717325227963525 0.14893617021276595
0 0.4371833839918946 0.3211752786220871 0.23404255319148937 0.160081053698075
0 0.6372847011144883 0.29533941236068895 0.1580547112462006 0.13677811550151975
0 0.7882472137791287 0.2558257345491388 0.1398176291793313 0.09827760891590678
0 0.6874366767983789 0.15501519756838905 0.1408308004052685 0.09321175278622088
0 0.5683890577507599 0.1773049645390071 0.05876393110435663 0.10739614994934144
0 0.4564336372847011 0.1899696048632219 0.15096251266464034 0.13272543059777103
0 0.7183383991894631 0.5511651469098278 0.22695035460992907 0.1661600810536981
0 0.47619047619047616 0.5840932117527862 0.22897669706180346 0.15501519756838905
0 0.196048632218845 0.6357649442755826 0.3009118541033435 0.17325227963525835
0 0.6398176291793313 0.42958459979736574 0.2988855116514691 0.1458966565349544
0 0.41691995947315097 0.45896656534954405 0.06585612968591692 0.12968591691995948
0 0.28318135764944274 0.4817629179331307 0.171225937183384 0.13272543059777103
0 0.11347517730496454 0.5096251266464032 0.1762917933130699 0.14792299898682879
0 0.12310030395136778 0.7750759878419453 0.09827760891590678 0.11752786220871327
0 0.1899696048632219 0.8880445795339412 0.2016210739614995 0.12259371833839919
0 0.6884498480243161 0.9685916919959473 0.06788247213779129 0.0547112462006079
0 0.7811550151975684 0.9549138804457954 0.09523809523809523 0.07193515704154002
0 0.5521783181357649 0.9736575481256332 0.1884498480243161 0.05876393110435663
0 0.41286727456940225 0.8637284701114488 0.13272543059777103 0.13272543059777103
0 0.6271529888551165 0.8591691995947315 0.22492401215805471 0.12968591691995948
0 0.2689969604863222 0.7573454913880446 0.1773049645390071 0.12259371833839919
0 0.5070921985815603 0.7218844984802432 0.3049645390070922 0.1347517730496454
0 0.1707193515704154 0.10536980749746708 0.22796352583586627 0.13576494427558258
0 0.4072948328267477 0.07598784194528875 0.2066869300911854 0.11550151975683891
0 0.6494427558257345 0.057750759878419454 0.24924012158054712 0.0911854103343465
