0 0.05 0.04296875 0.06689655172413793 0.0625
0 0.06137931034482759 0.09874131944444445 0.09379310344827586 0.054253472222222224
0 0.1706896551724138 0.040364583333333336 0.08620689655172414 0.057291666666666664
0 0.17413793103448275 0.09657118055555555 0.09448275862068965 0.055121527777777776
0 0.2410344827586207 0.04210069444444445 0.05586206896551724 0.057291666666666664
0 0.24620689655172415 0.09809027777777778 0.04827586206896552 0.051215277777777776
0 0.06724137931034482 0.2445746527777778 0.08344827586206896 0.05078125
0 0.07379310344827586 0.2940538194444444 0.09655172413793103 0.05164930555555555
0 0.14448275862068966 0.3921440972222222 0.07931034482758621 0.053385416666666664
0 0.056896551724137934 0.4008246527777778 0.05862068965517241 0.05078125
0 0.06344827586206897 0.3478732638888889 0.07586206896551724 0.055989583333333336
0 0.08241379310344828 0.494140625 0.08896551724137931 0.053385416666666664
0 0.06896551724137931 0.4450954861111111 0.09793103448275862 0.04991319444444445
0 0.07724137931034483 0.55078125 0.08827586206896551 0.0546875
0 0.07965517241379311 0.6510416666666666 0.07931034482758621 0.059895833333333336
0 0.17758620689655172 0.6950954861111112 0.11655172413793104 0.06032986111111111
0 0.37344827586206897 0.8806423611111112 0.08620689655172414 0.058159722222222224
0 0.28517241379310343 0.8873697916666666 0.07517241379310345 0.05685763888888889
0 0.06862068965517241 0.8960503472222222 0.09448275862068965 0.062065972222222224
0 0.09 0.9563802083333334 0.1482758620689655 0.05772569444444445
0 0.06482758620689655 0.8478732638888888 0.06620689655172414 0.046440972222222224
0 0.356551724137931 0.7309027777777778 0.08275862068965517 0.050347222222222224
0 0.5775862068965517 0.4099392361111111 0.1386206896551724 0.06293402777777778
0 0.5506896551724138 0.3582899305555556 0.08482758620689655 0.055121527777777776
0 0.7548275862068966 0.3489583333333333 0.09724137931034482 0.0546875
0 0.5548275862068965 0.5251736111111112 0.10275862068965518 0.059895833333333336
0 0.32620689655172413 0.2282986111111111 0.08137931034482758 0.050347222222222224
0 0.4603448275862069 0.21571180555555555 0.09172413793103448 0.057291666666666664
0 0.33413793103448275 0.2764756944444444 0.08758620689655172 0.052083333333333336
0 0.07310344827586207 0.19596354166666666 0.08827586206896551 0.047309027777777776
0 0.3093103448275862 0.1838107638888889 0.04482758620689655 0.04470486111111111
0 0.24551724137931036 0.1462673611111111 0.18758620689655173 0.05642361111111111
0 0.3717241379310345 0.138671875 0.0703448275862069 0.05078125
0 0.05137931034482759 0.15125868055555555 0.06551724137931035 0.046440972222222224
0 0.4593103448275862 0.1733940972222222 0.09379310344827586 0.04210069444444445
0 0.29 0.3326822916666667 0.07379310344827586 0.05251736111111111
0 0.3627586206896552 0.3279079861111111 0.057931034482758624 0.05164930555555555
0 0.46482758620689657 0.3177083333333333 0.07586206896551724 0.051215277777777776
0 0.3396551724137931 0.423828125 0.05172413793103448 0.055989583333333336
0 0.39448275862068966 0.4210069444444444 0.07172413793103448 0.059027777777777776
0 0.4651724137931034 0.4138454861111111 0.08482758620689655 0.06380208333333333
0 0.27034482758620687 0.482421875 0.06896551724137931 0.048177083333333336
0 0.34758620689655173 0.4743923611111111 0.07724137931034483 0.04774305555555555
0 0.4693103448275862 0.4641927083333333 0.07793103448275862 0.046440972222222224
0 0.3351724137931035 0.5236545138888888 0.1724137931034483 0.06727430555555555
0 0.4613793103448276 0.5067274305555556 0.08827586206896551 0.062065972222222224
0 0.06620689655172414 0.6000434027777778 0.05931034482758621 0.046440972222222224
0 0.14103448275862068 0.5926649305555556 0.06827586206896552 0.055121527777777776
0 0.3431034482758621 0.5746527777777778 0.1510344827586207 0.058159722222222224
0 0.4631034482758621 0.5609809027777778 0.08896551724137931 0.046440972222222224
0 0.2827586206896552 0.6304253472222222 0.0703448275862069 0.055989583333333336
0 0.3606896551724138 0.6221788194444444 0.06482758620689655 0.053385416666666664
0 0.46413793103448275 0.6137152777777778 0.08689655172413793 0.05642361111111111
0 0.2831034482758621 0.7365451388888888 0.07379310344827586 0.052083333333333336
0 0.45517241379310347 0.7215711805555556 0.08 0.04991319444444445
0 0.4479310344827586 0.8205295138888888 0.12758620689655173 0.054253472222222224
0 0.46379310344827585 0.8702256944444444 0.07793103448275862 0.052083333333333336
0 0.24655172413793103 0.9422743055555556 0.06827586206896552 0.04774305555555555
0 0.3782758620689655 0.9359809027777778 0.08482758620689655 0.05772569444444445
0 0.4589655172413793 0.7708333333333334 0.09724137931034482 0.04861111111111111
0 0.3258620689655172 0.7825520833333334 0.17448275862068965 0.06076388888888889
0 0.3293103448275862 0.6781684027777778 0.046206896551724136 0.055989583333333336
0 0.37896551724137933 0.6733940972222222 0.06275862068965517 0.06032986111111111
0 0.45689655172413796 0.6692708333333334 0.10137931034482758 0.06163194444444445
0 0.33 0.038628472222222224 0.1193103448275862 0.051215277777777776
0 0.45275862068965517 0.04210069444444445 0.09586206896551724 0.046875
0 0.3351724137931035 0.0920138888888889 0.1310344827586207 0.05381944444444445
0 0.45620689655172414 0.087890625 0.11379310344827587 0.045572916666666664
0 0.4617241379310345 0.130859375 0.09586206896551724 0.04296875
0 0.5837931034482758 0.15538194444444445 0.13724137931034483 0.0642361111111111
0 0.5496551724137931 0.10416666666666667 0.08413793103448276 0.050347222222222224
0 0.5458620689655173 0.04904513888888889 0.06137931034482759 0.051215277777777776
0 0.6272413793103448 0.043619791666666664 0.08344827586206896 0.054253472222222224
0 0.7093103448275863 0.041449652777777776 0.0696551724137931 0.05251736111111111
0 0.8189655172413793 0.03493923611111111 0.15241379310344827 0.05859375
0 0.9224137931034483 0.03493923611111111 0.06827586206896552 0.05772569444444445
0 0.7048275862068966 0.09635416666666667 0.05655172413793103 0.051215277777777776
0 0.8072413793103448 0.2417534722222222 0.12206896551724138 0.05642361111111111
0 0.7055172413793104 0.2502170138888889 0.06344827586206897 0.053385416666666664
0 0.5506896551724138 0.2556423611111111 0.08482758620689655 0.059895833333333336
0 0.886551724137931 0.18663194444444445 0.13310344827586207 0.0546875
0 0.5365517241379311 0.2085503472222222 0.057931034482758624 0.04296875
0 0.5355172413793103 0.3088107638888889 0.04758620689655172 0.04296875
0 0.8958620689655172 0.2925347222222222 0.11448275862068966 0.052083333333333336
0 0.9210344827586207 0.236328125 0.06827586206896552 0.05685763888888889
0 0.6955172413793104 0.4040798611111111 0.07517241379310345 0.059027777777777776
0 0.7955172413793103 0.3956163194444444 0.12344827586206897 0.06380208333333333
0 0.5344827586206896 0.4709201388888889 0.05379310344827586 0.04774305555555555
0 0.6610344827586206 0.4646267361111111 0.08068965517241379 0.055989583333333336
0 0.7258620689655172 0.4613715277777778 0.06 0.05555555555555555
0 0.8262068965517242 0.4529079861111111 0.14206896551724138 0.06032986111111111
0 0.733103448275862 0.5134548611111112 0.08827586206896551 0.058159722222222224
0 0.8182758620689655 0.5049913194444444 0.04482758620689655 0.04991319444444445
0 0.9282758620689655 0.4928385416666667 0.07586206896551724 0.05772569444444445
0 0.5403448275862069 0.5809461805555556 0.05586206896551724 0.053385416666666664
0 0.6113793103448276 0.5731336805555556 0.05724137931034483 0.055121527777777776
0 0.7903448275862069 0.5581597222222222 0.0993103448275862 0.058159722222222224
0 0.9017241379310345 0.5470920138888888 0.1096551724137931 0.053385416666666664
0 0.5610344827586207 0.6321614583333334 0.1 0.05772569444444445
0 0.743448275862069 0.6169704861111112 0.15448275862068966 0.06901041666666667
0 0.5479310344827586 0.6825086805555556 0.08758620689655172 0.05164930555555555
0 0.7051724137931035 0.6701388888888888 0.08896551724137931 0.05381944444444445
0 0.7982758620689655 0.6655815972222222 0.08896551724137931 0.05946180555555555
0 0.9175862068965517 0.6553819444444444 0.07793103448275862 0.05555555555555555
0 0.5296551724137931 0.7328559027777778 0.0496551724137931 0.046440972222222224
0 0.6796551724137931 0.7259114583333334 0.07793103448275862 0.05685763888888889
0 0.7448275862068966 0.7209201388888888 0.04551724137931035 0.04774305555555555
0 0.836551724137931 0.7126736111111112 0.14206896551724138 0.05295138888888889
0 0.5741379310344827 0.7838541666666666 0.1386206896551724 0.06163194444444445
0 0.55 0.8383246527777778 0.0696551724137931 0.05078125
0 0.5513793103448276 0.8891059027777778 0.08068965517241379 0.05078125
0 0.703103448275862 0.8812934027777778 0.15655172413793103 0.06987847222222222
0 0.7620689655172413 0.9325086805555556 0.06344827586206897 0.055121527777777776
0 0.7148275862068966 0.8216145833333334 0.08068965517241379 0.05555555555555555
0 0.7779310344827586 0.8187934027777778 0.04689655172413793 0.04991319444444445
0 0.8224137931034483 0.8756510416666666 0.08482758620689655 0.06901041666666667
0 0.9158620689655173 0.8565538194444444 0.10482758620689656 0.055989583333333336
0 0.8106896551724138 0.7634548611111112 0.17310344827586208 0.0625
0 0.8662068965517241 0.8103298611111112 0.1296551724137931 0.058159722222222224
0 0.9251724137931034 0.333984375 0.07103448275862069 0.055989583333333336
0 0.7896551724137931 0.1401909722222222 0.09793103448275862 0.057291666666666664
0 0.8889655172413793 0.13736979166666666 0.09793103448275862 0.053385416666666664
0 0.9120689655172414 0.08745659722222222 0.06689655172413793 0.046440972222222224
0 0.5213793103448275 0.9409722222222222 0.05241379310344828 0.05295138888888889
0 0.6544827586206896 0.9366319444444444 0.15310344827586206 0.05555555555555555
0 0.8710344827586207 0.93359375 0.13655172413793104 0.05642361111111111
0 0.44689655172413795 0.2688802083333333 0.11172413793103449 0.053385416666666664
0 0.4413793103448276 0.3617621527777778 0.13793103448275862 0.04991319444444445
0 0.06896551724137931 0.7996961805555556 0.08689655172413793 0.045572916666666664
