0 0.09533898305084745 0.10680447889750215 0.13347457627118645 0.10335917312661498
0 0.11122881355932203 0.23772609819121446 0.1864406779661017 0.1343669250645995
0 0.8485169491525424 0.33161068044788977 0.1673728813559322 0.12575366063738158
0 0.1440677966101695 0.3953488372093023 0.22245762711864406 0.13608957795004306
0 0.3665254237288136 0.07321274763135228 0.24364406779661016 0.12919896640826872
0 0.3702330508474576 0.1920757967269595 0.263771186440678 0.13608957795004306
0 0.10911016949152542 0.5417743324720069 0.13983050847457626 0.12919896640826872
0 0.1694915254237288 0.6752799310938846 0.2690677966101695 0.14125753660637383
0 0.1292372881355932 0.8096468561584841 0.1716101694915254 0.13092161929371232
0 0.3326271186440678 0.813953488372093 0.21822033898305085 0.1429801894918174
0 0.8495762711864406 0.06373815676141258 0.1864406779661017 0.09991386735572783
0 0.8326271186440678 0.1739879414298019 0.211864406779661 0.10335917312661498
0 0.7574152542372882 0.6494401378122309 0.3453389830508475 0.12058570198105081
0 0.430614406779661 0.6503014642549526 0.2616525423728814 0.1119724375538329
0 0.5407838983050848 0.8044788975021533 0.19385593220338984 0.1343669250645995
0 0.7288135593220338 0.788975021533161 0.19491525423728814 0.11714039621016366
0 0.8898305084745762 0.772609819121447 0.1440677966101695 0.0913006029285099
0 0.5948093220338984 0.9069767441860465 0.2044491525423729 0.0913006029285099
0 0.8220338983050848 0.8906115417743324 0.2457627118644068 0.1343669250645995
0 0.3432203389830508 0.35228251507321273 0.11652542372881355 0.0913006029285099
0 0.3538135593220339 0.5228251507321274 0.20127118644067796 0.1429801894918174
0 0.3707627118644068 0.5400516795865633 0.125 0.09819121447028424
