0 0.18428372739916551 0.7436823104693141 0.29902642559109877 0.13959085439229843
0 0.2357440890125174 0.09205776173285199 0.3184979137691238 0.16004813477737664
0 0.5611961057023644 0.07942238267148015 0.29902642559109877 0.13237063778580024
0 0.8261474269819193 0.07882069795427196 0.22253129346314326 0.1095066185318893
0 0.6210013908205841 0.1967509025270758 0.2712100139082058 0.15042117930204574
0 0.8518776077885952 0.20336943441636582 0.19888734353268428 0.15162454873646208
0 0.08762169680111266 0.5770156438026474 0.16133518776077885 0.17208182912154033
0 0.32614742698191934 0.5752105896510229 0.3657858136300417 0.1684717208182912
0 0.5730180806675939 0.5607701564380265 0.16411682892906815 0.13237063778580024
0 0.4534075104311544 0.7310469314079422 0.19471488178025034 0.15042117930204574
0 0.6578581363004172 0.717208182912154 0.20584144645340752 0.11552346570397112
0 0.825452016689847 0.7111913357400722 0.16550764951321278 0.13477737665463296
0 0.17941585535465926 0.8658243080625753 0.29763560500695413 0.1263537906137184
0 0.437413073713491 0.8640192539109507 0.21557719054242003 0.13237063778580024
0 0.6369958275382476 0.8477737665463297 0.20305980528511822 0.1624548736462094
0 0.7642559109874826 0.558965102286402 0.26008344923504867 0.17448856799037304
0 0.9415855354659249 0.5348977135980746 0.12239221140472879 0.15282791817087846
0 0.4958275382475661 0.9657039711191335 0.14325452016689846 0.07821901323706378
0 0.7406119610570236 0.9494584837545126 0.35465924895688455 0.10348977135980746
0 0.8324061196105702 0.8315282791817088 0.20723226703755215 0.15403128760529483
0 0.958970792767733 0.8098676293622142 0.0737134909596662 0.1829121540312876
