0 0.8538961038961039 0.09310850439882698 0.17207792207792208 0.13636363636363635
0 0.2215909090909091 0.11143695014662756 0.30357142857142855 0.15542521994134897
0 0.15016233766233766 0.4897360703812317 0.2159090909090909 0.20527859237536658
0 0.411525974025974 0.4809384164222874 0.3327922077922078 0.16129032258064516
0 0.6566558441558441 0.46480938416422285 0.1737012987012987 0.12316715542521994
0 0.8498376623376623 0.4596774193548387 0.19642857142857142 0.15395894428152493
0 0.1599025974025974 0.6766862170087976 0.2288961038961039 0.14809384164222875
0 0.4180194805194805 0.6788856304985337 0.2775974025974026 0.187683284457478
0 0.7678571428571429 0.6348973607038123 0.4025974025974026 0.2287390029325513
0 0.12824675324675325 0.8306451612903226 0.19480519480519481 0.18914956011730205
0 0.3336038961038961 0.8365102639296188 0.22564935064935066 0.14222873900293256
0 0.5689935064935064 0.844574780058651 0.26461038961038963 0.1378299120234604
0 0.7784090909090909 0.8130498533724341 0.16071428571428573 0.17155425219941348
0 0.9293831168831169 0.7756598240469208 0.12824675324675325 0.2287390029325513
