0 0.37186629526462395 0.16365824308062576 0.19498607242339833 0.17087845968712395
0 0.5877437325905293 0.450661853188929 0.1615598885793872 0.1552346570397112
0 0.3955431754874652 0.4693140794223827 0.18662952646239556 0.16365824308062576
0 0.10306406685236769 0.4711191335740072 0.17827298050139276 0.17448856799037304
0 0.15250696378830084 0.154632972322503 0.21587743732590528 0.1793020457280385
0 0.1511142061281337 0.31708784596871237 0.24094707520891365 0.13116726835138387
0 0.6371866295264624 0.3008423586040915 0.2743732590529248 0.15162454873646208
0 0.8266016713091922 0.12575210589651023 0.18245125348189414 0.15042117930204574
0 0.11629526462395544 0.6395908543922985 0.2075208913649025 0.16726835138387486
0 0.3412256267409471 0.6077015643802648 0.26740947075208915 0.15162454873646208
0 0.552924791086351 0.6046931407942239 0.15598885793871867 0.1552346570397112
0 0.46448467966573814 0.7641395908543923 0.31337047353760444 0.15643802647412755
0 0.8015320334261838 0.7364620938628159 0.35236768802228413 0.16606498194945848
0 0.8767409470752089 0.27617328519855594 0.1713091922005571 0.16726835138387486
0 0.8662952646239555 0.4326113116726835 0.11977715877437325 0.16004813477737664
0 0.8091922005571031 0.5728038507821901 0.31754874651810583 0.2045728038507822
