0 0.16906474820143885 0.7173123486682809 0.26618705035971224 0.1368038740920097
0 0.439568345323741 0.7348668280871671 0.28633093525179854 0.18401937046004843
0 0.3683453237410072 0.5599273607748184 0.1841726618705036 0.1343825665859564
0 0.14676258992805755 0.5617433414043583 0.1841726618705036 0.17191283292978207
0 0.5669064748201439 0.5774818401937046 0.18992805755395684 0.1549636803874092
0 0.6992805755395683 0.8753026634382567 0.1985611510791367 0.23728813559322035
0 0.15251798561151078 0.8795399515738499 0.27050359712230215 0.18038740920096852
0 0.8467625899280575 0.5641646489104116 0.22014388489208633 0.15738498789346247
0 0.8784172661870504 0.8565375302663438 0.1712230215827338 0.1900726392251816
0 0.43237410071942445 0.8819612590799032 0.32661870503597124 0.1682808716707022
0 0.7553956834532374 0.7027845036319612 0.34820143884892085 0.13196125907990314
0 0.9683453237410072 0.7112590799031477 0.06906474820143885 0.1343825665859564
