0 0.7918994413407822 0.12054120541205413 0.18156424581005587 0.13776137761377613
0 0.25558659217877094 0.11562115621156212 0.2709497206703911 0.15252152521525214
0 0.18226256983240224 0.5824108241082411 0.2164804469273743 0.15867158671586715
0 0.42946927374301674 0.5725707257072571 0.29748603351955305 0.17097170971709716
0 0.6410614525139665 0.567650676506765 0.13966480446927373 0.12915129151291513
0 0.784217877094972 0.531980319803198 0.138268156424581 0.18327183271832717
0 0.9168994413407822 0.540590405904059 0.16620111731843576 0.13407134071340712
0 0.2346368715083799 0.7195571955719557 0.28212290502793297 0.13284132841328414
0 0.4979050279329609 0.7097170971709718 0.2388268156424581 0.14022140221402213
0 0.797486033519553 0.6918819188191881 0.3854748603351955 0.18081180811808117
0 0.1941340782122905 0.8456334563345633 0.19273743016759776 0.13161131611316113
0 0.3791899441340782 0.8468634686346863 0.17737430167597765 0.12669126691266913
0 0.6012569832402235 0.8536285362853628 0.26955307262569833 0.13530135301353013
0 0.8184357541899442 0.8413284132841329 0.14804469273743018 0.15744157441574416
0 0.9329608938547486 0.8339483394833949 0.0893854748603352 0.18942189421894218
