0 0.07985837922895359 0.059269893355209186 0.07317073170731707 0.04799015586546349
0 0.1872541306058222 0.05311730926989335 0.12273800157356413 0.053732567678424936
0 0.33280881195908735 0.046554552912223136 0.16837136113296616 0.04881050041017227
0 0.46734854445318647 0.04634946677604594 0.1054287962234461 0.05578342904019688
0 0.6101494885916601 0.04716981132075472 0.14555468135326516 0.0475799835931091
0 0.07238394964594808 0.11546349466776046 0.06136900078678206 0.05701394585726005
0 0.16601101494885917 0.10705496308449548 0.11801730920535011 0.05004101722723544
0 0.3084185680566483 0.10213289581624282 0.16679779701022818 0.054142739950779326
0 0.06923682140047208 0.17001640689089417 0.06294256490952006 0.05783429040196883
0 0.16994492525570418 0.15545529122231339 0.13847364280094415 0.04922067268252666
0 0.19000786782061369 0.2136997538966366 0.15499606608969316 0.05004101722723544
0 0.1848937844217152 0.272149302707137 0.14162077104642015 0.05701394585726005
0 0.17938630999213218 0.33470057424118127 0.16050354051927615 0.05578342904019688
0 0.17859952793076317 0.39007383100902376 0.15106215578284815 0.05086136177194422
0 0.0979543666404406 0.5141509433962265 0.12037765538945712 0.0660377358490566
0 0.21951219512195122 0.5116899097621 0.13060582218725414 0.06685808039376538
0 0.08379228953579858 0.45488105004101725 0.0920535011801731 0.05086136177194422
0 0.07041699449252557 0.344954881050041 0.07631785995279308 0.05906480721903199
0 0.8745082612116444 0.3133716160787531 0.16601101494885917 0.06562756357670221
0 0.6050354051927616 0.32567678424938473 0.22974036191974823 0.05742411812961444
0 0.35680566483084186 0.32936833470057425 0.1990558615263572 0.05824446267432322
0 0.36152635719905585 0.2719442165709598 0.23052714398111723 0.06070549630844955
0 0.5059008654602675 0.2666119770303528 0.08025177025963807 0.06562756357670221
0 0.3304484657749803 0.2139048400328138 0.13690007867820614 0.04799015586546349
0 0.5043273013375295 0.20877768662838392 0.16207710464201416 0.06316652994257588
0 0.8776553894571204 0.14191960623461855 0.14398111723052714 0.05742411812961444
0 0.33438237608182536 0.5065627563576702 0.11644374508261211 0.06644790812141099
0 0.495279307631786 0.48995077932731745 0.18332022029897718 0.04634946677604594
0 0.7006294256490952 0.48666940114848234 0.16286388670338317 0.05947497949138638
0 0.9000786782061369 0.47662018047579985 0.11487018095987411 0.05660377358490566
0 0.0904799370574351 0.5777276456111566 0.08497246262785209 0.05701394585726005
0 0.07907159716758458 0.6304347826086957 0.08103855232100708 0.05332239540607055
0 0.10621557828481511 0.6829368334700574 0.12588512981904013 0.05332239540607055
0 0.09126671911880409 0.7362592288761279 0.0991345397324941 0.051681706316652996
0 0.08969315499606609 0.8634126333059885 0.08339889850511409 0.05332239540607055
0 0.2037765538945712 0.8519278096800657 0.10700236034618411 0.06070549630844955
0 0.37922895357985836 0.8461853978671042 0.24704956726986624 0.052502050861361775
0 0.6148701809598741 0.7813781788351107 0.19276160503540518 0.06726825266611977
0 0.2745869394177813 0.787940935192781 0.13690007867820614 0.062346185397867106
0 0.18371361132966169 0.7335931091058244 0.08261211644374508 0.054552912223133715
0 0.2808811959087333 0.7294913863822805 0.12431156569630213 0.04963084495488105
0 0.4189614476789929 0.7301066447908121 0.15499606608969316 0.06152584085315833
0 0.533831628638867 0.7270303527481542 0.07789142407553108 0.03978671041837572
0 0.6715184893784422 0.7227235438884332 0.15656963021243114 0.054963084495488104
0 0.8941778127458694 0.7141099261689909 0.08418568056648308 0.05086136177194422
0 0.8678206136900078 0.6566858080393765 0.14319433516915814 0.06890894175553733
0 0.6294256490952006 0.6644790812141099 0.21243115656963021 0.06316652994257588
0 0.24272226593233676 0.6784249384741592 0.16915814319433517 0.054142739950779326
0 0.4276160503540519 0.6743232157506153 0.16601101494885917 0.05578342904019688
0 0.1966955153422502 0.6279737489745694 0.13060582218725414 0.051681706316652996
0 0.31156569630212433 0.625512715340443 0.12745869394177814 0.051681706316652996
0 0.4189614476789929 0.6214109926168991 0.0936270653029111 0.051681706316652996
0 0.543273013375295 0.6177194421657096 0.15184893784421716 0.052502050861361775
0 0.6719118804091266 0.6093109105824446 0.1054287962234461 0.055373256767842494
0 0.7682926829268293 0.6045939294503692 0.10306845003933911 0.05824446267432322
0 0.8996852871754524 0.5943396226415094 0.16286388670338317 0.06562756357670221
0 0.4492525570416995 0.5582444626743233 0.14476789929189615 0.07136997538966366
0 0.24665617623918173 0.5676784249384742 0.2147915027537372 0.06398687448728466
0 0.6223446105428796 0.5455291222313372 0.15892997639653816 0.06152584085315833
0 0.7623918174665618 0.5422477440525021 0.12116443745082613 0.06152584085315833
0 0.9051927616050354 0.5336341263330598 0.17073170731707318 0.07547169811320754
0 0.06687647521636507 0.28158326497128794 0.07867820613690008 0.06685808039376538
0 0.6341463414634146 0.2606644790812141 0.1919748229740362 0.07588187038556193
0 0.06766325727773406 0.40217391304347827 0.07867820613690008 0.05291222313371616
0 0.43430369787568845 0.10377358490566038 0.08811959087332809 0.052502050861361775
0 0.5837922895357985 0.10069729286300245 0.1919748229740362 0.05701394585726005
0 0.7324940991345398 0.09454470877768663 0.13217938630999213 0.055373256767842494
0 0.8666404405979544 0.0881870385561936 0.1093627065302911 0.05086136177194422
0 0.7022029897718332 0.15196882690730107 0.17387883556254918 0.05619360131255127
0 0.8229740361919748 0.19770303527481542 0.2989771833202203 0.06480721903199343
0 0.7773406766325728 0.2635356849876948 0.14162077104642015 0.07260049220672682
0 0.8839496459480723 0.25164068908941756 0.07789142407553108 0.061936013125512716
0 0.9579071597167584 0.23789991796554552 0.07631785995279308 0.034454470877768664
0 0.3823760818253344 0.44339622641509435 0.2250196695515342 0.06480721903199343
0 0.6227380015735641 0.43211648892534865 0.21007081038552322 0.0660377358490566
0 0.8756884343036979 0.42391304347826086 0.17309205350118018 0.06357670221493027
0 0.3902439024390244 0.3865873666940115 0.16207710464201416 0.06111566858080394
0 0.8650668764752164 0.36915504511895 0.2147915027537372 0.05742411812961444
0 0.8709677419354839 0.7709187858900738 0.16994492525570418 0.06849876948318294
0 0.5310778914240756 0.8925348646431501 0.16207710464201416 0.054142739950779326
0 0.7045633359559402 0.8855619360131255 0.17545239968528717 0.05578342904019688
0 0.8320220298977183 0.8777686628383922 0.08575924468922108 0.06316652994257588
0 0.9327301337529504 0.8726415094339622 0.11880409126671912 0.06439704675963905
0 0.50786782061369 0.9403199343724364 0.16601101494885917 0.04963084495488105
0 0.6726986624704957 0.9411402789171452 0.16365066876475218 0.0586546349466776
0 0.8485444531864673 0.9374487284659557 0.2022029897718332 0.05783429040196883
0 0.8402832415420929 0.038761279737489746 0.2108575924468922 0.05291222313371616
0 0.0979543666404406 0.7856849876948319 0.07002360346184107 0.033223954060705496
0 0.12470495672698663 0.7936833470057424 0.16915814319433517 0.06890894175553733
0 0.3107789142407553 0.1579163248564397 0.1038552321007081 0.06070549630844955
0 0.4948859166011015 0.15176374077112387 0.21400472069236823 0.062346185397867106
