0 0.7174959871589085 0.14986187845303867 0.3884430176565008 0.17265193370165746
0 0.16773675762439808 0.15538674033149172 0.2231139646869984 0.1781767955801105
0 0.13081861958266452 0.5138121546961326 0.17174959871589085 0.1850828729281768
0 0.49518459069020865 0.3363259668508287 0.26163723916532905 0.1781767955801105
0 0.3507223113964687 0.49171270718232046 0.2808988764044944 0.1712707182320442
0 0.5730337078651685 0.4951657458563536 0.17014446227929375 0.15607734806629833
0 0.15329052969502407 0.3335635359116022 0.22632423756019263 0.18922651933701656
0 0.848314606741573 0.32044198895027626 0.18459069020866772 0.1685082872928177
0 0.2463884430176565 0.7824585635359116 0.37720706260032105 0.2223756906077348
0 0.5914927768860353 0.7859116022099447 0.3451043338683788 0.1878453038674033
0 0.7913322632423756 0.6222375690607734 0.3563402889245586 0.1671270718232044
0 0.797752808988764 0.47928176795580113 0.29213483146067415 0.16022099447513813
