0 0.1715758468335788 0.3298835705045278 0.29896907216494845 0.13971539456662355
0 0.15537555228276878 0.48253557567917205 0.26362297496318116 0.1448900388098318
0 0.3556701030927835 0.6972833117723156 0.21944035346097202 0.17076326002587322
0 0.6369661266568483 0.6882276843467011 0.33431516936671574 0.17076326002587322
0 0.7982326951399117 0.3163001293661061 0.3122238586156112 0.1384217335058215
0 0.4263622974963181 0.4890038809831824 0.29013254786450665 0.16817593790426907
0 0.13696612665684832 0.7166882276843467 0.2268041237113402 0.15523932729624837
0 0.8232695139911634 0.7820181112548512 0.32989690721649484 0.1591203104786546
0 0.13917525773195877 0.8279430789133247 0.15169366715758467 0.10608020698576973
0 0.6892488954344624 0.47283311772315656 0.24742268041237114 0.16688227684346701
0 0.8991163475699558 0.648771021992238 0.20176730486008837 0.1539456662354463
0 0.9057437407952872 0.538163001293661 0.13843888070692195 0.10090556274256145
0 0.6539027982326951 0.9754204398447607 0.12371134020618557 0.054333764553686936
