0 0.0901077375122429 0.3635307781649245 0.06856023506366307 0.1091753774680604
0 0.21057786483839372 0.3600464576074332 0.17238001958863858 0.11149825783972125
0 0.37071498530852104 0.3600464576074332 0.15181194906953965 0.11149825783972125
0 0.534769833496572 0.34494773519163763 0.16062683643486778 0.1091753774680604
0 0.15964740450538686 0.4732868757259001 0.23310479921645447 0.12659698025551683
0 0.37904015670910873 0.46806039488966317 0.1841332027424094 0.11846689895470383
0 0.6385896180215475 0.5929152148664344 0.178256611165524 0.12427409988385599
0 0.08570029382957885 0.6062717770034843 0.0871694417238002 0.12775842044134728
0 0.2277179236043095 0.6051103368176539 0.17531831537708129 0.15098722415795587
0 0.4240940254652302 0.6022067363530779 0.22331047992164543 0.13821138211382114
0 0.7879529872673849 0.5847851335656213 0.12634671890303623 0.140534262485482
0 0.7331047992164544 0.32984901277584205 0.23996082272282077 0.13472706155632985
0 0.6914789422135161 0.727061556329849 0.20959843290891284 0.148664343786295
0 0.31929480901077373 0.8420441347270615 0.08619000979431929 0.12311265969802555
0 0.4593535749265426 0.8530778164924506 0.1762977473065622 0.12195121951219512
0 0.1714005876591577 0.8455284552845529 0.20568070519098922 0.11149825783972125
0 0.6376101860920667 0.8507549361207898 0.17042115572967678 0.1173054587688734
0 0.8364348677766895 0.8461091753774681 0.22331047992164543 0.13356562137049943
0 0.5102840352595495 0.7340301974448316 0.17238001958863858 0.1207897793263647
0 0.4338883447600392 0.24448315911730545 0.15866797257590598 0.1173054587688734
0 0.24681684622918706 0.1295005807200929 0.13907933398628794 0.11265969802555169
0 0.1405484818805093 0.25319396051103366 0.14985308521057786 0.11846689895470383
0 0.28305582761998044 0.24099883855981416 0.10773751224289912 0.11962833914053426
0 0.1287952987267385 0.13704994192799072 0.12047012732615084 0.11382113821138211
0 0.4030362389813908 0.1254355400696864 0.1733594515181195 0.1254355400696864
0 0.574926542605289 0.11846689895470383 0.17042115572967678 0.13472706155632985
0 0.7727717923604309 0.10975609756097561 0.24094025465230168 0.14285714285714285
0 0.6263467189030363 0.23809523809523808 0.21253672869735554 0.10685249709639953
0 0.8423114593535749 0.2259001161440186 0.21743388834476005 0.10569105691056911
0 0.5572967678746327 0.4628339140534262 0.17238001958863858 0.13356562137049943
0 0.767384916748286 0.4523809523809524 0.23212536728697356 0.14285714285714285
0 0.14152791380999022 0.724157955865273 0.16748285994123407 0.09407665505226481
0 0.3207639569049951 0.7311265969802555 0.19490695396669933 0.11033681765389082
0 0.8658178256611165 0.7125435540069687 0.13907933398628794 0.13588850174216027
0 0.6180215475024485 0.9558652729384437 0.15866797257590598 0.09291521486643438
0 0.3952007835455436 0.9494773519163763 0.22428991185112634 0.09407665505226481
0 0.20029382957884426 0.9227642276422764 0.0910871694417238 0.07084785133565621
0 0.10479921645445642 0.9070847851335656 0.05680705190989226 0.05807200929152149
0 0.7786483839373164 0.9506387921022067 0.12536728697355534 0.07084785133565621
