0 0.13161290322580646 0.09945054945054944 0.16774193548387098 0.13736263736263737
0 0.33483870967741935 0.21263736263736263 0.12774193548387097 0.12637362637362637
0 0.5464516129032259 0.08791208791208792 0.22064516129032258 0.13626373626373625
0 0.7819354838709678 0.07802197802197802 0.23225806451612904 0.12307692307692308
0 0.0935483870967742 0.34835164835164834 0.09935483870967741 0.11868131868131868
0 0.11096774193548387 0.4703296703296703 0.14967741935483872 0.10989010989010989
0 0.11096774193548387 0.8983516483516484 0.14193548387096774 0.11538461538461539
0 0.09806451612903226 0.6934065934065934 0.1135483870967742 0.13186813186813187
0 0.26903225806451614 0.6868131868131868 0.22064516129032258 0.12967032967032968
0 0.28258064516129033 0.8983516483516484 0.21935483870967742 0.13296703296703297
0 0.29935483870967744 0.5791208791208792 0.17290322580645162 0.08791208791208792
0 0.2503225806451613 0.3373626373626374 0.21161290322580645 0.12967032967032968
0 0.1503225806451613 0.21813186813186813 0.24387096774193548 0.12637362637362637
0 0.5025806451612903 0.5697802197802198 0.2541935483870968 0.11978021978021978
0 0.7264516129032258 0.5527472527472528 0.20903225806451614 0.13186813186813187
0 0.4780645161290323 0.4554945054945055 0.1767741935483871 0.13296703296703297
0 0.9290322580645162 0.41483516483516486 0.1032258064516129 0.14175824175824175
0 0.2896774193548387 0.46373626373626375 0.2103225806451613 0.12087912087912088
0 0.5541935483870968 0.2010989010989011 0.2593548387096774 0.13186813186813187
0 0.812258064516129 0.18846153846153846 0.2 0.1087912087912088
0 0.7341935483870968 0.4269230769230769 0.33548387096774196 0.14835164835164835
0 0.5748387096774193 0.7763736263736264 0.15612903225806452 0.0978021978021978
0 0.7316129032258064 0.7840659340659341 0.14967741935483872 0.11318681318681319
0 0.892258064516129 0.7763736263736264 0.16129032258064516 0.11538461538461539
0 0.43870967741935485 0.6873626373626374 0.1367741935483871 0.12857142857142856
0 0.11870967741935484 0.5747252747252747 0.2064516129032258 0.11868131868131868
0 0.5141935483870967 0.9010989010989011 0.2696774193548387 0.13186813186813187
0 0.6238709677419355 0.3159340659340659 0.5277419354838709 0.15274725274725276
0 0.9296774193548387 0.2835164835164835 0.08645161290322581 0.12087912087912088
0 0.8883870967741936 0.5538461538461539 0.12516129032258064 0.12527472527472527
0 0.5935483870967742 0.6752747252747253 0.19612903225806452 0.11098901098901098
0 0.7948387096774193 0.6725274725274726 0.21419354838709678 0.11208791208791209
0 0.9464516129032258 0.6642857142857143 0.08903225806451613 0.1087912087912088
