0 0.10842880523731588 0.11292134831460675 0.07937806873977087 0.11123595505617978
0 0.18821603927986907 0.1252808988764045 0.10965630114566285 0.10224719101123596
0 0.40180032733224225 0.1196629213483146 0.12111292962356793 0.11797752808988764
0 0.29214402618657936 0.11741573033707865 0.11129296235679215 0.11348314606741573
0 0.5486906710310966 0.2196629213483146 0.14648117839607203 0.10674157303370786
0 0.6407528641571195 0.12247191011235956 0.06710310965630115 0.12134831460674157
0 0.839607201309329 0.12808988764044943 0.06710310965630115 0.10561797752808989
0 0.7418166939443536 0.11853932584269664 0.13502454991816695 0.11573033707865168
0 0.10515548281505728 0.23820224719101124 0.1530278232405892 0.09438202247191012
0 0.057283142389525366 0.3550561797752809 0.05237315875613748 0.10561797752808989
0 0.23690671031096563 0.44719101123595506 0.08592471358428805 0.1146067415730337
0 0.3355155482815057 0.4556179775280899 0.12438625204582651 0.10674157303370786
0 0.5098199672667758 0.5460674157303371 0.12929623567921442 0.11235955056179775
0 0.6227495908346972 0.6494382022471911 0.057283142389525366 0.10786516853932585
0 0.43453355155482815 0.44719101123595506 0.10310965630114566 0.1303370786516854
0 0.5347790507364976 0.1151685393258427 0.16121112929623568 0.12921348314606743
0 0.22749590834697217 0.23370786516853934 0.11292962356792144 0.10561797752808989
0 0.6910801963993454 0.22359550561797753 0.1530278232405892 0.10337078651685393
0 0.8265139116202946 0.22415730337078651 0.12438625204582651 0.09325842696629214
0 0.9300327332242226 0.21685393258426966 0.08919803600654665 0.10786516853932585
0 0.1493453355155483 0.45280898876404496 0.12029459901800327 0.10786516853932585
0 0.5298690671031097 0.4370786516853933 0.1088379705400982 0.10786516853932585
0 0.6329787234042553 0.5443820224719101 0.12684124386252046 0.11123595505617978
0 0.3351063829787234 0.34101123595505617 0.13829787234042554 0.10674157303370786
0 0.19967266775777415 0.33707865168539325 0.11292962356792144 0.10337078651685393
0 0.11088379705400982 0.3544943820224719 0.08265139116202946 0.09550561797752809
0 0.42921440261865795 0.33202247191011236 0.0662847790507365 0.10224719101123596
0 0.5384615384615384 0.33370786516853934 0.16039279869067102 0.1101123595505618
0 0.6399345335515548 0.33314606741573033 0.0851063829787234 0.10449438202247191
0 0.734860883797054 0.3297752808988764 0.12111292962356793 0.11797752808988764
0 0.8531096563011457 0.3241573033707865 0.09574468085106383 0.11797752808988764
0 0.9238952536824877 0.32640449438202246 0.04582651391162029 0.12471910112359551
0 0.7397708674304418 0.7387640449438202 0.0851063829787234 0.10449438202247191
0 0.8494271685761048 0.7325842696629213 0.11129296235679215 0.09213483146067415
0 0.6100654664484452 0.7398876404494382 0.1579378068739771 0.08202247191011236
0 0.5143207855973814 0.6561797752808989 0.13338788870703763 0.09662921348314607
0 0.7377250409165302 0.6460674157303371 0.13502454991816695 0.10112359550561797
0 0.3473813420621931 0.22865168539325842 0.1432078559738134 0.11123595505617978
0 0.3424713584288052 0.5651685393258427 0.13993453355155483 0.10786516853932585
0 0.6722585924713584 0.44269662921348313 0.09574468085106383 0.09662921348314607
0 0.7839607201309329 0.43595505617977526 0.12111292962356793 0.10561797752808989
0 0.8682487725040916 0.43258426966292135 0.07364975450081833 0.09438202247191012
0 0.9398527004909983 0.4337078651685393 0.07774140752864157 0.08314606741573034
0 0.7418166939443536 0.5410112359550562 0.10229132569558101 0.10674157303370786
0 0.8420621931260229 0.5348314606741573 0.12438625204582651 0.10337078651685393
0 0.9484451718494271 0.5275280898876404 0.09656301145662848 0.11573033707865168
