0 0.10793172690763052 0.14116915422885573 0.14357429718875503 0.12064676616915423
0 0.23744979919678716 0.13619402985074627 0.11546184738955824 0.11567164179104478
0 0.10592369477911646 0.2667910447761194 0.1395582329317269 0.1281094527363184
0 0.2389558232931727 0.26119402985074625 0.12048192771084337 0.12437810945273632
0 0.10040160642570281 0.39241293532338306 0.13654618473895583 0.1281094527363184
0 0.09186746987951808 0.5180348258706468 0.13353413654618473 0.13059701492537312
0 0.22740963855421686 0.38681592039800994 0.13353413654618473 0.12437810945273632
0 0.22289156626506024 0.5149253731343284 0.13453815261044177 0.12686567164179105
0 0.38353413654618473 0.2468905472636816 0.17269076305220885 0.1256218905472637
0 0.5371485943775101 0.23756218905472637 0.10441767068273092 0.11940298507462686
0 0.3820281124497992 0.3681592039800995 0.18373493975903615 0.1417910447761194
0 0.3810240963855422 0.4987562189054726 0.1857429718875502 0.13681592039800994
0 0.5331325301204819 0.48818407960199006 0.13253012048192772 0.13557213930348258
0 0.7429718875502008 0.6131840796019901 0.23493975903614459 0.1318407960199005
0 0.7464859437751004 0.753731343283582 0.25 0.14925373134328357
0 0.3514056224899598 0.6349502487562189 0.1927710843373494 0.13308457711442787
0 0.6852409638554217 0.46766169154228854 0.17771084337349397 0.15920398009950248
0 0.8534136546184738 0.48196517412935325 0.12048192771084337 0.13308457711442787
0 0.8323293172690763 0.8980099502487562 0.2389558232931727 0.12935323383084577
0 0.5753012048192772 0.35385572139303484 0.18674698795180722 0.13308457711442787
0 0.6320281124497992 0.23818407960199006 0.07931726907630522 0.10074626865671642
0 0.3815261044176707 0.12686567164179105 0.17269076305220885 0.11691542288557213
0 0.5170682730923695 0.12251243781094527 0.08032128514056225 0.10572139303482588
