0 0.1865 0.22067401166558653 0.183 0.11600777705767984
0 0.2705 0.8282566429034348 0.259 0.09721322099805574
0 0.4995 0.8327932598833442 0.217 0.09980557355800389
0 0.082 0.8198314970836034 0.128 0.0881399870382372
0 0.1 0.9053791315618924 0.146 0.07388204795852236
0 0.22 0.8930654569021387 0.062 0.037589112119248216
0 0.2455 0.9102397926117952 0.141 0.07712248865845756
0 0.383 0.9086195722618277 0.14 0.08425145819831498
0 0.493 0.907647440051847 0.094 0.08360337005832794
0 0.6235 0.9073233959818535 0.171 0.0881399870382372
0 0.8465 0.8904731043421905 0.271 0.09980557355800389
0 0.0665 0.23169151004536617 0.105 0.101749837977965
0 0.5735 0.18956578094620868 0.155 0.09008425145819832
0 0.701 0.19215813350615685 0.126 0.084899546338302
0 0.899 0.11827608554763448 0.096 0.07453013609850939
0 0.916 0.19086195722618277 0.094 0.07582631237848347
0 0.7675 0.10401814646791964 0.125 0.08878807517822424
0 0.6355 0.10985093972780298 0.149 0.07453013609850939
0 0.065 0.12961762799740764 0.098 0.08036292935839275
0 0.496 0.9773169151004537 0.108 0.0440699935191186
0 0.619 0.9750486066104991 0.144 0.05119896305897602
0 0.1635 0.10758263123784835 0.065 0.04277381723914452
0 0.2055 0.11924821775761503 0.191 0.08425145819831498
0 0.5055 0.10920285158781594 0.123 0.07193778353856124
0 0.553 0.03823720025923526 0.086 0.053143227478937134
0 0.6535 0.03791315618924174 0.149 0.057679844458846406
0 0.898 0.043745949449125084 0.116 0.056383668178872325
