0 0.1273170731707317 0.14253135689851767 0.11024390243902439 0.10262257696693272
0 0.6360975609756098 0.08551881413911061 0.1248780487804878 0.10034207525655645
0 0.7960975609756098 0.09350057012542759 0.17365853658536584 0.07753705815279362
0 0.7385365853658536 0.2594070695553022 0.13463414634146342 0.11972633979475485
0 0.5995121951219512 0.47776510832383123 0.07121951219512195 0.10946408209806158
0 0.4980487804878049 0.48973774230330674 0.13170731707317074 0.11060433295324971
0 0.7278048780487805 0.6003420752565565 0.05853658536585366 0.08095781071835804
0 0.7317073170731707 0.67787913340935 0.06829268292682927 0.09920182440136831
0 0.6560975609756098 0.7696693272519954 0.06536585365853659 0.09578107183580388
0 0.1326829268292683 0.8232611174458381 0.1404878048780488 0.11630558722919042
0 0.30048780487804877 0.8038768529076397 0.08585365853658537 0.10034207525655645
0 0.4892682926829268 0.7896237172177879 0.22146341463414634 0.11288483466362599
0 0.09463414634146342 0.7286202964652223 0.10926829268292683 0.10034207525655645
0 0.09317073170731707 0.6259977194982896 0.11219512195121951 0.11402508551881414
0 0.26 0.6088939566704675 0.1824390243902439 0.10262257696693272
0 0.24878048780487805 0.7120866590649944 0.11707317073170732 0.10604332953249715
0 0.0975609756097561 0.41163055872291904 0.11707317073170732 0.09806157354618016
0 0.25658536585365854 0.507981755986317 0.1248780487804878 0.11288483466362599
0 0.22682926829268293 0.3956670467502851 0.12195121951219512 0.10946408209806158
0 0.364390243902439 0.38768529076396807 0.15121951219512195 0.11858608893956671
0 0.4175609756097561 0.2799315849486887 0.1795121951219512 0.10148232611174458
0 0.27951219512195125 0.12713797035347776 0.2 0.11744583808437856
0 0.47024390243902436 0.10775370581527936 0.1951219512195122 0.12200684150513112
0 0.1302439024390244 0.23888255416191562 0.12975609756097561 0.09692132269099202
0 0.2326829268292683 0.21721778791334093 0.05951219512195122 0.07411630558722919
0 0.33414634146341465 0.20923603192702395 0.10634146341463414 0.06499429874572406
0 0.2448780487804878 0.29418472063854045 0.13073170731707318 0.09350057012542759
0 0.11073170731707317 0.31927023945267957 0.1278048780487805 0.08893956670467502
0 0.584390243902439 0.27309007981755984 0.15804878048780488 0.10604332953249715
0 0.5360975609756098 0.3734321550741163 0.1980487804878049 0.10148232611174458
0 0.7102439024390244 0.35917901938426455 0.13073170731707318 0.09122006841505131
0 0.8395121951219512 0.34720638540478904 0.09853658536585366 0.1265678449258837
0 0.9170731707317074 0.3278221208665906 0.07804878048780488 0.12884834663625996
0 0.1048780487804878 0.5148232611174458 0.12390243902439024 0.09236031927023945
0 0.3697560975609756 0.49942987457240595 0.1151219512195122 0.09578107183580388
0 0.43609756097560975 0.6020524515393386 0.1424390243902439 0.10946408209806158
0 0.593170731707317 0.5952109464082098 0.17170731707317075 0.11174458380843785
0 0.39170731707317075 0.7041049030786773 0.15317073170731707 0.09464082098061574
0 0.5721951219512195 0.6921322690992018 0.19609756097560976 0.08893956670467502
0 0.4970731707317073 0.19099201824401368 0.15121951219512195 0.08095781071835804
0 0.655609756097561 0.17787913340935005 0.17170731707317075 0.08437856328392246
0 0.8346341463414634 0.16704675028506272 0.19219512195121952 0.08323831242873432
0 0.7151219512195122 0.467502850627138 0.13073170731707318 0.12542759407069556
0 0.7639024390243903 0.507411630558723 0.09365853658536585 0.10034207525655645
