0 0.1366412213740458 0.5046728971962616 0.2580152671755725 0.11481975967957277
0 0.12290076335877863 0.8030707610146862 0.2152671755725191 0.12149532710280374
0 0.3580152671755725 0.8010680907877169 0.25190839694656486 0.15220293724966621
0 0.5893129770992367 0.8057409879839786 0.20763358778625954 0.1295060080106809
0 0.07557251908396946 0.650200267022697 0.1450381679389313 0.1602136181575434
0 0.22519083969465647 0.650200267022697 0.166412213740458 0.14953271028037382
0 0.37709923664122136 0.6415220293724967 0.1465648854961832 0.16421895861148197
0 0.2381679389312977 0.9172229639519359 0.17099236641221374 0.09879839786381843
0 0.518320610687023 0.07276368491321762 0.1480916030534351 0.11348464619492657
0 0.3526717557251908 0.06608811748998665 0.19236641221374046 0.1081441922563418
0 0.4015267175572519 0.9265687583444593 0.14961832061068703 0.1068090787716956
0 0.8450381679389313 0.6288384512683578 0.09312977099236641 0.14419225634178906
0 0.7534351145038168 0.5126835781041389 0.300763358778626 0.13618157543391188
0 0.5251908396946565 0.657543391188251 0.13740458015267176 0.1295060080106809
0 0.6946564885496184 0.6542056074766355 0.21374045801526717 0.1602136181575434
0 0.8396946564885496 0.7870493991989319 0.30229007633587784 0.17222963951935916
0 0.5786259541984733 0.9252336448598131 0.20458015267175572 0.12016021361815754
0 0.8106870229007633 0.9205607476635514 0.2687022900763359 0.11615487316421896
0 0.9465648854961832 0.6108144192256342 0.10687022900763359 0.14018691588785046
0 0.6679389312977099 0.0787716955941255 0.15114503816793892 0.1308411214953271
0 0.8625954198473282 0.102803738317757 0.26564885496183205 0.14953271028037382
