0 0.4 0.9589426321709786 0.09424083769633508 0.09111361079865017
0 0.07905759162303665 0.5118110236220472 0.06806282722513089 0.12373453318335208
0 0.24607329842931938 0.937007874015748 0.21780104712041884 0.11698537682789652
0 0.09319371727748692 0.9302587176602924 0.06701570680628273 0.08323959505061868
0 0.812565445026178 0.7047244094488189 0.2094240837696335 0.1203599550056243
0 0.6654450261780105 0.29471316085489313 0.08481675392670157 0.11923509561304838
0 0.3774869109947644 0.7260967379077615 0.20837696335078534 0.1046119235095613
0 0.5884816753926702 0.7232845894263217 0.2261780104712042 0.11023622047244094
0 0.1549738219895288 0.7176602924634421 0.1968586387434555 0.10798650168728909
0 0.17853403141361257 0.8312710911136107 0.25026178010471206 0.11923509561304838
0 0.38900523560209427 0.8368953880764904 0.15392670157068064 0.11923509561304838
0 0.1356020942408377 0.6169853768278966 0.16649214659685863 0.09786276715410573
0 0.337696335078534 0.623734533183352 0.23769633507853402 0.10911136107986502
0 0.5408376963350785 0.6186726659167604 0.13926701570680627 0.10798650168728909
0 0.24973821989528797 0.5112485939257593 0.26910994764397905 0.12260967379077616
0 0.4979057591623037 0.5112485939257593 0.23141361256544501 0.12260967379077616
0 0.7104712041884816 0.49775028121484816 0.15602094240837697 0.12260967379077616
0 0.8418848167539267 0.4904386951631046 0.10890052356020942 0.10798650168728909
0 0.793717277486911 0.3813273340832396 0.14450261780104712 0.10798650168728909
0 0.6068062827225131 0.3982002249718785 0.23141361256544501 0.10798650168728909
0 0.3947643979057592 0.3982002249718785 0.14659685863874344 0.11473565804274466
0 0.17225130890052356 0.40213723284589425 0.24607329842931938 0.10686164229471316
0 0.38534031413612563 0.18503937007874016 0.09214659685863874 0.10686164229471316
0 0.7670157068062827 0.26490438695163104 0.1162303664921466 0.1203599550056243
0 0.8827225130890053 0.25703037120359956 0.13612565445026178 0.13835770528683913
0 0.325130890052356 0.2941507311586052 0.19162303664921465 0.10911136107986502
0 0.5209424083769634 0.297525309336333 0.225130890052356 0.10911136107986502
0 0.5057591623036649 0.18391451068616424 0.16335078534031414 0.1203599550056243
0 0.6460732984293194 0.18053993250843645 0.12984293193717278 0.11811023622047244
0 0.7942408376963351 0.156355455568054 0.16858638743455498 0.09673790776152981
