0 0.14328485885372114 0.25515210991167814 0.1497005988023952 0.12365063788027478
0 0.1283147989734816 0.37144259077526987 0.1420017108639863 0.10893032384690873
0 0.25021385799828916 0.3650637880274779 0.10179640718562874 0.11383709519136408
0 0.3635585970915312 0.366045142296369 0.09751924721984602 0.09813542688910697
0 0.5355004277159966 0.35868498527968595 0.22583404619332764 0.10893032384690873
0 0.3917878528656972 0.25515210991167814 0.3558597091531223 0.12365063788027478
0 0.625748502994012 0.25318940137389595 0.09837467921300257 0.1197252208047105
0 0.7181351582549187 0.2522080471050049 0.06244653550042772 0.13346418056918546
0 0.8122326775021386 0.24877330716388615 0.1223267750213858 0.12855740922473013
0 0.20059880239520958 0.13591756624141316 0.2643284858853721 0.11481844946025516
0 0.37681779298545764 0.13738959764474976 0.10521813515825491 0.12168792934249265
0 0.5303678357570573 0.13738959764474976 0.19846022241231823 0.11187438665358194
0 0.24807527801539778 0.04808635917566242 0.17792985457656116 0.07850834151128558
0 0.43926432848588537 0.03925417075564279 0.12917023096663816 0.07850834151128558
