0 0.08464912280701754 0.18392857142857144 0.08508771929824561 0.1
0 0.22324561403508772 0.15044642857142856 0.1692982456140351 0.14732142857142858
0 0.35350877192982455 0.12366071428571429 0.09473684210526316 0.13839285714285715
0 0.500438596491228 0.11160714285714286 0.1780701754385965 0.1375
0 0.30701754385964913 0.47366071428571427 0.25263157894736843 0.14910714285714285
0 0.5166666666666667 0.4504464285714286 0.19298245614035087 0.14732142857142858
0 0.7140350877192982 0.4205357142857143 0.19824561403508772 0.14821428571428572
0 0.1368421052631579 0.278125 0.20350877192982456 0.13303571428571428
0 0.312280701754386 0.253125 0.15087719298245614 0.12053571428571429
0 0.4899122807017544 0.22098214285714285 0.21842105263157896 0.14017857142857143
0 0.6614035087719298 0.20401785714285714 0.14035087719298245 0.11875
0 0.08859649122807017 0.3892857142857143 0.10701754385964912 0.11785714285714285
0 0.27280701754385966 0.8075892857142857 0.16842105263157894 0.13125
0 0.42280701754385963 0.7848214285714286 0.13508771929824562 0.12142857142857143
0 0.5535087719298246 0.7794642857142857 0.15263157894736842 0.12678571428571428
0 0.7144736842105263 0.7625 0.09736842105263158 0.10535714285714286
0 0.09166666666666666 0.7357142857142858 0.14473684210526316 0.12142857142857143
0 0.28157894736842104 0.7049107142857143 0.21052631578947367 0.11517857142857142
0 0.28728070175438597 0.5897321428571428 0.1675438596491228 0.12589285714285714
0 0.8337719298245614 0.5254464285714285 0.08157894736842106 0.12946428571428573
0 0.675 0.096875 0.18157894736842106 0.10803571428571429
0 0.20307017543859648 0.3763392857142857 0.10438596491228071 0.11517857142857142
0 0.3513157894736842 0.35580357142857144 0.19210526315789472 0.13303571428571428
0 0.512280701754386 0.3299107142857143 0.14736842105263157 0.13303571428571428
0 0.6657894736842105 0.31473214285714285 0.13859649122807016 0.12410714285714286
0 0.8162280701754386 0.31339285714285714 0.1692982456140351 0.09642857142857143
0 0.10570175438596491 0.5004464285714286 0.15 0.12232142857142857
0 0.10833333333333334 0.621875 0.16228070175438597 0.13839285714285715
0 0.4214912280701754 0.5727678571428572 0.12894736842105264 0.12232142857142857
0 0.5688596491228071 0.5477678571428571 0.1692982456140351 0.13482142857142856
0 0.718421052631579 0.5263392857142857 0.1456140350877193 0.14017857142857143
0 0.4921052631578947 0.6772321428571428 0.20526315789473684 0.12410714285714286
0 0.762280701754386 0.6540178571428571 0.2982456140350877 0.13303571428571428
