0 0.16542948038176034 0.23871983210912906 0.17391304347826086 0.1248688352570829
0 0.06945917285259809 0.5524658971668416 0.09650053022269353 0.15005246589716684
0 0.5047720042417816 0.08237145855194124 0.17391304347826086 0.12067156348373557
0 0.18345705196182396 0.10335781741867786 0.17179215270413573 0.1458551941238195
0 0.34093319194061505 0.08866736621196222 0.16436903499469777 0.14375655823714587
0 0.147932131495228 0.674186778593914 0.1474019088016967 0.13746065057712487
0 0.22428419936373276 0.5157397691500525 0.1792152704135737 0.1353620146904512
0 0.34411452810180276 0.6699895068205667 0.1792152704135737 0.1416579223504722
0 0.5503711558854719 0.6448058761804827 0.2354188759278897 0.16474291710388247
0 0.7783669141039237 0.5970619097586569 0.2014846235418876 0.16789087093389296
0 0.4050901378579003 0.5073452256033578 0.1633085896076352 0.15005246589716684
0 0.5986214209968187 0.4795383001049318 0.21951219512195122 0.16369359916054566
0 0.3584305408271474 0.9286463798530955 0.1633085896076352 0.1385099685204617
0 0.8207847295864263 0.8677859391395593 0.19724284199363734 0.14270724029380902
0 0.18398727465535525 0.9312696747114375 0.1664899257688229 0.10598111227701994
0 0.7057264050901378 0.20041972717733472 0.25556733828207845 0.14690451206715635
0 0.3992576882290562 0.2166841552990556 0.3022269353128314 0.1311647429171039
0 0.8955461293743372 0.18153200419727178 0.16224814422057265 0.12172088142707241
0 0.7295864262990456 0.3111227701993704 0.14634146341463414 0.12067156348373557
0 0.865323435843054 0.2953830010493179 0.14634146341463414 0.11227701993704092
0 0.5890774125132555 0.3410283315844701 0.11346765641569459 0.14480587618048268
0 0.4384941675503712 0.34942287513116477 0.18133616118769882 0.15110178384050368
0 0.27465535524920465 0.36988457502623295 0.12513255567338283 0.1521511017838405
0 0.7635206786850477 0.45120671563483733 0.12725344644750794 0.14900314795383002
0 0.18928950159066807 0.810598111227702 0.19830328738069988 0.12906610703043023
0 0.37486744432661717 0.7969569779643232 0.15588547189819724 0.11857292759706191
0 0.5949098621420997 0.770199370409234 0.2735949098621421 0.155299055613851
0 0.8340402969247084 0.7067156348373557 0.18769883351007424 0.1416579223504722
0 0.5106044538706257 0.9113326337880377 0.14103923647932132 0.12696747114375656
0 0.633085896076352 0.9045120671563484 0.11664899257688228 0.11752360965372508
0 0.8955461293743372 0.42707240293809023 0.1728525980911983 0.161594963273872
0 0.6320254506892895 0.07974816369359916 0.10392364793213149 0.11122770199370409
0 0.8096500530222693 0.0813221406086044 0.2513255567338282 0.09548793284365163
0 0.9628844114528102 0.2848898216159496 0.07635206786850478 0.10598111227701994
