0 0.22809278350515463 0.3588328075709779 0.2422680412371134 0.19400630914826497
0 0.4568298969072165 0.3138801261829653 0.20489690721649484 0.17665615141955837
0 0.6449742268041238 0.305993690851735 0.19974226804123713 0.19873817034700317
0 0.8170103092783505 0.28154574132492116 0.14690721649484537 0.20662460567823343
0 0.6378865979381443 0.1443217665615142 0.3634020618556701 0.16561514195583596
0 0.35115979381443296 0.1474763406940063 0.1327319587628866 0.1529968454258675
0 0.20489690721649484 0.16167192429022081 0.18298969072164947 0.17823343848580442
0 0.31443298969072164 0.805993690851735 0.15206185567010308 0.13249211356466878
0 0.4420103092783505 0.7925867507886435 0.11855670103092783 0.16561514195583596
0 0.5560567010309279 0.7902208201892744 0.10438144329896908 0.17665615141955837
0 0.13595360824742267 0.8138801261829653 0.20231958762886598 0.12302839116719243
0 0.40786082474226804 0.6451104100946372 0.1791237113402062 0.14195583596214512
0 0.5889175257731959 0.6348580441640379 0.17525773195876287 0.1498422712933754
0 0.14368556701030927 0.5157728706624606 0.1172680412371134 0.14511041009463724
0 0.32023195876288657 0.49763406940063093 0.22293814432989692 0.1529968454258675
0 0.8157216494845361 0.612776025236593 0.29896907216494845 0.1971608832807571
0 0.4375 0.944794952681388 0.13530927835051546 0.0946372239747634
0 0.23775773195876287 0.944006309148265 0.20489690721649484 0.1056782334384858
0 0.9304123711340206 0.24684542586750788 0.09020618556701031 0.16876971608832808
0 0.1791237113402062 0.6632492113564669 0.2757731958762887 0.1719242902208202
0 0.6971649484536082 0.7886435331230284 0.18556701030927836 0.167192429022082
0 0.8827319587628866 0.7728706624605678 0.20103092783505155 0.1829652996845426
