0 0.23720682302771856 0.43418467583497056 0.15671641791044777 0.13163064833005894
0 0.4051172707889126 0.4263261296660118 0.1257995735607676 0.12573673870333987
0 0.5319829424307037 0.42976424361493126 0.11087420042643924 0.14636542239685657
0 0.6764392324093816 0.41011787819253437 0.17377398720682302 0.12082514734774066
0 0.8592750533049041 0.39636542239685657 0.20042643923240938 0.09332023575638507
0 0.585820895522388 0.07220039292730845 0.21002132196162046 0.1031434184675835
0 0.18976545842217485 0.1719056974459725 0.11087420042643924 0.1237721021611002
0 0.35767590618336886 0.17583497053045186 0.22068230277185502 0.13948919449901767
0 0.09221748400852879 0.06434184675834971 0.15884861407249468 0.10510805500982318
0 0.21428571428571427 0.0618860510805501 0.14072494669509594 0.1100196463654224
0 0.3683368869936034 0.06434184675834971 0.20575692963752665 0.10117878192534381
0 0.16631130063965885 0.30206286836935164 0.18336886993603413 0.12278978388998035
0 0.2974413646055437 0.3074656188605108 0.09808102345415778 0.11198428290766209
0 0.4147121535181237 0.2966601178781925 0.16631130063965885 0.11591355599214145
0 0.5602345415778252 0.2922396856581532 0.12899786780383796 0.12082514734774066
0 0.6876332622601279 0.29764243614931235 0.14712153518123666 0.1100196463654224
0 0.8528784648187633 0.27603143418467585 0.18336886993603413 0.09430255402750491
