0 0.6755836575875487 0.5025720164609053 0.07101167315175097 0.09979423868312758
0 0.7889105058365758 0.5051440329218106 0.13618677042801555 0.11728395061728394
0 0.7339494163424124 0.61059670781893 0.07490272373540856 0.09773662551440329
0 0.8545719844357976 0.602880658436214 0.14688715953307394 0.10699588477366255
0 0.5486381322957199 0.5056584362139918 0.1828793774319066 0.10802469135802469
0 0.7324902723735408 0.7021604938271605 0.09727626459143969 0.11625514403292181
0 0.6580739299610895 0.7006172839506173 0.05544747081712062 0.08436213991769548
0 0.5500972762645915 0.6949588477366255 0.1605058365758755 0.10185185185185185
0 0.8424124513618677 0.28497942386831276 0.09922178988326848 0.10905349794238683
0 0.4173151750972763 0.1882716049382716 0.18482490272373542 0.10905349794238683
0 0.2480544747081712 0.5895061728395061 0.14007782101167315 0.10699588477366255
0 0.7251945525291829 0.29372427983539096 0.13910505836575876 0.11213991769547325
0 0.41147859922178986 0.2854938271604938 0.07782101167315175 0.11008230452674897
0 0.9357976653696498 0.2875514403292181 0.08171206225680934 0.09567901234567901
0 0.3550583657587549 0.595164609053498 0.07587548638132295 0.09979423868312758
0 0.47470817120622566 0.6013374485596708 0.14980544747081712 0.08950617283950617
0 0.446011673151751 0.904835390946502 0.1507782101167315 0.11008230452674897
0 0.6045719844357976 0.9156378600823045 0.17217898832684825 0.12139917695473251
0 0.38959143968871596 0.8045267489711934 0.08073929961089495 0.10082304526748971
0 0.3978599221789883 0.6893004115226338 0.14007782101167315 0.102880658436214
0 0.3219844357976654 0.2916666666666667 0.12062256809338522 0.10596707818930041
0 0.5598249027237354 0.2932098765432099 0.19941634241245138 0.10905349794238683
0 0.29961089494163423 0.39711934156378603 0.13813229571984437 0.11934156378600823
0 0.45379377431906615 0.39094650205761317 0.13326848249027237 0.10699588477366255
0 0.5826848249027238 0.4002057613168724 0.12062256809338522 0.11522633744855967
0 0.7164396887159533 0.39969135802469136 0.15272373540856032 0.10390946502057613
0 0.2592412451361868 0.492798353909465 0.15856031128404668 0.102880658436214
0 0.38861867704280156 0.49691358024691357 0.13326848249027237 0.10493827160493827
0 0.8249027237354085 0.698559670781893 0.0933852140077821 0.10493827160493827
0 0.8195525291828794 0.801954732510288 0.11575875486381323 0.10802469135802469
0 0.8249027237354085 0.39300411522633744 0.07976653696498054 0.10699588477366255
0 0.9071011673151751 0.5036008230452675 0.11770428015564202 0.10185185185185185
