0 0.16683831101956745 0.1215235792019347 0.1400617919670443 0.09310761789600967
0 0.2826982492276004 0.10761789600967352 0.11431513903192585 0.08464328899637243
0 0.36251287332646753 0.1003627569528416 0.06797116374871266 0.08706166868198308
0 0.8125643666323378 0.10882708585247884 0.06797116374871266 0.09189842805320435
0 0.8280123583934088 0.24062877871825877 0.061791967044284246 0.10399032648125756
0 0.7677651905252317 0.23941958887545345 0.05664263645726056 0.09915356711003627
0 0.6632337796086509 0.46130592503022977 0.05973223480947477 0.1003627569528416
0 0.5756951596292482 0.46735187424425634 0.05149330587023687 0.08585247883917775
0 0.46343975283213185 0.28355501813784767 0.06797116374871266 0.10519951632406288
0 0.3568486096807415 0.28657799274486095 0.12461380020597322 0.094316807738815
0 0.3305870236869207 0.19347037484885127 0.14830072090628219 0.09673518742442563
0 0.2255406797116375 0.3984280532043531 0.13594232749742532 0.07859733978234583
0 0.11740473738414006 0.41717049576783555 0.08444902162718847 0.07980652962515115
0 0.7250257466529351 0.09189842805320435 0.10710607621009269 0.09673518742442563
0 0.8414006179196705 0.5471584038694075 0.053553038105046344 0.08101571946795647
0 0.7497425334706488 0.5495767835550182 0.11328527291452112 0.07859733978234583
0 0.437178166838311 0.18802902055622733 0.07518022657054584 0.09552599758162031
0 0.3419155509783728 0.39903264812575573 0.10916580844490216 0.09915356711003627
0 0.4376930998970134 0.3899637243047158 0.08856848609680741 0.1003627569528416
0 0.5257466529351185 0.37001209189842804 0.08753861997940268 0.09673518742442563
0 0.635427394438723 0.37061668681983073 0.13182286302780638 0.10278113663845223
0 0.7363542739443872 0.46009673518742444 0.08650875386199794 0.10761789600967352
0 0.8048403707518023 0.46009673518742444 0.06694129763130793 0.09794437726723096
0 0.8753861997940268 0.4625151148730351 0.08650875386199794 0.08827085852478839
0 0.12203913491246138 0.49334945586457074 0.11431513903192585 0.08222490931076179
0 0.23480947476828012 0.6003627569528416 0.082389289392379 0.10278113663845223
0 0.45623069001029865 0.08766626360338574 0.15036045314109167 0.1003627569528416
0 0.5932028836251287 0.08343409915356712 0.14830072090628219 0.08222490931076179
0 0.17353244078269825 0.20314389359129384 0.17198764160659114 0.094316807738815
0 0.5355303810504635 0.1795646916565901 0.13388259526261587 0.09552599758162031
0 0.6441812564366632 0.1717049576783555 0.09989701338825953 0.08948004836759371
0 0.737384140061792 0.17049576783555018 0.10092687950566426 0.05562273276904474
0 0.13697219361483007 0.3053204353083434 0.10916580844490216 0.1124546553808948
0 0.24562306900102987 0.28960096735187424 0.09989701338825953 0.09310761789600967
0 0.2368692070030896 0.48972188633615477 0.12564366632337795 0.08948004836759371
0 0.35581874356333676 0.4879081015719468 0.13285272914521112 0.09310761789600967
0 0.4840370751802266 0.4758162031438936 0.121524201853759 0.09794437726723096
0 0.9093717816683831 0.5429262394195888 0.08856848609680741 0.09915356711003627
0 0.11483007209062822 0.7061668681983071 0.0690010298661174 0.0773881499395405
0 0.19464469618949537 0.7019347037484885 0.10092687950566426 0.0761789600967352
0 0.30072090628218334 0.6777509068923822 0.11328527291452112 0.10519951632406288
0 0.4212152420185376 0.656590084643289 0.13388259526261587 0.09189842805320435
0 0.576725025746653 0.6535671100362757 0.18949536560247168 0.11003627569528417
0 0.7353244078269825 0.6366384522370012 0.13594232749742532 0.09552599758162031
0 0.13594232749742532 0.786577992744861 0.057672502574665295 0.08343409915356712
0 0.5762100926879505 0.27327690447400244 0.1266735324407827 0.094316807738815
0 0.6874356333676622 0.25574365175332525 0.10813594232749743 0.1124546553808948
0 0.2255406797116375 0.7756952841596131 0.09680741503604531 0.09552599758162031
0 0.3455200823892894 0.7666263603385731 0.1431513903192585 0.10640870616686819
0 0.48918640576725025 0.7702539298669892 0.12358393408856849 0.11124546553808948
0 0.5983522142121525 0.7478839177750907 0.06797116374871266 0.1124546553808948
0 0.7070030895983522 0.7370012091898428 0.09783728115345006 0.10278113663845223
0 0.14881565396498456 0.873639661426844 0.07929969104016478 0.09068923821039904
0 0.282183316168898 0.873639661426844 0.15242018537590113 0.09794437726723096
0 0.41246138002059735 0.8651753325272068 0.101956745623069 0.08827085852478839
0 0.12770339855818744 0.6112454655380894 0.12358393408856849 0.11487303506650544
