0 0.17691579943235572 0.6496305418719212 0.1759697256385998 0.14655172413793102
0 0.14096499526963102 0.3645320197044335 0.10406811731315042 0.16502463054187191
0 0.5728476821192053 0.45935960591133007 0.0879848628192999 0.17733990147783252
0 0.3509933774834437 0.4698275862068966 0.19110690633869443 0.14901477832512317
0 0.16745506149479658 0.5129310344827587 0.18543046357615894 0.13669950738916256
0 0.32781456953642385 0.6391625615763546 0.12204351939451277 0.16502463054187191
0 0.43614001892147586 0.6225369458128078 0.08325449385052035 0.13669950738916256
0 0.7999053926206244 0.4119458128078818 0.3093661305581835 0.21551724137931033
0 0.5988647114474929 0.6077586206896551 0.17975402081362346 0.1687192118226601
0 0.7918637653736992 0.5486453201970444 0.20624408703878902 0.14655172413793102
0 0.30274361400189215 0.33497536945812806 0.1967833491012299 0.13793103448275862
0 0.4957426679280984 0.3171182266009852 0.09839167455061495 0.14901477832512317
0 0.23131504257332072 0.7894088669950738 0.18637653736991486 0.1477832512315271
0 0.467360454115421 0.7463054187192119 0.12298959318826869 0.15270935960591134
0 0.6324503311258278 0.7272167487684729 0.13718070009460737 0.16379310344827586
0 0.8027436140018922 0.7019704433497537 0.20908230842005676 0.18472906403940886
0 0.6035950804162725 0.30603448275862066 0.09271523178807947 0.13916256157635468
0 0.7620624408703879 0.29125615763546797 0.1598864711447493 0.13669950738916256
0 0.17123935666982024 0.9150246305418719 0.09082308420056764 0.12807881773399016
0 0.3065279091769158 0.9193349753694581 0.18353831598864712 0.13669950738916256
0 0.46121097445600756 0.8928571428571429 0.1239356669820246 0.14039408866995073
0 0.5775780510879849 0.8885467980295566 0.10879848628192999 0.13669950738916256
0 0.7105014191106906 0.8620689655172413 0.1684011352885525 0.17733990147783252
0 0.8533585619678334 0.8084975369458128 0.11163670766319773 0.17857142857142858
0 0.9366130558183539 0.7863300492610837 0.05487228003784295 0.1834975369458128
0 0.19157994323557237 0.19827586206896552 0.21286660359508042 0.13054187192118227
0 0.3552507095553453 0.20566502463054187 0.08609271523178808 0.11576354679802955
0 0.4881740775780511 0.18596059113300492 0.17029328287606432 0.12561576354679804
0 0.6570482497634815 0.16933497536945813 0.1750236518448439 0.13423645320197045
0 0.8202459791863765 0.1687192118226601 0.14380321665089876 0.12315270935960591
