0 0.5063224446786091 0.05473965287049399 0.1654373024236038 0.10947930574098798
0 0.6659641728134879 0.06608811748998665 0.1095890410958904 0.11348464619492657
0 0.08956796628029505 0.4392523364485981 0.11801896733403583 0.12550066755674233
0 0.0916754478398314 0.5694259012016022 0.11380400421496312 0.1321762349799733
0 0.23182297154899895 0.5534045393858478 0.15384615384615385 0.12416555407209613
0 0.14014752370916755 0.2076101468624833 0.20231822971549 0.16421895861148197
0 0.2650158061116965 0.17556742323097463 0.04952581664910432 0.11615487316421896
0 0.38883034773445735 0.17757009345794392 0.19388830347734456 0.11214953271028037
0 0.5347734457323499 0.17690253671562084 0.12961011591148577 0.1348464619492657
0 0.6512118018967334 0.1835781041388518 0.10326659641728135 0.12416555407209613
0 0.7929399367755532 0.16421895861148197 0.18440463645943098 0.12283044058744993
0 0.09009483667017913 0.33311081441922563 0.12118018967334036 0.10013351134846461
0 0.25395152792413067 0.33444592790387184 0.21285563751317177 0.1268357810413885
0 0.45521601685985247 0.3170894526034713 0.1917808219178082 0.1375166889185581
0 0.6459430979978925 0.308411214953271 0.2107481559536354 0.14419225634178906
0 0.7955742887249737 0.2890520694259012 0.08640674394099052 0.1268357810413885
0 0.8703898840885143 0.27770360480640854 0.08008429926238145 0.12283044058744993
0 0.19072708113804004 0.44192256341789055 0.09483667017913593 0.1041388518024032
0 0.142781875658588 0.6742323097463284 0.19072708113804004 0.11214953271028037
0 0.285563751317176 0.6762349799732977 0.11591148577449947 0.12416555407209613
0 0.39778714436248686 0.664218958611482 0.12539515279241306 0.14018691588785046
0 0.5916754478398314 0.6528704939919893 0.27502634351949423 0.12016021361815754
0 0.6264488935721813 0.5393858477970628 0.13593256059009484 0.11481975967957277
0 0.8145416227608009 0.5166889185580774 0.1917808219178082 0.13885180240320427
0 0.4157007376185458 0.5440587449933244 0.2328767123287671 0.12416555407209613
0 0.31401475237091675 0.44192256341789055 0.1517386722866175 0.09879839786381843
0 0.42360379346680715 0.43524699599465955 0.07586933614330875 0.1041388518024032
0 0.5189673340358272 0.43124165554072097 0.11064278187565858 0.1041388518024032
0 0.6306638566912539 0.4218958611481976 0.10010537407797682 0.11481975967957277
0 0.7655426765015806 0.39586114819759677 0.15489989462592202 0.11081441922563418
0 0.9025289778714436 0.39052069425901204 0.11907270811380401 0.11081441922563418
0 0.14910432033719706 0.08077436582109479 0.1654373024236038 0.10013351134846461
0 0.3198103266596417 0.06141522029372497 0.18440463645943098 0.1068090787716956
0 0.13593256059009484 0.7696929238985314 0.18124341412012646 0.11081441922563418
0 0.2781875658587987 0.7723631508678238 0.1095890410958904 0.1054739652870494
0 0.3719704952581665 0.7656875834445928 0.08429926238145416 0.11615487316421896
0 0.46522655426765014 0.7550066755674232 0.09378292939936776 0.1295060080106809
0 0.6111696522655427 0.7550066755674232 0.19810326659641728 0.12416555407209613
0 0.09905163329820864 0.8671562082777036 0.09483667017913593 0.11348464619492657
0 0.43256059009483666 0.9666221628838452 0.1696522655426765 0.056074766355140186
