0 0.3551236749116608 0.07983761840324763 0.15665488810365136 0.10013531799729364
0 0.6548881036513545 0.06901217861975643 0.127208480565371 0.10284167794316644
0 0.5141342756183745 0.06901217861975643 0.17314487632508835 0.10554803788903924
0 0.8150765606595995 0.07916102841677942 0.18610129564193167 0.10960757780784844
0 0.734982332155477 0.3565629228687415 0.12956419316843346 0.09878213802435724
0 0.8674911660777385 0.3497970230040595 0.1166077738515901 0.10960757780784844
0 0.270906949352179 0.5791610284167794 0.14605418138987045 0.12990527740189445
0 0.6189634864546525 0.577807848443843 0.14487632508833923 0.12449255751014884
0 0.1166077738515901 0.587956698240866 0.17432273262661954 0.13125845737483086
0 0.1071849234393404 0.7036535859269283 0.1625441696113074 0.11907983761840325
0 0.2626619552414605 0.70297699594046 0.11778563015312132 0.12043301759133965
0 0.44228504122497053 0.5784844384303113 0.21319199057714958 0.12584573748308525
0 0.4275618374558304 0.7963464140730717 0.1696113074204947 0.13125845737483086
0 0.5830388692579506 0.8017591339648173 0.1413427561837456 0.13396481732070364
0 0.7338044758539458 0.7834912043301759 0.15547703180212014 0.13261163734776726
0 0.19846878680800942 0.8193504736129905 0.2697290930506478 0.14749661705006767
0 0.7573616018845701 0.5717185385656293 0.13427561837455831 0.14208389715832206
0 0.8992932862190812 0.5493910690121786 0.14958775029446408 0.12178619756427606
0 0.09481743227326266 0.4769959404600812 0.11896348645465253 0.10148849797023005
0 0.2396937573616019 0.4742895805142084 0.1872791519434629 0.10148849797023005
0 0.4363957597173145 0.6833558863328822 0.21083627797408716 0.10554803788903924
0 0.7196702002355713 0.6847090663058186 0.287396937573616 0.10284167794316644
0 0.5465253239104829 0.2543978349120433 0.07773851590106007 0.09201623815967523
0 0.6855123674911661 0.2557510148849797 0.1625441696113074 0.10284167794316644
0 0.8274440518256773 0.2422192151556157 0.09069493521790342 0.11637347767253045
0 0.925206124852768 0.2381596752368065 0.10247349823321555 0.11366711772665765
0 0.4705535924617197 0.9336941813261164 0.1354534746760895 0.10825439783491204
0 0.5859835100117785 0.922192151556157 0.0977620730270907 0.10690121786197564
0 0.7202591283863369 0.912043301759134 0.11425206124852769 0.10013531799729364
0 0.1872791519434629 0.09201623815967523 0.14840989399293286 0.09742895805142084
0 0.14840989399293286 0.18470906630581868 0.12956419316843346 0.08525033829499323
0 0.26914016489988224 0.17794316644113667 0.11896348645465253 0.08254397834912043
0 0.3910482921083628 0.17523680649526388 0.09187279151943463 0.08795669824086604
0 0.5176678445229682 0.16847090663058187 0.14016489988221437 0.09607577807848444
0 0.6401648998822144 0.15899864682002707 0.1166077738515901 0.09336941813261164
0 0.7573616018845701 0.15967523680649526 0.14840989399293286 0.08389715832205684
