0 0.09774011299435029 0.15986842105263158 0.0847457627118644 0.13289473684210526
0 0.23728813559322035 0.1493421052631579 0.192090395480226 0.14342105263157895
0 0.11073446327683616 0.3111842105263158 0.12655367231638417 0.1513157894736842
0 0.2401129943502825 0.2967105263157895 0.1367231638418079 0.14342105263157895
0 0.40282485875706214 0.26513157894736844 0.15932203389830507 0.13815789473684212
0 0.5966101694915255 0.25723684210526315 0.18757062146892656 0.14605263157894738
0 0.7649717514124293 0.2546052631578947 0.15593220338983052 0.14342105263157895
0 0.7819209039548023 0.12894736842105264 0.08587570621468926 0.11052631578947368
0 0.6621468926553672 0.12302631578947368 0.12429378531073447 0.11973684210526316
0 0.896045197740113 0.14342105263157895 0.11299435028248588 0.1394736842105263
0 0.09322033898305085 0.46578947368421053 0.096045197740113 0.15789473684210525
0 0.12937853107344632 0.6032894736842105 0.15254237288135594 0.14868421052631578
0 0.1536723163841808 0.7375 0.20112994350282487 0.13815789473684212
0 0.32090395480225986 0.7263157894736842 0.08135593220338982 0.15263157894736842
0 0.4209039548022599 0.7059210526315789 0.06892655367231638 0.15394736842105264
0 0.5141242937853108 0.7 0.08587570621468926 0.16578947368421051
0 0.6790960451977401 0.6980263157894737 0.18757062146892656 0.175
0 0.8146892655367232 0.6776315789473685 0.0903954802259887 0.17105263157894737
0 0.5282485875706214 0.4039473684210526 0.15706214689265538 0.14736842105263157
0 0.40225988700564974 0.13815789473684212 0.15141242937853108 0.12631578947368421
0 0.6807909604519774 0.39473684210526316 0.15706214689265538 0.15
0 0.29548022598870055 0.4375 0.3107344632768362 0.17763157894736842
0 0.24519774011299436 0.5960526315789474 0.1016949152542373 0.14210526315789473
0 0.39943502824858756 0.5657894736842105 0.2 0.13157894736842105
0 0.5711864406779661 0.5467105263157894 0.14124293785310735 0.13815789473684212
0 0.7005649717514124 0.5236842105263158 0.1310734463276836 0.1736842105263158
0 0.8361581920903954 0.5046052631578948 0.13333333333333333 0.19605263157894737
0 0.9468926553672317 0.4986842105263158 0.09265536723163842 0.15526315789473685
0 0.5333333333333333 0.12894736842105264 0.11977401129943503 0.12105263157894737
