0 0.09305064782096584 0.12313937753721245 0.10129564193168433 0.11366711772665765
0 0.3380447585394582 0.09878213802435724 0.20023557126030625 0.11907983761840325
0 0.6301531213191991 0.7483085250338295 0.17667844522968199 0.20568335588633288
0 0.4464075382803298 0.7564276048714479 0.127208480565371 0.17861975642760486
0 0.8280329799764429 0.7090663058186739 0.21908127208480566 0.2083897158322057
0 0.27385159010600707 0.7801082543978349 0.12603062426383982 0.16102841677943167
0 0.5983510011778563 0.5723951285520974 0.127208480565371 0.18403247631935046
0 0.5518256772673734 0.08592692828146144 0.2249705535924617 0.12584573748308525
0 0.7502944640753828 0.560893098782138 0.15076560659599528 0.14479025710419485
0 0.4540636042402827 0.584573748308525 0.14016489988221437 0.18403247631935046
0 0.3027090694935218 0.6116373477672531 0.17196702002355713 0.15696887686062247
0 0.5070671378091873 0.21177266576454667 0.2037691401648999 0.11502029769959404
0 0.6925795053003534 0.2104194857916103 0.12014134275618374 0.11772665764546685
0 0.2326266195524146 0.4837618403247632 0.11425206124852769 0.13125845737483086
0 0.43168433451118965 0.4654939106901218 0.21554770318021202 0.10825439783491204
0 0.9004711425206124 0.5162381596752368 0.18256772673733804 0.19891745602165087
0 0.0989399293286219 0.2422192151556157 0.143698468786808 0.11637347767253045
0 0.2868080094228504 0.22665764546684708 0.21554770318021202 0.12584573748308525
0 0.19846878680800942 0.10284167794316644 0.05771495877502945 0.11907983761840325
0 0.6036513545347467 0.3382949932341001 0.2673733804475854 0.13261163734776726
0 0.08775029446407538 0.4993234100135318 0.1330977620730271 0.13261163734776726
0 0.07597173144876325 0.642083897158322 0.12131919905771496 0.13396481732070364
0 0.1160188457008245 0.7916102841677943 0.12367491166077739 0.13261163734776726
