0 0.26666666666666666 0.6642570281124498 0.16470588235294117 0.0963855421686747
0 0.40941176470588236 0.6610441767068274 0.1207843137254902 0.09317269076305221
0 0.38745098039215686 0.2317269076305221 0.19450980392156864 0.121285140562249
0 0.5772549019607843 0.5690763052208835 0.16784313725490196 0.14216867469879518
0 0.7368627450980392 0.5763052208835341 0.15450980392156863 0.1389558232931727
0 0.7698039215686274 0.6903614457831325 0.20941176470588235 0.10682730923694779
0 0.3137254901960784 0.8634538152610441 0.3215686274509804 0.10763052208835341
0 0.3776470588235294 0.942570281124498 0.2015686274509804 0.10843373493975904
0 0.10549019607843137 0.6823293172690763 0.14823529411764705 0.12449799196787148
0 0.21176470588235294 0.5048192771084338 0.12862745098039216 0.08273092369477912
0 0.03215686274509804 0.5176706827309236 0.04549019607843137 0.08433734939759036
0 0.1568627450980392 0.5393574297188755 0.21019607843137256 0.12771084337349398
0 0.5231372549019608 0.8004016064257028 0.07058823529411765 0.08433734939759036
0 0.7219607843137255 0.793574297188755 0.12156862745098039 0.08514056224899598
0 0.6662745098039216 0.8265060240963855 0.20470588235294118 0.13975903614457832
0 0.3764705882352941 0.5341365461847389 0.22588235294117648 0.13493975903614458
0 0.6831372549019608 0.41847389558232934 0.09098039215686274 0.1108433734939759
0 0.7807843137254902 0.42891566265060244 0.09803921568627451 0.12690763052208837
0 0.8862745098039215 0.42208835341365464 0.11294117647058824 0.14538152610441768
0 0.7490196078431373 0.3353413654618474 0.2901960784313726 0.11004016064257029
0 0.5403921568627451 0.3433734939759036 0.06431372549019608 0.0714859437751004
0 0.9019607843137255 0.576706827309237 0.1772549019607843 0.13493975903614458
0 0.10941176470588235 0.13333333333333333 0.05568627450980392 0.0642570281124498
0 0.18784313725490195 0.14337349397590363 0.12313725490196079 0.09397590361445783
0 0.25019607843137254 0.1140562248995984 0.10823529411764705 0.07710843373493977
0 0.09803921568627451 0.8642570281124498 0.07215686274509804 0.07710843373493977
0 0.3952941176470588 0.11365461847389559 0.2054901960784314 0.12771084337349398
0 0.8262745098039216 0.8160642570281125 0.11058823529411765 0.1670682730923695
0 0.7686274509803922 0.9365461847389558 0.22901960784313727 0.08835341365461848
0 0.5811764705882353 0.08995983935742972 0.13647058823529412 0.13975903614457832
0 0.7756862745098039 0.0891566265060241 0.25882352941176473 0.09959839357429719
0 0.7262745098039216 0.21004016064257028 0.1803921568627451 0.12771084337349398
0 0.8827450980392156 0.20642570281124498 0.156078431372549 0.13815261044176708
0 0.39372549019607844 0.3546184738955823 0.2054901960784314 0.12771084337349398
