0 0.5514631685166499 0.11442006269592477 0.16246215943491424 0.0877742946708464
0 0.13773965691220988 0.13949843260188088 0.11604439959636731 0.08620689655172414
0 0.1301715438950555 0.06269592476489028 0.15338042381432895 0.09090909090909091
0 0.5726538849646822 0.02664576802507837 0.14631685166498487 0.05956112852664577
0 0.7991927346115035 0.03879310344827586 0.27447023208879917 0.07758620689655173
0 0.40766902119071646 0.03526645768025078 0.17961654894046417 0.06739811912225706
0 0.4737638748738648 0.6943573667711599 0.22906155398587286 0.10658307210031348
0 0.694752774974773 0.6947492163009404 0.22704339051463168 0.11363636363636363
0 0.8022199798183652 0.7946708463949843 0.1977800201816347 0.08934169278996865
0 0.9147325933400605 0.872257053291536 0.12008072653884964 0.11755485893416928
0 0.4283551967709385 0.7946708463949843 0.22704339051463168 0.10658307210031348
0 0.09334006054490414 0.08032915360501568 0.06357214934409687 0.041536050156739814
0 0.15943491422805248 0.06778996865203762 0.06861755802219979 0.03369905956112853
0 0.10544904137235116 0.04231974921630094 0.0615539858728557 0.03134796238244514
0 0.17003027245206861 0.0384012539184953 0.06357214934409687 0.025078369905956112
0 0.2749747729566095 0.03605015673981191 0.02119071644803229 0.04231974921630094
0 0.2679112008072654 0.028996865203761754 0.08577194752774975 0.02821316614420063
0 0.23814328960645811 0.03957680250783699 0.05852674066599395 0.02586206896551724
0 0.3012108980827447 0.030564263322884012 0.04137235116044399 0.009404388714733543
0 0.14732593340060546 0.1414576802507837 0.06659939455095863 0.039968652037617555
0 0.10797174571140263 0.15713166144200627 0.07669021190716448 0.050940438871473356
0 0.11251261352169525 0.11598746081504702 0.05751765893037336 0.0438871473354232
0 0.37891019172552975 0.03957680250783699 0.05348133198789102 0.022727272727272728
0 0.34561049445005043 0.028996865203761754 0.025227043390514632 0.03918495297805643
0 0.384460141271443 0.027821316614420062 0.04641775983854692 0.013322884012539185
0 0.38647830474268413 0.016457680250783698 0.05247225025227043 0.018808777429467086
0 0.4248234106962664 0.02586206896551724 0.028254288597376387 0.03761755485893417
0 0.47578203834510596 0.025470219435736678 0.029263370332996974 0.041536050156739814
0 0.446518668012109 0.011755485893416929 0.04944500504540868 0.012539184952978056
0 0.44147325933400605 0.022727272727272728 0.04742684157416751 0.009404388714733543
0 0.4374369323915237 0.031739811912225704 0.04944500504540868 0.011755485893416929
0 0.4374369323915237 0.050940438871473356 0.06962663975782038 0.01567398119122257
0 0.6251261352169526 0.02586206896551724 0.027245206861755803 0.03605015673981191
0 0.5625630676084763 0.02860501567398119 0.10595358224016145 0.011755485893416929
0 0.5610494450050454 0.03918495297805643 0.1029263370332997 0.0109717868338558
0 0.5867810292633703 0.014498432601880877 0.14631685166498487 0.014890282131661442
0 0.6029263370332997 0.029780564263322883 0.01917255297679112 0.023510971786833857
0 0.5191725529767911 0.031739811912225704 0.02119071644803229 0.0384012539184953
0 0.5438950554994955 0.03134796238244514 0.022199798183652877 0.032915360501567396
0 0.5671039354187689 0.029780564263322883 0.022199798183652877 0.02664576802507837
0 0.5847628657921292 0.0274294670846395 0.017154389505549948 0.02664576802507837
0 0.9182643794147326 0.04467084639498432 0.026236125126135216 0.054858934169279
0 0.8107971745711403 0.05525078369905956 0.25731584258324924 0.028996865203761754
0 0.7956609485368314 0.014498432601880877 0.2250252270433905 0.019592476489028215
0 0.6881937436932392 0.027037617554858933 0.034308779011099896 0.02586206896551724
0 0.718970736629667 0.03017241379310345 0.027245206861755803 0.03213166144200627
0 0.8229061553985872 0.02938871473354232 0.02320887991927346 0.03369905956112853
0 0.7956609485368314 0.023510971786833857 0.05751765893037336 0.03134796238244514
0 0.7820383451059536 0.04114420062695925 0.04843592330978809 0.024294670846394983
0 0.7623612512613521 0.0274294670846395 0.04137235116044399 0.018808777429467086
0 0.5837537840565086 0.08699059561128526 0.08779011099899092 0.0219435736677116
0 0.5832492431886983 0.11246081504702195 0.07265388496468214 0.019592476489028215
0 0.5252270433905146 0.08150470219435736 0.05751765893037336 0.025078369905956112
0 0.5221997981836529 0.12421630094043887 0.0615539858728557 0.02586206896551724
0 0.529263370332997 0.10384012539184953 0.05751765893037336 0.0274294670846395
0 0.49495459132189706 0.11010971786833856 0.02119071644803229 0.06818181818181818
0 0.20484359233097882 0.6485109717868338 0.04036326942482341 0.052507836990595615
0 0.24167507568113017 0.6496865203761756 0.04742684157416751 0.06269592476489028
0 0.2714429868819374 0.6696708463949843 0.07467204843592332 0.02586206896551724
0 0.5438950554994955 0.7190438871473355 0.17961654894046417 0.03683385579937304
0 0.5343087790110999 0.6677115987460815 0.18062563067608475 0.0438871473354232
0 0.5358224016145308 0.6935736677115988 0.09687184661957618 0.03761755485893417
0 0.4374369323915237 0.7049373040752351 0.04137235116044399 0.04467084639498432
0 0.3895055499495459 0.7115987460815048 0.044399596367305755 0.023510971786833857
0 0.4863773965691221 0.6829937304075235 0.20383451059535823 0.07915360501567398
0 0.37790110998990917 0.6833855799373041 0.01917255297679112 0.03605015673981191
0 0.384460141271443 0.6873040752351097 0.010090817356205853 0.02821316614420063
0 0.3970736629667003 0.6939655172413793 0.017154389505549948 0.0274294670846395
0 0.4091826437941473 0.692398119122257 0.02119071644803229 0.019592476489028215
0 0.781029263370333 0.7010188087774295 0.04843592330978809 0.06818181818181818
0 0.6735620585267407 0.6778996865203761 0.029263370332996974 0.07053291536050156
0 0.7088799192734612 0.6665360501567398 0.0958627648839556 0.04310344827586207
0 0.7114026236125126 0.7068965517241379 0.10090817356205853 0.061128526645768025
0 0.6019172552976791 0.6912225705329154 0.033299697275479316 0.05642633228840126
0 0.6246215943491423 0.6982758620689655 0.04641775983854692 0.014106583072100314
0 0.6210898082744702 0.67358934169279 0.06760847628657922 0.022727272727272728
0 0.8289606458123108 0.7221786833855799 0.039354187689202826 0.03683385579937304
0 0.8854692230070635 0.713166144200627 0.0958627648839556 0.02821316614420063
0 0.8148335015136225 0.6947492163009404 0.025227043390514632 0.04310344827586207
0 0.8652875882946519 0.6931818181818182 0.11604439959636731 0.03369905956112853
0 0.8385469223007064 0.661833855799373 0.028254288597376387 0.03369905956112853
0 0.872351160443996 0.6653605015673981 0.035317860746720484 0.05172413793103448
0 0.929364278506559 0.6927899686520376 0.028254288597376387 0.050156739811912224
0 0.958627648839556 0.6916144200626959 0.03229061553985873 0.08385579937304075
0 0.5171543895055499 0.7848746081504702 0.05751765893037336 0.07601880877742946
0 0.47124117053481335 0.7891849529780565 0.04843592330978809 0.045454545454545456
0 0.3990918264379415 0.7515673981191222 0.08173562058526741 0.02664576802507837
0 0.46871846619576185 0.7523510971786834 0.04339051463168517 0.02037617554858934
0 0.40817356205852673 0.7836990595611285 0.08577194752774975 0.023510971786833857
0 0.4339051463168517 0.8193573667711599 0.10494450050454086 0.016457680250783698
0 0.829465186680121 0.7570532915360502 0.06659939455095863 0.034482758620689655
0 0.8849646821392533 0.7899686520376176 0.034308779011099896 0.07366771159874608
0 0.843087790110999 0.7981974921630094 0.039354187689202826 0.06191222570532915
0 0.7320887991927346 0.8028996865203761 0.033299697275479316 0.05877742946708464
0 0.7623612512613521 0.8064263322884012 0.029263370332996974 0.045454545454545456
0 0.7749747729566094 0.8079937304075235 0.08274470232088799 0.012539184952978056
0 0.7744702320887992 0.7962382445141066 0.07769929364278506 0.007836990595611285
0 0.7956609485368314 0.7880094043887147 0.04742684157416751 0.008620689655172414
0 0.7835519677093845 0.7770376175548589 0.08779011099899092 0.013322884012539185
0 0.942986881937437 0.9020376175548589 0.03733602421796166 0.04231974921630094
0 0.9026236125126135 0.911833855799373 0.04339051463168517 0.03369905956112853
0 0.8809283551967709 0.8894984326018809 0.022199798183652877 0.014106583072100314
0 0.8768920282542886 0.8800940438871473 0.022199798183652877 0.018808777429467086
0 0.8743693239152371 0.8671630094043887 0.02320887991927346 0.019592476489028215
0 0.8713420787083754 0.8522727272727273 0.029263370332996974 0.024294670846394983
0 0.941473259334006 0.8405172413793104 0.03834510595358224 0.03369905956112853
0 0.9419778002018163 0.8667711598746082 0.033299697275479316 0.03605015673981191
0 0.9384460141271443 0.8518808777429467 0.03632694248234107 0.032915360501567396
0 0.9157416750756812 0.8867554858934169 0.039354187689202826 0.03683385579937304
0 0.905146316851665 0.8734326018808778 0.04238143289606458 0.04310344827586207
0 0.905146316851665 0.8526645768025078 0.05247225025227043 0.0438871473354232
0 0.9081735620585267 0.8322884012539185 0.06458123107971746 0.048589341692789965
