0 0.39019607843137255 0.5289156626506024 0.11058823529411765 0.14538152610441768
0 0.23372549019607844 0.5176706827309236 0.2054901960784314 0.1389558232931727
0 0.07215686274509804 0.4919678714859438 0.11450980392156863 0.10522088353413654
0 0.11725490196078431 0.7803212851405622 0.15137254901960784 0.12771084337349398
0 0.07450980392156863 0.3718875502008032 0.11607843137254902 0.1140562248995984
0 0.26823529411764707 0.38433734939759034 0.24784313725490195 0.12771084337349398
0 0.8741176470588236 0.2325301204819277 0.14352941176470588 0.10361445783132531
0 0.6823529411764706 0.22008032128514057 0.24784313725490195 0.14136546184738955
0 0.5847058823529412 0.07791164658634538 0.15294117647058825 0.13975903614457832
0 0.7654901960784314 0.09959839357429719 0.2054901960784314 0.15903614457831325
0 0.27647058823529413 0.22771084337349398 0.13411764705882354 0.14859437751004015
0 0.20313725490196077 0.13012048192771083 0.22901960784313727 0.09477911646586346
0 0.1803921568627451 0.6558232931726907 0.3388235294117647 0.18072289156626506
0 0.41215686274509805 0.6538152610441768 0.1419607843137255 0.08835341365461848
0 0.3996078431372549 0.7228915662650602 0.14666666666666667 0.07389558232931727
