0 0.06374172185430464 0.25251436781609193 0.09437086092715231 0.12140804597701149
0 0.07036423841059603 0.5064655172413793 0.1076158940397351 0.13505747126436782
0 0.10264900662251655 0.8099856321839081 0.14735099337748345 0.13577586206896552
0 0.19370860927152317 0.6203304597701149 0.21026490066225165 0.09267241379310345
0 0.6630794701986755 0.5294540229885057 0.14403973509933773 0.08908045977011494
0 0.831953642384106 0.5352011494252874 0.21026490066225165 0.10344827586206896
0 0.8956953642384106 0.6070402298850575 0.2119205298013245 0.09482758620689655
0 0.7947019867549668 0.7298850574712644 0.17880794701986755 0.14224137931034483
0 0.9263245033112583 0.7191091954022989 0.11423841059602649 0.13793103448275862
0 0.396523178807947 0.6325431034482759 0.1986754966887417 0.10991379310344827
0 0.4056291390728477 0.5093390804597702 0.18874172185430463 0.12931034482758622
0 0.6456953642384106 0.8591954022988506 0.1605960264900662 0.11494252873563218
0 0.8919701986754967 0.23311781609195403 0.15314569536423842 0.10847701149425287
0 0.3973509933774834 0.3818247126436782 0.18543046357615894 0.1257183908045977
0 0.2396523178807947 0.6943247126436781 0.3220198675496689 0.08261494252873564
0 0.7044701986754967 0.6185344827586207 0.20033112582781457 0.09051724137931035
0 0.5802980132450332 0.34913793103448276 0.14072847682119205 0.12643678160919541
0 0.7591059602649006 0.19468390804597702 0.11754966887417219 0.05890804597701149
0 0.7110927152317881 0.22341954022988506 0.22019867549668873 0.11637931034482758
0 0.5463576158940397 0.20186781609195403 0.08609271523178808 0.05890804597701149
0 0.5720198675496688 0.04310344827586207 0.1076158940397351 0.09482758620689655
0 0.6945364238410596 0.05459770114942529 0.14403973509933773 0.07471264367816093
0 0.7433774834437086 0.1278735632183908 0.24503311258278146 0.08333333333333333
0 0.18625827814569537 0.2543103448275862 0.173841059602649 0.12931034482758622
0 0.26117549668874174 0.4766522988505747 0.10347682119205298 0.05244252873563218
0 0.2144039735099338 0.5089798850574713 0.19205298013245034 0.1314655172413793
0 0.05132450331125828 0.6267959770114943 0.059602649006622516 0.06824712643678162
0 0.3758278145695364 0.2025862068965517 0.26655629139072845 0.06609195402298851
0 0.4147350993377483 0.27155172413793105 0.17218543046357615 0.08333333333333333
0 0.7259933774834437 0.33261494252873564 0.16556291390728478 0.09051724137931035
0 0.5372516556291391 0.540948275862069 0.06291390728476821 0.06465517241379311
0 0.40521523178807944 0.8584770114942529 0.17135761589403972 0.09626436781609195
0 0.24668874172185432 0.8135775862068966 0.14072847682119205 0.12140804597701149
0 0.40355960264900664 0.7834051724137931 0.19288079470198677 0.08979885057471264
0 0.4449503311258278 0.9540229885057471 0.1216887417218543 0.07902298850574713
0 0.19329470198675497 0.9220545977011494 0.048841059602649006 0.07399425287356322
0 0.3038079470198676 0.9385775862068966 0.1672185430463576 0.09841954022988506
0 0.1183774834437086 0.10129310344827586 0.08278145695364239 0.05172413793103448
0 0.27938741721854304 0.04849137931034483 0.10513245033112582 0.05387931034482758
0 0.23178807947019867 0.07830459770114942 0.1804635761589404 0.09913793103448276
0 0.39403973509933776 0.1411637931034483 0.1870860927152318 0.06968390804597702
0 0.3580298013245033 0.0617816091954023 0.07698675496688742 0.08477011494252873
0 0.4519867549668874 0.06429597701149425 0.14072847682119205 0.08979885057471264
0 0.04097682119205298 0.3609913793103448 0.055463576158940396 0.05100574712643678
0 0.6543874172185431 0.7162356321839081 0.13658940397350994 0.09339080459770115
0 0.5389072847682119 0.7424568965517241 0.08609271523178808 0.1271551724137931
0 0.5149006622516556 0.8548850574712644 0.048013245033112585 0.0603448275862069
0 0.8265728476821192 0.8617097701149425 0.20447019867549668 0.14152298850574713
0 0.5711920529801324 0.9705459770114943 0.12251655629139073 0.0617816091954023
0 0.7322019867549668 0.9583333333333334 0.1912251655629139 0.07902298850574713
0 0.11299668874172185 0.09985632183908046 0.060430463576158944 0.041666666666666664
0 0.1771523178807947 0.06968390804597702 0.046357615894039736 0.06896551724137931
0 0.2144039735099338 0.057830459770114945 0.03145695364238411 0.04956896551724138
0 0.2462748344370861 0.08656609195402298 0.11506622516556292 0.029454022988505746
0 0.23137417218543047 0.10955459770114942 0.16804635761589404 0.029454022988505746
0 0.27855960264900664 0.10165229885057471 0.022350993377483443 0.07830459770114942
0 0.2723509933774834 0.04669540229885057 0.019867549668874173 0.03879310344827586
0 0.2855960264900662 0.05567528735632184 0.1076158940397351 0.02514367816091954
0 0.263658940397351 0.0653735632183908 0.03890728476821192 0.02586206896551724
0 0.2632450331125828 0.04669540229885057 0.04470198675496689 0.027298850574712645
0 0.3125 0.042385057471264365 0.062086092715231786 0.040229885057471264
0 0.3033940397350993 0.059267241379310345 0.052152317880794705 0.03089080459770115
0 0.3704470198675497 0.02693965517241379 0.057119205298013245 0.01939655172413793
0 0.38576158940397354 0.06285919540229885 0.033112582781456956 0.07830459770114942
0 0.34478476821192056 0.09482758620689655 0.058774834437086095 0.02442528735632184
0 0.3468543046357616 0.07866379310344827 0.056291390728476824 0.01939655172413793
0 0.35513245033112584 0.0668103448275862 0.0347682119205298 0.010057471264367816
0 0.3538907284768212 0.05818965517241379 0.03559602649006623 0.008620689655172414
0 0.3567880794701987 0.04920977011494253 0.0380794701986755 0.007902298850574713
0 0.3605132450331126 0.04058908045977012 0.03890728476821192 0.013649425287356323
0 0.44329470198675497 0.07650862068965517 0.10182119205298014 0.016522988505747127
0 0.44991721854304634 0.04274425287356322 0.10678807947019868 0.017959770114942528
0 0.41142384105960267 0.08045977011494253 0.014900662251655629 0.05028735632183908
0 0.42591059602649006 0.07902298850574713 0.015728476821192054 0.05172413793103448
0 0.43915562913907286 0.08189655172413793 0.01076158940397351 0.05172413793103448
0 0.44826158940397354 0.08045977011494253 0.0173841059602649 0.05028735632183908
0 0.41887417218543044 0.036637931034482756 0.014900662251655629 0.021551724137931036
0 0.43460264900662254 0.042385057471264365 0.014900662251655629 0.031609195402298854
0 0.4470198675496689 0.04058908045977012 0.011589403973509934 0.02658045977011494
0 0.4594370860927152 0.041666666666666664 0.013245033112582781 0.02586206896551724
0 0.4995860927152318 0.08692528735632184 0.01903973509933775 0.041666666666666664
0 0.5111754966887417 0.051364942528735635 0.020695364238410598 0.035201149425287355
0 0.5666390728476821 0.015804597701149427 0.07367549668874172 0.03735632183908046
0 0.5674668874172185 0.06716954022988506 0.058774834437086095 0.03807471264367816
0 0.5368377483443708 0.061422413793103446 0.037251655629139076 0.08548850574712644
0 0.543046357615894 0.0617816091954023 0.056291390728476824 0.041666666666666664
0 0.5918874172185431 0.04454022988505747 0.06291390728476821 0.02442528735632184
0 0.5956125827814569 0.09698275862068965 0.062086092715231786 0.031609195402298854
0 0.543046357615894 0.11422413793103449 0.054635761589403975 0.03735632183908046
0 0.6634933774834437 0.03627873563218391 0.052152317880794705 0.039511494252873564
0 0.7293046357615894 0.03915229885057471 0.059602649006622516 0.039511494252873564
0 0.6808774834437086 0.059985632183908046 0.048841059602649006 0.023706896551724137
0 0.6957781456953642 0.04920977011494253 0.14155629139072848 0.02658045977011494
0 0.6945364238410596 0.06321839080459771 0.03145695364238411 0.06465517241379311
0 0.7479304635761589 0.07147988505747127 0.048841059602649006 0.03807471264367816
0 0.6510761589403974 0.11961206896551724 0.05380794701986755 0.03089080459770115
0 0.6833609271523179 0.12607758620689655 0.024006622516556293 0.06824712643678162
0 0.7168874172185431 0.1314655172413793 0.016556291390728478 0.06609195402298851
0 0.7168874172185431 0.13290229885057472 0.08940397350993377 0.010057471264367816
0 0.8369205298013245 0.11673850574712644 0.03642384105960265 0.05244252873563218
0 0.7201986754966887 0.10344827586206896 0.09602649006622517 0.02442528735632184
0 0.7901490066225165 0.1206896551724138 0.0802980132450331 0.04454022988505747
0 0.8000827814569537 0.11745689655172414 0.07533112582781457 0.05962643678160919
0 0.7740066225165563 0.13397988505747127 0.056291390728476824 0.05244252873563218
0 0.8211920529801324 0.16415229885057472 0.052980132450331126 0.035201149425287355
0 0.4652317880794702 0.14870689655172414 0.0347682119205298 0.08477011494252873
0 0.35844370860927155 0.11925287356321838 0.10099337748344371 0.022988505747126436
0 0.34519867549668876 0.16594827586206898 0.06456953642384106 0.02586206896551724
0 0.37293046357615894 0.14619252873563218 0.028973509933774833 0.04669540229885057
0 0.3841059602649007 0.1584051724137931 0.03145695364238411 0.020833333333333332
0 0.34271523178807944 0.15014367816091953 0.033112582781456956 0.01293103448275862
0 0.3439569536423841 0.13829022988505746 0.03559602649006623 0.015086206896551725
0 0.4300496688741722 0.15876436781609196 0.030629139072847682 0.01867816091954023
0 0.4288079470198676 0.13972701149425287 0.024834437086092714 0.02514367816091954
0 0.046357615894039736 0.24030172413793102 0.039735099337748346 0.08979885057471264
0 0.08567880794701986 0.2704741379310345 0.043874172185430466 0.029454022988505746
0 0.08857615894039735 0.2280890804597701 0.04304635761589404 0.032327586206896554
0 0.046357615894039736 0.29022988505747127 0.04470198675496689 0.03879310344827586
0 0.05380794701986755 0.25287356321839083 0.0347682119205298 0.028735632183908046
0 0.05504966887417218 0.2478448275862069 0.042218543046357616 0.040229885057471264
0 0.06415562913907284 0.20294540229885058 0.03559602649006623 0.03089080459770115
0 0.17880794701986755 0.2708333333333333 0.1456953642384106 0.027298850574712645
0 0.2591059602649007 0.2744252873563218 0.029801324503311258 0.07758620689655173
0 0.19329470198675497 0.24209770114942528 0.0935430463576159 0.021551724137931036
0 0.1634933774834437 0.22629310344827586 0.03228476821192053 0.06465517241379311
0 0.125 0.22593390804597702 0.029801324503311258 0.0639367816091954
0 0.326158940397351 0.23670977011494254 0.03145695364238411 0.09698275862068965
0 0.28766556291390727 0.19001436781609196 0.043874172185430466 0.017959770114942528
0 0.2843543046357616 0.20797413793103448 0.050496688741721855 0.017959770114942528
0 0.285182119205298 0.22593390804597702 0.048841059602649006 0.015086206896551725
0 0.2893211920529801 0.23958333333333334 0.050496688741721855 0.013649425287356323
0 0.34105960264900664 0.2209051724137931 0.056291390728476824 0.016522988505747127
0 0.36258278145695366 0.19827586206896552 0.024834437086092714 0.034482758620689655
0 0.45322847682119205 0.19073275862068967 0.07367549668874172 0.033764367816091954
0 0.3791390728476821 0.2137212643678161 0.041390728476821195 0.022270114942528736
0 0.4329470198675497 0.22485632183908047 0.13741721854304637 0.01293103448275862
0 0.4197019867549669 0.2094109195402299 0.04304635761589404 0.03089080459770115
0 0.45240066225165565 0.21156609195402298 0.012417218543046357 0.017959770114942528
0 0.4644039735099338 0.2130028735632184 0.009933774834437087 0.01939655172413793
0 0.4780629139072848 0.21192528735632185 0.01076158940397351 0.011494252873563218
0 0.4913079470198676 0.21336206896551724 0.015728476821192054 0.014367816091954023
0 0.4581953642384106 0.2650862068965517 0.03228476821192053 0.07614942528735633
0 0.46192052980132453 0.3114224137931034 0.0728476821192053 0.017959770114942528
0 0.3927980132450331 0.25035919540229884 0.10347682119205298 0.020833333333333332
0 0.43874172185430466 0.2952586206896552 0.026490066225165563 0.022988505747126436
0 0.347682119205298 0.28448275862068967 0.024834437086092714 0.05890804597701149
0 0.38741721854304634 0.29669540229885055 0.08112582781456953 0.01293103448275862
0 0.39155629139072845 0.2762212643678161 0.08609271523178808 0.016522988505747127
0 0.6212748344370861 0.2101293103448276 0.04056291390728477 0.07543103448275862
0 0.671771523178808 0.1961206896551724 0.03559602649006623 0.05747126436781609
0 0.6804635761589404 0.26113505747126436 0.15562913907284767 0.03807471264367816
0 0.7288907284768212 0.23455459770114942 0.15811258278145696 0.02514367816091954
0 0.7855960264900662 0.2704741379310345 0.028145695364238412 0.039511494252873564
0 0.7673841059602649 0.21695402298850575 0.026490066225165563 0.07902298850574713
0 0.7557947019867549 0.20294540229885058 0.11920529801324503 0.022270114942528736
0 0.7371688741721855 0.1846264367816092 0.037251655629139076 0.027298850574712645
0 0.742135761589404 0.20833333333333334 0.042218543046357616 0.022988505747126436
0 0.7893211920529801 0.1788793103448276 0.06870860927152318 0.04597701149425287
0 0.7764900662251656 0.21084770114942528 0.039735099337748346 0.028017241379310345
0 0.945364238410596 0.25862068965517243 0.029801324503311258 0.08189655172413793
0 0.8692052980132451 0.2216235632183908 0.09105960264900662 0.09123563218390805
0 0.831953642384106 0.22880747126436782 0.026490066225165563 0.09123563218390805
0 0.8778973509933775 0.2194683908045977 0.1316225165562914 0.020833333333333332
0 0.9093543046357616 0.24676724137931033 0.030629139072847682 0.07112068965517242
0 0.09271523178807947 0.38685344827586204 0.06291390728476821 0.02658045977011494
0 0.0939569536423841 0.36063218390804597 0.05380794701986755 0.020114942528735632
0 0.09602649006622517 0.33764367816091956 0.04966887417218543 0.01867816091954023
0 0.10471854304635761 0.3239942528735632 0.05380794701986755 0.01867816091954023
0 0.13493377483443708 0.3764367816091954 0.039735099337748346 0.10488505747126436
0 0.16390728476821192 0.36673850574712646 0.07781456953642384 0.020833333333333332
