0 0.4157416750756811 0.17711598746081506 0.22805247225025227 0.09090909090909091
0 0.641271442986882 0.1731974921630094 0.20887991927346114 0.09090909090909091
0 0.7820383451059536 0.08934169278996865 0.2341069626639758 0.07210031347962383
0 0.7911200807265388 0.33189655172413796 0.19979818365287588 0.08855799373040753
0 0.6337033299697276 0.49490595611285265 0.1977800201816347 0.0822884012539185
0 0.2391523713420787 0.1833855799373041 0.1231079717457114 0.08620689655172414
0 0.14076690211907164 0.18456112852664577 0.08375378405650857 0.0932601880877743
0 0.10696266397578204 0.7825235109717869 0.17356205852674067 0.08699059561128526
0 0.07315842583249244 0.4286833855799373 0.14228052472250252 0.07993730407523511
0 0.06004036326942482 0.5811128526645768 0.11806256306760847 0.08855799373040753
0 0.062058526740666 0.682601880877743 0.10191725529767912 0.08620689655172414
0 0.32593340060544906 0.6681034482758621 0.22199798183652875 0.11363636363636363
0 0.384460141271443 0.41731974921630094 0.2119071644803229 0.08855799373040753
0 0.07769929364278506 0.28448275862068967 0.13723511604439959 0.08150470219435736
0 0.7699293642785066 0.41496865203761757 0.26639757820383453 0.09639498432601881
0 0.5519677093844602 0.41261755485893414 0.1311806256306761 0.09482758620689655
0 0.30625630676084764 0.265282131661442 0.1987891019172553 0.07288401253918496
0 0.5393541876892028 0.2609717868338558 0.15438950554994954 0.08150470219435736
0 0.25025227043390513 0.5721003134796239 0.22199798183652875 0.08620689655172414
0 0.44702320887991925 0.7782131661442007 0.2865792129162462 0.0987460815047022
0 0.9056508577194753 0.7566614420062696 0.16851664984863773 0.12460815047021943
0 0.8314833501513622 0.5646551724137931 0.3168516649848638 0.07758620689655173
0 0.606962663975782 0.6610501567398119 0.32996972754793136 0.1152037617554859
0 0.2462159434914228 0.09521943573667711 0.18163471241170534 0.07758620689655173
0 0.3693239152371342 0.09130094043887148 0.07265388496468214 0.0822884012539185
0 0.5060544904137235 0.09365203761755486 0.2129162462159435 0.07445141065830721
0 0.062058526740666 0.1896551724137931 0.07971745711402624 0.08934169278996865
0 0.884460141271443 0.16183385579937304 0.14026236125126135 0.09012539184952978
0 0.8244197780020182 0.24804075235109718 0.27648839556004035 0.07758620689655173
0 0.8834510595358224 0.6528213166144201 0.2330978809283552 0.11285266457680251
0 0.05348133198789102 0.34913793103448276 0.09687184661957618 0.0603448275862069
0 0.04944500504540868 0.5047021943573667 0.10090817356205853 0.06426332288401254
0 0.07870837537840565 0.8859717868338558 0.06458123107971746 0.07915360501567398
0 0.4530776992936428 0.8781347962382445 0.3067608476286579 0.09482758620689655
0 0.7850655903128153 0.8769592476489029 0.33905146316851664 0.09717868338557993
0 0.3193743693239152 0.08855799373040753 0.03128153380423814 0.06583072100313479
0 0.2669021190716448 0.11716300940438872 0.07568113017154389 0.019592476489028215
0 0.26437941473259335 0.09796238244514106 0.07669021190716448 0.018808777429467086
0 0.2694248234106963 0.08111285266457681 0.07063572149344097 0.016457680250783698
0 0.2462159434914228 0.06974921630094044 0.020181634712411706 0.03605015673981191
0 0.2114026236125126 0.06504702194357367 0.04742684157416751 0.023510971786833857
0 0.1977800201816347 0.10619122257053291 0.06256306760847628 0.0493730407523511
0 0.17658930373360243 0.08307210031347963 0.026236125126135216 0.054858934169279
0 0.2119071644803229 0.07758620689655173 0.056508577194752774 0.01567398119122257
0 0.3602421796165489 0.08385579937304075 0.028254288597376387 0.05799373040752351
0 0.3819374369323915 0.10148902821316615 0.04742684157416751 0.054075235109717866
0 0.38647830474268413 0.06661442006269593 0.026236125126135216 0.02037617554858934
0 0.5928355196770938 0.0865987460815047 0.039354187689202826 0.0603448275862069
0 0.5423814328960646 0.08503134796238244 0.04742684157416751 0.050940438871473356
0 0.47124117053481335 0.08189655172413793 0.1231079717457114 0.039968652037617555
0 0.42179616548940463 0.09012539184952978 0.03632694248234107 0.03761755485893417
0 0.49848637739656915 0.10815047021943573 0.10696266397578204 0.03134796238244514
0 0.43340060544904135 0.11598746081504702 0.045408678102926335 0.02037617554858934
0 0.6836528758829465 0.09130094043887148 0.03128153380423814 0.03369905956112853
0 0.715438950554995 0.09169278996865204 0.04641775983854692 0.05956112852664577
0 0.7472250252270434 0.08503134796238244 0.03733602421796166 0.06661442006269593
0 0.7976791120080726 0.08189655172413793 0.09788092835519677 0.02115987460815047
0 0.8668012108980827 0.08503134796238244 0.05852674066599395 0.054075235109717866
0 0.06357214934409687 0.19435736677115986 0.07870837537840565 0.02664576802507837
0 0.0681130171543895 0.17398119122257052 0.07568113017154389 0.023510971786833857
0 0.0479313824419778 0.19435736677115986 0.04339051463168517 0.06896551724137931
0 0.15186680121089807 0.19435736677115986 0.03733602421796166 0.054858934169279
0 0.15893037336024218 0.18260188087774296 0.03733602421796166 0.0877742946708464
0 0.12108980827447023 0.18495297805642633 0.03834510595358224 0.08620689655172414
0 0.24217961654894046 0.1810344827586207 0.04843592330978809 0.07836990595611286
0 0.2542885973763875 0.1743730407523511 0.09687184661957618 0.02115987460815047
0 0.1977800201816347 0.18260188087774296 0.04843592330978809 0.07366771159874608
0 0.42684157416750756 0.17946708463949843 0.23208879919273462 0.032915360501567396
0 0.3647830474268416 0.1963166144200627 0.04137235116044399 0.054075235109717866
0 0.39404641775983856 0.20141065830721003 0.033299697275479316 0.04075235109717868
0 0.375882946518668 0.14890282131661442 0.055499495459132187 0.054858934169279
0 0.3955600403632694 0.1579153605015674 0.03229061553985873 0.03526645768025078
0 0.5025227043390514 0.1908307210031348 0.04641775983854692 0.03526645768025078
0 0.507063572149344 0.15438871473354232 0.03733602421796166 0.03761755485893417
0 0.7235116044399597 0.16731974921630094 0.056508577194752774 0.07445141065830721
0 0.6801210898082745 0.16810344827586207 0.034308779011099896 0.05877742946708464
0 0.6392532795156408 0.16026645768025077 0.06962663975782038 0.018025078369905956
0 0.5928355196770938 0.13832288401253917 0.08173562058526741 0.024294670846394983
0 0.5958627648839556 0.16967084639498434 0.035317860746720484 0.0603448275862069
0 0.5842583249243188 0.20768025078369906 0.060544904137235116 0.018808777429467086
0 0.5686175580221998 0.19239811912225704 0.02320887991927346 0.01018808777429467
0 0.5671039354187689 0.18377742946708464 0.026236125126135216 0.011755485893416929
0 0.5640766902119072 0.1731974921630094 0.028254288597376387 0.007836990595611285
0 0.5645812310797175 0.16379310344827586 0.03733602421796166 0.0109717868338558
0 0.5660948536831484 0.15438871473354232 0.03632694248234107 0.0109717868338558
0 0.9248234106962664 0.16065830721003135 0.05146316851664985 0.08307210031347963
0 0.893037336024218 0.16536050156739812 0.10696266397578204 0.018808777429467086
0 0.8602421796165489 0.1426332288401254 0.09384460141271443 0.04075235109717868
0 0.863773965691221 0.18495297805642633 0.09687184661957618 0.04075235109717868
0 0.10443995963673057 0.2609717868338558 0.06962663975782038 0.03134796238244514
0 0.10797174571140263 0.2962382445141066 0.07265388496468214 0.03134796238244514
0 0.04389505549949546 0.2707680250783699 0.055499495459132187 0.03213166144200627
0 0.03884964682139253 0.29858934169278994 0.05751765893037336 0.02664576802507837
0 0.248234106962664 0.26802507836990597 0.07063572149344097 0.034482758620689655
0 0.29011099899091825 0.2621473354231975 0.03128153380423814 0.06661442006269593
0 0.34611503531786075 0.24255485893416928 0.10494450050454086 0.050940438871473356
0 0.3481331987891019 0.28134796238244514 0.07063572149344097 0.048589341692789965
0 0.31029263370333 0.2762539184952978 0.033299697275479316 0.03369905956112853
0 0.3087790110998991 0.2535266457680251 0.030272452068617558 0.02115987460815047
0 0.33148335015136227 0.26489028213166144 0.03128153380423814 0.03605015673981191
0 0.5201816347124117 0.28605015673981193 0.09989909182643794 0.025078369905956112
0 0.4853683148335015 0.24373040752351097 0.04036326942482341 0.034482758620689655
0 0.507063572149344 0.2676332288401254 0.05348133198789102 0.02586206896551724
0 0.5146316851664985 0.2547021943573668 0.030272452068617558 0.05329153605015674
0 0.58627648839556 0.2535266457680251 0.04036326942482341 0.06661442006269593
0 0.5312815338042381 0.2543103448275862 0.027245206861755803 0.050940438871473356
0 0.5560040363269425 0.2535266457680251 0.020181634712411706 0.055642633228840124
0 0.5423814328960646 0.25313479623824453 0.025227043390514632 0.05329153605015674
0 0.9303733602421796 0.2511755485893417 0.054490413723511606 0.054075235109717866
0 0.8395560040363269 0.24412225705329155 0.1432896064581231 0.022727272727272728
0 0.8284561049445005 0.26959247648902823 0.1715438950554995 0.018808777429467086
0 0.7401614530776993 0.24059561128526646 0.03733602421796166 0.054858934169279
0 0.7053481331987891 0.23432601880877743 0.03632694248234107 0.03134796238244514
0 0.04137235116044399 0.368730407523511 0.08072653884964683 0.028996865203761754
0 0.06306760847628658 0.3432601880877743 0.045408678102926335 0.045454545454545456
0 0.021695257315842584 0.3432601880877743 0.027245206861755803 0.02821316614420063
0 0.8319878910191726 0.30877742946708464 0.11402623612512613 0.032915360501567396
0 0.830978809283552 0.34286833855799376 0.10797174571140263 0.022727272727272728
0 0.7124117053481333 0.3275862068965517 0.028254288597376387 0.07836990595611286
0 0.748234106962664 0.32797805642633227 0.06962663975782038 0.03683385579937304
0 0.7497477295660948 0.3612852664576803 0.07467204843592332 0.029780564263322883
0 0.7487386478304743 0.3013322884012539 0.07063572149344097 0.024294670846394983
0 0.7447023208879919 0.33699059561128525 0.06861755802219979 0.018808777429467086
0 0.10746720484359233 0.4471003134796238 0.06559031281533804 0.039968652037617555
0 0.10494450050454086 0.40948275862068967 0.06659939455095863 0.03369905956112853
0 0.04137235116044399 0.44749216300940436 0.060544904137235116 0.03918495297805643
0 0.042885973763874874 0.40830721003134796 0.06357214934409687 0.03134796238244514
0 0.38092835519677093 0.4090909090909091 0.04339051463168517 0.08620689655172414
0 0.4661957618567104 0.4114420062695925 0.04238143289606458 0.0768025078369906
0 0.4056508577194753 0.4318181818181818 0.07669021190716448 0.018808777429467086
0 0.40968718466195764 0.41300940438871475 0.07870837537840565 0.014106583072100314
0 0.4117053481331988 0.3804858934169279 0.08274470232088799 0.03213166144200627
0 0.30423814328960647 0.42280564263322884 0.03128153380423814 0.06504702194357367
0 0.3360242179616549 0.3859717868338558 0.07870837537840565 0.054075235109717866
0 0.33249243188698285 0.43926332288401254 0.05751765893037336 0.0384012539184953
0 0.3385469223007064 0.41496865203761757 0.06357214934409687 0.018025078369905956
0 0.5731584258324924 0.43691222570532917 0.08274470232088799 0.052507836990595615
0 0.5676084762865792 0.38832288401253917 0.09788092835519677 0.04623824451410658
0 0.579212916246216 0.4098746081504702 0.08274470232088799 0.02037617554858934
0 0.5343087790110999 0.40948275862068967 0.03128153380423814 0.06661442006269593
0 0.6629667003027245 0.42476489028213166 0.03632694248234107 0.05956112852664577
0 0.694752774974773 0.41927899686520376 0.04137235116044399 0.06269592476489028
0 0.768920282542886 0.41105015673981193 0.248234106962664 0.022727272727272728
0 0.8299697275479314 0.37460815047021945 0.05953582240161453 0.047021943573667714
0 0.8446014127144299 0.3804858934169279 0.05247225025227043 0.04623824451410658
0 0.8602421796165489 0.38205329153605017 0.039354187689202826 0.039968652037617555
0 0.8733602421796165 0.37891849529780564 0.03733602421796166 0.03213166144200627
0 0.8289606458123108 0.4216300940438871 0.03733602421796166 0.05172413793103448
0 0.8461150353178607 0.41849529780564265 0.029263370332996974 0.0438871473354232
0 0.04238143289606458 0.5262539184952978 0.08879919273461151 0.039968652037617555
0 0.015136226034308779 0.4980407523510972 0.034308779011099896 0.03213166144200627
0 0.054490413723511606 0.5054858934169278 0.056508577194752774 0.047021943573667714
0 0.6851664984863775 0.48746081504702193 0.09687184661957618 0.03761755485893417
0 0.67255297679112 0.5188087774294671 0.08173562058526741 0.02037617554858934
0 0.599899091826438 0.5274294670846394 0.07366296670030273 0.023510971786833857
0 0.5943491422805247 0.5094043887147336 0.07669021190716448 0.0219435736677116
0 0.6009081735620585 0.49294670846394983 0.07366296670030273 0.025078369905956112
0 0.5923309788092835 0.4690438871473354 0.09081735620585267 0.030564263322884012
0 0.5565085771947528 0.49686520376175547 0.03128153380423814 0.07366771159874608
0 0.06559031281533804 0.5967868338557993 0.10090817356205853 0.022727272727272728
0 0.06710393541876893 0.5752351097178683 0.10595358224016145 0.02664576802507837
0 0.05146316851664985 0.5909090909090909 0.028254288597376387 0.07210031347962383
0 0.33249243188698285 0.5811128526645768 0.06962663975782038 0.06504702194357367
0 0.24268415741675076 0.572884012539185 0.136226034308779 0.02821316614420063
0 0.2255297679112008 0.5952194357366771 0.16851664984863773 0.019592476489028215
0 0.1992936427850656 0.5611285266457681 0.045408678102926335 0.048589341692789965
0 0.16397578203834512 0.5619122257053292 0.039354187689202826 0.05642633228840126
0 0.6902119071644803 0.5619122257053292 0.050454086781029264 0.047021943573667714
0 0.7114026236125126 0.5630877742946708 0.04036326942482341 0.041536050156739814
0 0.7250252270433906 0.5607366771159875 0.035317860746720484 0.0384012539184953
0 0.7467204843592331 0.5607366771159875 0.04036326942482341 0.039968652037617555
0 0.7578203834510595 0.5528996865203761 0.028254288597376387 0.0274294670846395
0 0.7043390514631686 0.5909090909090909 0.04238143289606458 0.025078369905956112
0 0.7270433905146317 0.5924764890282131 0.03128153380423814 0.02037617554858934
0 0.7457114026236125 0.5936520376175548 0.03229061553985873 0.019592476489028215
0 0.7628657921291625 0.594435736677116 0.03229061553985873 0.018025078369905956
0 0.9520686175580222 0.5591692789968652 0.04137235116044399 0.05721003134796238
0 0.8688193743693239 0.5646551724137931 0.04641775983854692 0.06818181818181818
0 0.8496468213925328 0.5834639498432602 0.16347124117053483 0.02115987460815047
0 0.8466195761856711 0.554858934169279 0.15338042381432895 0.023510971786833857
0 0.050454086781029264 0.6579153605015674 0.04238143289606458 0.024294670846394983
0 0.08476286579212916 0.6586990595611285 0.030272452068617558 0.024294670846394983
0 0.06306760847628658 0.6837774294670846 0.06559031281533804 0.024294670846394983
0 0.06407669021190716 0.7092476489028213 0.0615539858728557 0.025078369905956112
0 0.25630676084762866 0.637539184952978 0.06458123107971746 0.03369905956112853
0 0.26639757820383453 0.6853448275862069 0.050454086781029264 0.04780564263322884
0 0.24571140262361252 0.6716300940438872 0.04137235116044399 0.08150470219435736
0 0.2875882946518668 0.6551724137931034 0.050454086781029264 0.01567398119122257
0 0.4147325933400605 0.6610501567398119 0.03834510595358224 0.09482758620689655
0 0.322401614530777 0.6602664576802508 0.033299697275479316 0.0822884012539185
0 0.3440968718466196 0.6253918495297806 0.09889001009081735 0.017241379310344827
0 0.35973763874873865 0.6539968652037618 0.06962663975782038 0.014890282131661442
0 0.3602421796165489 0.6716300940438872 0.08476286579212916 0.017241379310344827
0 0.3617558022199798 0.6982758620689655 0.09384460141271443 0.0219435736677116
0 0.7452068617558022 0.6473354231974922 0.04742684157416751 0.07366771159874608
0 0.5146316851664985 0.6300940438871473 0.08879919273461151 0.017241379310344827
0 0.5025227043390514 0.6520376175548589 0.10898082744702321 0.02821316614420063
0 0.496468213925328 0.658307210031348 0.04641775983854692 0.08307210031347963
0 0.5181634712411706 0.6524294670846394 0.025227043390514632 0.06974921630094044
0 0.6639757820383451 0.6434169278996865 0.13723511604439959 0.025078369905956112
0 0.6417759838546923 0.674373040752351 0.17961654894046417 0.039968652037617555
0 0.5686175580221998 0.6394984326018809 0.03128153380423814 0.06269592476489028
0 0.5978809283551968 0.6379310344827587 0.035317860746720484 0.05642633228840126
0 0.8092835519677094 0.67358934169279 0.07669021190716448 0.016457680250783698
0 0.8254288597376388 0.6426332288401254 0.08678102926337034 0.017241379310344827
0 0.8213925327951564 0.6281347962382445 0.09687184661957618 0.018025078369905956
0 0.8874873864783047 0.6159874608150471 0.03733602421796166 0.032915360501567396
0 0.9712411705348133 0.6516457680250783 0.04339051463168517 0.07915360501567398
0 0.9283551967709385 0.637539184952978 0.03632694248234107 0.03526645768025078
0 0.10645812310797174 0.7907523510971787 0.1301715438950555 0.018808777429467086
0 0.1170534813319879 0.7597962382445141 0.15136226034308778 0.024294670846394983
0 0.08324924318869828 0.7825235109717869 0.055499495459132187 0.07445141065830721
0 0.5575176589303733 0.7864420062695925 0.06962663975782038 0.06504702194357367
0 0.46972754793138244 0.7762539184952978 0.1099899091826438 0.0274294670846395
0 0.4682139253279516 0.7954545454545454 0.1170534813319879 0.025078369905956112
0 0.3329969727547931 0.7938871473354232 0.060544904137235116 0.04231974921630094
0 0.3476286579212916 0.7550940438871473 0.08779011099899092 0.039968652037617555
0 0.40968718466195764 0.7695924764890282 0.06458123107971746 0.05799373040752351
0 0.3768920282542886 0.8111285266457681 0.039354187689202826 0.0219435736677116
0 0.3854692230070636 0.7974137931034483 0.03834510595358224 0.019592476489028215
0 0.9263370332996973 0.7253134796238244 0.08274470232088799 0.07445141065830721
0 0.851664984863774 0.7452978056426333 0.05852674066599395 0.08934169278996865
0 0.8864783047426842 0.7237460815047022 0.033299697275479316 0.02115987460815047
0 0.8824419778002018 0.7351097178683386 0.03733602421796166 0.02037617554858934
0 0.8768920282542886 0.7476489028213166 0.03229061553985873 0.02037617554858934
0 0.9192734611503531 0.7746865203761756 0.08879919273461151 0.03213166144200627
0 0.8728557013118062 0.7566614420062696 0.034308779011099896 0.019592476489028215
0 0.8632694248234107 0.7676332288401254 0.039354187689202826 0.022727272727272728
0 0.8915237134207871 0.7903605015673981 0.14026236125126135 0.03683385579937304
0 0.07719475277497477 0.8605015673981191 0.05751765893037336 0.023510971786833857
0 0.07669021190716448 0.8840125391849529 0.05852674066599395 0.0219435736677116
0 0.07870837537840565 0.9094827586206896 0.05247225025227043 0.02115987460815047
0 0.37790110998990917 0.9028213166144201 0.136226034308779 0.02037617554858934
0 0.3794147325933401 0.8577586206896551 0.1432896064581231 0.018025078369905956
0 0.40716448032290614 0.8894984326018809 0.06962663975782038 0.0109717868338558
0 0.31786074672048437 0.8769592476489029 0.018163471241170535 0.03761755485893417
0 0.3340060544904137 0.8769592476489029 0.016145307769929364 0.03605015673981191
0 0.3476286579212916 0.8773510971786834 0.017154389505549948 0.03683385579937304
0 0.36427850655903127 0.8781347962382445 0.020181634712411706 0.03526645768025078
0 0.4101917255297679 0.8765673981191222 0.08173562058526741 0.014890282131661442
0 0.4788092835519677 0.8969435736677116 0.04339051463168517 0.052507836990595615
0 0.5010090817356205 0.877742946708464 0.08375378405650857 0.0219435736677116
0 0.570635721493441 0.8918495297805643 0.05953582240161453 0.054858934169279
0 0.5676084762865792 0.8546238244514106 0.05146316851664985 0.03369905956112853
0 0.4939455095862765 0.8557993730407524 0.033299697275479316 0.029780564263322883
0 0.5186680121089808 0.8593260188087775 0.028254288597376387 0.0274294670846395
0 0.934409687184662 0.8785266457680251 0.024217961654894045 0.03918495297805643
0 0.8849646821392533 0.8926332288401254 0.07669021190716448 0.018808777429467086
0 0.8874873864783047 0.8671630094043887 0.06962663975782038 0.018025078369905956
0 0.8582240161453077 0.8655956112852664 0.04137235116044399 0.05721003134796238
0 0.8077699293642785 0.9090909090909091 0.12815338042381433 0.017241379310344827
0 0.6589303733602422 0.8871473354231975 0.07063572149344097 0.017241379310344827
0 0.656912209889001 0.8718652037617555 0.06458123107971746 0.014890282131661442
0 0.6589303733602422 0.8608934169278997 0.06861755802219979 0.013322884012539185
0 0.6659939455095862 0.8475705329153606 0.07063572149344097 0.016457680250783698
0 0.7063572149344097 0.8679467084639498 0.024217961654894045 0.054075235109717866
0 0.7648839556004037 0.8714733542319749 0.03229061553985873 0.061128526645768025
0 0.715438950554995 0.89576802507837 0.08274470232088799 0.047021943573667714
0 0.8037336024217961 0.8922413793103449 0.06357214934409687 0.03369905956112853
0 0.8072653884964682 0.8573667711598746 0.07063572149344097 0.03918495297805643
0 0.7351160443995963 0.8573667711598746 0.05348133198789102 0.03605015673981191
0 0.8123107971745711 0.8769592476489029 0.022199798183652877 0.045454545454545456
