0 0.41434540389972147 0.07458563535911603 0.30779944289693595 0.10497237569060773
0 0.28551532033426186 0.26077348066298345 0.3147632311977716 0.15027624309392265
0 0.637883008356546 0.26519337016574585 0.3370473537604457 0.14806629834254142
0 0.14275766016713093 0.4276243093922652 0.11281337047353761 0.10165745856353592
0 0.1615598885793872 0.7519337016574585 0.11420612813370473 0.08729281767955802
0 0.6232590529247911 0.06685082872928177 0.11838440111420613 0.13149171270718232
0 0.7318941504178273 0.08011049723756906 0.10445682451253482 0.1292817679558011
0 0.37395543175487467 0.7856353591160221 0.2799442896935933 0.15248618784530388
0 0.591225626740947 0.7779005524861878 0.14345403899721448 0.15248618784530388
0 0.6796657381615598 0.4276243093922652 0.22562674094707522 0.1569060773480663
0 0.3955431754874652 0.42320441988950275 0.3370473537604457 0.16353591160220995
0 0.21587743732590528 0.09171270718232044 0.10584958217270195 0.09723756906077348
0 0.2520891364902507 0.6088397790055249 0.29526462395543174 0.13922651933701657
0 0.4860724233983287 0.6104972375690608 0.19220055710306408 0.14696132596685083
0 0.6852367688022284 0.5685082872928177 0.1977715877437326 0.08287292817679558
0 0.8189415041782729 0.6292817679558012 0.2562674094707521 0.12265193370165746
0 0.346100278551532 0.9337016574585635 0.30779944289693595 0.12375690607734807
0 0.21727019498607242 0.09060773480662983 0.10863509749303621 0.07955801104972375
0 0.5013927576601671 0.032044198895027624 0.1309192200557103 0.028729281767955802
0 0.5013927576601671 0.0856353591160221 0.1392757660167131 0.06961325966850829
0 0.31058495821727017 0.0707182320441989 0.055710306406685235 0.0707182320441989
0 0.366991643454039 0.09337016574585635 0.15181058495821728 0.02983425414364641
0 0.36908077994428967 0.06961325966850829 0.1309192200557103 0.026519337016574586
0 0.3711699164345404 0.054696132596685085 0.12116991643454039 0.032044198895027624
0 0.3628133704735376 0.04585635359116022 0.149025069637883 0.027624309392265192
0 0.4477715877437326 0.05911602209944752 0.023676880222841225 0.0430939226519337
0 0.4700557103064067 0.05911602209944752 0.03203342618384401 0.03867403314917127
0 0.4937325905292479 0.05580110497237569 0.026462395543175487 0.032044198895027624
0 0.5118384401114207 0.05303867403314917 0.02924791086350975 0.02430939226519337
0 0.532033426183844 0.051933701657458566 0.025069637883008356 0.022099447513812154
0 0.6072423398328691 0.02983425414364641 0.0584958217270195 0.04861878453038674
0 0.6532033426183844 0.034806629834254144 0.055710306406685235 0.04751381215469613
0 0.591225626740947 0.08342541436464089 0.057103064066852366 0.06519337016574586
0 0.6434540389972145 0.0856353591160221 0.05013927576601671 0.05414364640883978
0 0.7513927576601671 0.1 0.04317548746518106 0.05856353591160221
0 0.7075208913649025 0.09281767955801105 0.03899721448467967 0.05303867403314917
0 0.7597493036211699 0.05856353591160221 0.0403899721448468 0.04419889502762431
0 0.7151810584958217 0.04419889502762431 0.0403899721448468 0.039779005524861875
0 0.28133704735376047 0.22099447513812154 0.17270194986072424 0.030939226519337018
0 0.2096100278551532 0.2569060773480663 0.06267409470752089 0.1005524861878453
0 0.26880222841225626 0.20773480662983426 0.06685236768802229 0.06629834254143646
0 0.23259052924791088 0.2535911602209945 0.18384401114206128 0.03867403314917127
0 0.40668523676880225 0.269060773480663 0.0584958217270195 0.12265193370165746
0 0.3384401114206128 0.29392265193370165 0.07242339832869081 0.06850828729281767
0 0.3363509749303621 0.23535911602209944 0.06824512534818941 0.057458563535911604
0 0.7618384401114207 0.27900552486187846 0.07242339832869081 0.11602209944751381
0 0.6037604456824512 0.2828729281767956 0.266016713091922 0.03756906077348066
0 0.5988857938718662 0.2585635359116022 0.25348189415041783 0.03314917127071823
0 0.6023676880222841 0.2132596685082873 0.21587743732590528 0.03314917127071823
0 0.5947075208913649 0.23259668508287293 0.23676880222841226 0.027624309392265192
0 0.7047353760445683 0.2419889502762431 0.027855153203342618 0.039779005524861875
0 0.6608635097493036 0.24033149171270718 0.02924791086350975 0.04088397790055249
0 0.15459610027855153 0.4303867403314917 0.08913649025069638 0.07845303867403315
0 0.35863509749303624 0.46519337016574586 0.2298050139275766 0.05303867403314917
0 0.2757660167130919 0.3966850828729282 0.06128133704735376 0.09060773480662983
0 0.3328690807799443 0.39005524861878454 0.06963788300835655 0.07734806629834254
0 0.42479108635097496 0.4292817679558011 0.25348189415041783 0.0430939226519337
0 0.5201949860724234 0.46574585635359117 0.08217270194986072 0.06519337016574586
0 0.4610027855153203 0.37458563535911604 0.18384401114206128 0.06408839779005525
0 0.7193593314763231 0.36464088397790057 0.13231197771587744 0.06629834254143646
0 0.708217270194986 0.443646408839779 0.16016713091922005 0.08066298342541436
0 0.6455431754874652 0.40994475138121544 0.14345403899721448 0.05303867403314917
0 0.15668523676880222 0.612707182320442 0.08774373259052924 0.05414364640883978
0 0.27019498607242337 0.605524861878453 0.16434540389972144 0.08176795580110498
0 0.37604456824512533 0.6154696132596685 0.04456824512534819 0.06850828729281767
0 0.2576601671309192 0.605524861878453 0.06128133704735376 0.11049723756906077
0 0.5452646239554317 0.5850828729281768 0.06824512534818941 0.10939226519337017
0 0.44846796657381616 0.5839779005524862 0.052924791086350974 0.08508287292817679
0 0.48885793871866295 0.5541436464088397 0.04456824512534819 0.051933701657458566
0 0.6274373259052924 0.6353591160220995 0.11002785515320335 0.03756906077348066
0 0.697075208913649 0.5519337016574586 0.15459610027855153 0.04751381215469613
0 0.6928969359331476 0.5883977900552486 0.1573816155988858 0.03425414364640884
0 0.600974930362117 0.5701657458563536 0.05153203342618384 0.061878453038674036
0 0.6580779944289693 0.5707182320441989 0.037604456824512536 0.02983425414364641
0 0.9240947075208914 0.6270718232044199 0.03203342618384401 0.06519337016574586
0 0.8655988857938719 0.6176795580110497 0.0988857938718663 0.026519337016574586
0 0.8732590529247911 0.6469613259668509 0.09192200557103064 0.027624309392265192
0 0.8321727019498607 0.6298342541436464 0.07381615598885793 0.09944751381215469
0 0.7402506963788301 0.6513812154696133 0.12116991643454039 0.07624309392265194
0 0.7423398328690808 0.6132596685082873 0.11142061281337047 0.06408839779005525
0 0.1692200557103064 0.7524861878453039 0.08495821727019498 0.0707182320441989
0 0.4818941504178273 0.7591160220994475 0.04178272980501393 0.07734806629834254
0 0.4032033426183844 0.7563535911602209 0.05153203342618384 0.08066298342541436
0 0.32381615598885793 0.7790055248618785 0.11002785515320335 0.03756906077348066
0 0.2618384401114206 0.8182320441988951 0.04456824512534819 0.056353591160221
0 0.431058495821727 0.7911602209944751 0.054317548746518104 0.019889502762430938
0 0.4352367688022284 0.7756906077348066 0.04874651810584958 0.019889502762430938
0 0.4658774373259053 0.8220994475138121 0.0905292479108635 0.041988950276243095
0 0.41643454038997213 0.8149171270718232 0.0947075208913649 0.03425414364640884
0 0.6225626740947076 0.7674033149171271 0.05013927576601671 0.11160220994475138
0 0.5557103064066853 0.7486187845303868 0.04735376044568245 0.05856353591160221
0 0.564066852367688 0.7922651933701658 0.055710306406685235 0.019889502762430938
0 0.5724233983286908 0.8093922651933702 0.06406685236768803 0.016574585635359115
0 0.5814763231197771 0.8364640883977901 0.0766016713091922 0.022099447513812154
0 0.3161559888579387 0.9535911602209944 0.0584958217270195 0.04861878453038674
0 0.45891364902506965 0.9348066298342541 0.057103064066852366 0.04419889502762431
0 0.3447075208913649 0.9154696132596685 0.1796657381615599 0.036464088397790057
0 0.37813370473537605 0.9276243093922651 0.0403899721448468 0.0430939226519337
0 0.41852367688022285 0.9640883977900553 0.04596100278551532 0.045303867403314914
0 0.24303621169916434 0.9209944751381215 0.08774373259052924 0.036464088397790057
