0 0.26380728554641597 0.4011627906976744 0.27614571092831963 0.1511627906976744
0 0.6733254994124559 0.4429175475687104 0.29142185663924797 0.17758985200845667
0 0.4670975323149236 0.42177589852008457 0.1797884841363102 0.16913319238900634
0 0.26850763807285544 0.19978858350951373 0.18683901292596944 0.16913319238900634
0 0.4900117508813161 0.24682875264270612 0.29142185663924797 0.19556025369978858
0 0.7250293772032902 0.2891120507399577 0.2491186839012926 0.18710359408033828
0 0.5264394829612221 0.0459830866807611 0.345475910693302 0.07928118393234672
0 0.2602820211515864 0.16226215644820297 0.11868390129259694 0.08985200845665962
0 0.23266745005875442 0.23150105708245244 0.0799059929494712 0.06976744186046512
0 0.3225616921269095 0.19133192389006343 0.07873090481786134 0.13742071881606766
0 0.5898942420681551 0.2510570824524313 0.05405405405405406 0.10887949260042283
0 0.5475910693301997 0.2700845665961945 0.0846063454759107 0.08350951374207188
0 0.5581668625146886 0.3176532769556025 0.11515863689776733 0.045454545454545456
0 0.46474735605170386 0.2077167019027484 0.05052878965922444 0.05813953488372093
0 0.4582843713278496 0.2536997885835095 0.17156286721504113 0.02536997885835095
0 0.46474735605170386 0.23837209302325582 0.16568742655699178 0.0200845665961945
0 0.4706227967097532 0.21617336152219874 0.16333725029377202 0.026427061310782242
0 0.47591069330199764 0.18710359408033828 0.1645123384253819 0.03171247357293869
0 0.7438307873090482 0.2595137420718816 0.05170387779083431 0.07293868921775898
0 0.7796709753231492 0.3239957716701903 0.12103407755581669 0.08773784355179703
0 0.6715628672150411 0.2769556025369979 0.10693301997649823 0.06765327695560254
0 0.23325499412455933 0.37684989429175475 0.18213866039952997 0.04334038054968287
0 0.345475910693302 0.42441860465116277 0.07755581668625147 0.06871035940803383
0 0.3484136310223267 0.36469344608879495 0.0881316098707403 0.0507399577167019
0 0.19800235017626322 0.40644820295983086 0.07168037602820211 0.04334038054968287
0 0.26615746180963573 0.3831923890063425 0.06462984723854288 0.08350951374207188
0 0.23854289071680376 0.39957716701902746 0.05405405405405406 0.05496828752642706
0 0.5135135135135135 0.42177589852008457 0.07050528789659224 0.11205073995771671
0 0.4336075205640423 0.428646934460888 0.10105757931844889 0.10042283298097252
0 0.6621621621621622 0.4799154334038055 0.15158636897767333 0.07399577167019028
0 0.7779083431257344 0.4418604651162791 0.05875440658049354 0.12050739957716702
0 0.7097532314923619 0.4381606765327696 0.07520564042303172 0.09619450317124736
0 0.6057579318448884 0.4312896405919662 0.1562867215041128 0.03805496828752643
0 0.5658049353701528 0.4561310782241015 0.07638072855464159 0.02854122621564482
0 0.5910693301997649 0.049682875264270614 0.12220916568742655 0.03805496828752643
0 0.6122209165687427 0.03276955602536998 0.10810810810810811 0.042283298097251586
0 0.4012925969447709 0.02854122621564482 0.06227967097532315 0.03382663847780127
0 0.5047003525264395 0.05496828752642706 0.057579318448883664 0.02959830866807611
0 0.4706227967097532 0.024841437632135307 0.0881316098707403 0.03699788583509514
