0 0.8703056768558952 0.2059874888293119 0.10043668122270742 0.09204647006255585
0 0.7331877729257642 0.20509383378016086 0.15283842794759825 0.16532618409294011
0 0.5973799126637555 0.33690795352993747 0.1851528384279476 0.09472743521000894
0 0.7471615720524017 0.3453976764968722 0.11790393013100436 0.11170688114387846
0 0.5917030567685589 0.5848972296693477 0.1633187772925764 0.11170688114387846
0 0.4109170305676856 0.46604110813226096 0.15982532751091702 0.11170688114387846
0 0.2646288209606987 0.4481680071492404 0.13973799126637554 0.12064343163538874
0 0.5751091703056769 0.8985701519213584 0.1720524017467249 0.08847184986595175
0 0.39170305676855893 0.5777479892761395 0.18253275109170305 0.11885612153708669
0 0.15327510917030568 0.5647899910634495 0.11615720524017467 0.09651474530831099
0 0.42096069868995634 0.14700625558534405 0.14323144104803492 0.10455764075067024
0 0.5541484716157206 0.7149240393208222 0.12663755458515283 0.09651474530831099
0 0.12183406113537118 0.3288650580875782 0.11790393013100436 0.08579088471849866
0 0.24497816593886462 0.33065236818588023 0.16506550218340613 0.1447721179624665
0 0.6711790393013101 0.7225201072386059 0.12489082969432315 0.11528150134048257
0 0.8541484716157205 0.3588025022341376 0.125764192139738 0.1224307417336908
0 0.5768558951965066 0.064343163538874 0.15458515283842794 0.08757819481680071
0 0.7161572052401747 0.0741733690795353 0.125764192139738 0.09830205540661305
0 0.20131004366812227 0.7926720285969616 0.2366812227074236 0.19302949061662197
0 0.39956331877729256 0.7712243074173369 0.11615720524017467 0.08757819481680071
0 0.25109170305676853 0.5625558534405719 0.11615720524017467 0.1260053619302949
0 0.34366812227074234 0.6572832886505808 0.14585152838427948 0.08847184986595175
