0 0.2466755319148936 0.27132196162046907 0.4162234042553192 0.20149253731343283
0 0.1077127659574468 0.6764392324093816 0.1675531914893617 0.11194029850746269
0 0.3497340425531915 0.7009594882729211 0.324468085106383 0.1695095948827292
0 0.613031914893617 0.09008528784648187 0.3351063829787234 0.1460554371002132
0 0.714095744680851 0.7302771855010661 0.3404255319148936 0.1791044776119403
0 0.6123670212765957 0.24360341151385928 0.3257978723404255 0.13326226012793177
0 0.5146276595744681 0.3267590618336887 0.2154255319148936 0.1140724946695096
0 0.8038563829787234 0.35714285714285715 0.24335106382978725 0.1044776119402985
0 0.8530585106382979 0.5357142857142857 0.20877659574468085 0.1652452025586354
0 0.21742021276595744 0.49307036247334757 0.37367021276595747 0.22068230277185502
0 0.5684840425531915 0.5069296375266524 0.40824468085106386 0.21215351812366737
