0 0.09559613319011816 0.28068506184586106 0.13748657357679914 0.1313035204567079
0 0.09774436090225563 0.6503330161750713 0.15037593984962405 0.15318744053282587
0 0.08378088077336197 0.4738344433872502 0.13748657357679914 0.12369172216936251
0 0.22878625134264233 0.08230256898192198 0.1288936627282492 0.11322549952426261
0 0.3582169709989259 0.6522359657469077 0.1535982814178303 0.18173168411037108
0 0.602577873254565 0.4686013320647003 0.21482277121374865 0.120837297811608
0 0.523093447905478 0.834919124643197 0.18259935553168635 0.11512844909609896
0 0.7674543501611171 0.8339676498572788 0.2975295381310419 0.13415794481446242
0 0.8345864661654135 0.46574690770694577 0.24489795918367346 0.13986679352997144
0 0.4758324382384533 0.08753568030447194 0.24919441460794844 0.1351094196003806
0 0.6960257787325457 0.0956232159847764 0.17830290010741137 0.1379638439581351
0 0.8662728249194415 0.0922930542340628 0.19226638023630505 0.14462416745956233
0 0.8109559613319012 0.27117031398667935 0.3351235230934479 0.15413891531874405
0 0.09452201933404941 0.8544243577545195 0.13319011815252416 0.1313035204567079
0 0.5569280343716434 0.6398667935299714 0.20730397422126745 0.16079923882017128
0 0.8195488721804511 0.6569933396764985 0.2620837808807734 0.1779257849666984
0 0.2502685284640172 0.4400570884871551 0.10955961331901182 0.05994291151284491
0 0.08592910848549946 0.08753568030447194 0.11815252416756176 0.12369172216936251
0 0.24436090225563908 0.845861084681256 0.1385606874328679 0.11417697431018078
0 0.20945220193340494 0.08135109419600381 0.05800214822771214 0.07706945765937202
0 0.08592910848549946 0.08991436726926737 0.10096670247046187 0.09419600380589914
0 0.284640171858217 0.07992388201712655 0.10311493018259936 0.07040913415794481
0 0.41944146079484423 0.06470028544243578 0.10633727175080558 0.06279733587059944
0 0.416219119226638 0.12369172216936251 0.10848549946294307 0.058991436726926735
0 0.5381310418904404 0.06803044719314938 0.10311493018259936 0.058039961941008564
0 0.5338345864661654 0.12464319695528069 0.10741138560687433 0.058991436726926735
0 0.6278195488721805 0.0675547098001903 0.0397422126745435 0.06470028544243578
0 0.6272824919441461 0.11750713606089438 0.036519871106337275 0.04471931493815414
0 0.6654135338345865 0.12178877259752617 0.04189044038668099 0.03235014272121789
0 0.6970998925886144 0.12559467174119887 0.04081632653061224 0.04186489058039962
0 0.7142857142857143 0.120837297811608 0.05155746509129968 0.02664129400570885
0 0.7416756176154672 0.12131303520456709 0.05692803437164339 0.05994291151284491
0 0.6595059076262084 0.06660323501427212 0.03007518796992481 0.058991436726926735
0 0.6987110633727175 0.071360608943863 0.0397422126745435 0.06470028544243578
0 0.7357679914070892 0.06660323501427212 0.027926960257787327 0.05708848715509039
0 0.7669172932330827 0.07278782112274025 0.04940923737916219 0.0675547098001903
0 0.8539205155746509 0.07183634633682208 0.1439312567132116 0.037107516650808754
0 0.8625134264232008 0.13415794481446242 0.18259935553168635 0.04376784015223597
0 0.841031149301826 0.0818268315889629 0.0644468313641246 0.09514747859181731
0 0.9258861439312567 0.06660323501427212 0.036519871106337275 0.05137963843958135
0 0.0757250268528464 0.3258801141769743 0.08915145005370569 0.03139866793529972
0 0.13533834586466165 0.28353948620361563 0.06015037593984962 0.12178877259752617
0 0.08646616541353383 0.3082778306374881 0.05263157894736842 0.017126546146527116
0 0.08915145005370569 0.29352997145575643 0.05155746509129968 0.012369172216936251
0 0.08754027926960257 0.2821122740247383 0.050483351235230935 0.012369172216936251
0 0.08700322234156821 0.2730732635585157 0.047261009667024706 0.013320647002854425
0 0.7448979591836735 0.23168411037107517 0.1041890440386681 0.025689819219790674
0 0.7411385606874329 0.28639391056137015 0.13319011815252416 0.038058991436726926
0 0.8893662728249194 0.21788772597526165 0.16541353383458646 0.08943862987630828
0 0.8920515574650913 0.30304471931493815 0.1836734693877551 0.10371075166508087
0 0.05209452201933405 0.4752616555661275 0.04189044038668099 0.08848715509039011
0 0.08592910848549946 0.4709800190294957 0.04940923737916219 0.08943862987630828
0 0.12835660580021482 0.4719314938154139 0.07411385606874328 0.0818268315889629
0 0.24543501611170784 0.47335870599429114 0.10204081632653061 0.10371075166508087
0 0.5402792696025779 0.4400570884871551 0.045112781954887216 0.046622264509990484
0 0.5343716433941997 0.4838249286393911 0.05263157894736842 0.04281636536631779
0 0.6831364124597207 0.4433872502378687 0.05155746509129968 0.05518553758325404
0 0.6621911922663802 0.4938154138915319 0.08915145005370569 0.060894386298763085
0 0.5832438238453276 0.4433872502378687 0.047261009667024706 0.058991436726926735
0 0.6219119226638024 0.4486203615604186 0.047261009667024706 0.06565176022835395
0 0.6552094522019334 0.445290199809705 0.06015037593984962 0.058991436726926735
0 0.575187969924812 0.483349191246432 0.061224489795918366 0.047573739295908656
0 0.5993555316863588 0.4895337773549001 0.045112781954887216 0.037107516650808754
0 0.6197636949516648 0.4900095147478592 0.047261009667024706 0.03425309229305423
0 0.7674543501611171 0.4743101807802093 0.04833512352309345 0.14367269267364416
0 0.9237379162191193 0.4705042816365366 0.06015037593984962 0.120837297811608
0 0.8055853920515574 0.4367269267364415 0.17830290010741137 0.04567078972407231
0 0.8055853920515574 0.4895337773549001 0.18904403866809882 0.03330161750713606
0 0.14500537056928034 0.654138915318744 0.0644468313641246 0.12464319695528069
0 0.08700322234156821 0.6137012369172217 0.06659505907626208 0.039961941008563276
0 0.07894736842105263 0.6465271170313986 0.05477980665950591 0.01807802093244529
0 0.08163265306122448 0.6636536631779257 0.06229860365198711 0.019980970504281638
0 0.079484425349087 0.6784015223596574 0.0644468313641246 0.017126546146527116
0 0.07035445757250268 0.6998097050428164 0.09559613319011816 0.02759276879162702
0 0.37647690655209454 0.6764985727878211 0.1385606874328679 0.11227402473834443
0 0.3174006444683136 0.6546146527117032 0.04403866809881848 0.1351094196003806
0 0.3469387755102041 0.6498572787821123 0.045112781954887216 0.10466222645099905
0 0.3904403866809882 0.5946717411988582 0.06766917293233082 0.04567078972407231
0 0.5918367346938775 0.5908658420551856 0.13319011815252416 0.0818268315889629
0 0.5891514500537057 0.6698382492863939 0.07841031149301826 0.060894386298763085
0 0.5472610096670247 0.6341579448144624 0.03759398496240601 0.0960989533777355
0 0.5295381310418904 0.6084681255946718 0.02577873254564984 0.023786869647954328
0 0.5279269602577873 0.6241674595623216 0.018259935553168637 0.017126546146527116
0 0.5257787325456499 0.6393910561370124 0.018259935553168637 0.015223596574690771
0 0.5257787325456499 0.6531874405328258 0.01611170784103115 0.016175071360608945
0 0.4983888292158969 0.6122740247383445 0.055853920515574654 0.05423406279733587
0 0.49462943071965626 0.6512844909609895 0.04189044038668099 0.04091341579448145
0 0.9215896885069818 0.6431969552806851 0.05155746509129968 0.13891531874405327
0 0.7218045112781954 0.6493815413891532 0.03866809881847476 0.10180780209324453
0 0.7567132116004296 0.6522359657469077 0.03759398496240601 0.08277830637488107
0 0.8619763694951665 0.6384395813510942 0.05907626208378088 0.1027592768791627
0 0.8630504833512352 0.7240723120837298 0.09774436090225563 0.047573739295908656
0 0.8442534908700322 0.5918173168411037 0.0644468313641246 0.039961941008563276
0 0.7685284640171858 0.5956232159847764 0.10204081632653061 0.028544243577545196
0 0.7873254564983888 0.6617507136060894 0.14822771213748656 0.01807802093244529
0 0.780343716433942 0.6322549952426261 0.12137486573576799 0.019980970504281638
0 0.07841031149301826 0.8553758325404377 0.06874328678839957 0.09705042816365367
0 0.140171858216971 0.8610846812559467 0.061224489795918366 0.08943862987630828
0 0.24489795918367346 0.8254043767840152 0.10741138560687433 0.05994291151284491
0 0.23845327604726102 0.8767840152235966 0.10096670247046187 0.04471931493815414
0 0.46133190118152523 0.8653663177925784 0.04618689581095596 0.04471931493815414
0 0.46509129967776586 0.8230256898192198 0.079484425349087 0.07421503330161751
0 0.4940923737916219 0.8225499524262607 0.06659505907626208 0.07516650808753568
0 0.49355531686358756 0.8658420551855376 0.03759398496240601 0.03235014272121789
0 0.5134264232008593 0.8644148430066603 0.034371643394199784 0.029495718363463368
0 0.5365198711063373 0.8677450047573739 0.03759398496240601 0.03425309229305423
0 0.5773361976369495 0.8629876308277831 0.0719656283566058 0.05518553758325404
0 0.5902255639097744 0.8154138915318744 0.061224489795918366 0.06470028544243578
0 0.5150375939849624 0.8215984776403426 0.06337271750805586 0.07326355851569934
0 0.5370569280343717 0.8182683158896289 0.0644468313641246 0.07611798287345385
0 0.5601503759398496 0.8125594671741199 0.06766917293233082 0.06279733587059944
0 0.6890440386680988 0.8453853472882968 0.04618689581095596 0.13415794481446242
0 0.8737916219119226 0.8415794481446242 0.05692803437164339 0.1170313986679353
0 0.7368421052631579 0.8111322549952427 0.22341568206229862 0.04281636536631779
0 0.7325456498388829 0.8501427212178877 0.23200859291084855 0.0390104662226451
0 0.8523093447905478 0.2659372026641294 0.024704618689581095 0.07516650808753568
0 0.8200859291084855 0.25689819219790677 0.022556390977443608 0.09705042816365367
0 0.7556390977443609 0.25689819219790677 0.01611170784103115 0.03235014272121789
0 0.7411385606874329 0.2554709800190295 0.01288936627282492 0.03330161750713606
0 0.7293233082706767 0.27783063748810655 0.017185821697099892 0.0780209324452902
0 0.715359828141783 0.28116079923882015 0.015037593984962405 0.08658420551855375
0 0.7024704618689581 0.27164605137963843 0.01288936627282492 0.08087535680304472
