0 0.13909774436090225 0.80732635585157 0.22234156820622986 0.13225499524262607
0 0.7293233082706767 0.8315889628924833 0.24919441460794844 0.13320647002854424
0 0.14285714285714285 0.6722169362511894 0.24060150375939848 0.11893434823977164
0 0.07250268528464017 0.4000951474785918 0.09774436090225563 0.09800190294957184
0 0.26852846401718583 0.38534728829686016 0.23845327604726102 0.10846812559467174
0 0.10580021482277122 0.07849666983824928 0.17722878625134264 0.13415794481446242
0 0.5252416756176155 0.9362511893434824 0.10741138560687433 0.09134157944814462
0 0.5102040816326531 0.6726926736441484 0.16970998925886144 0.11607992388201713
0 0.5139634801288937 0.38962892483349193 0.1686358754027927 0.10180780209324453
0 0.7808807733619764 0.07088487155090391 0.2900107411385607 0.13606089438629876
0 0.667561761546724 0.6831588962892483 0.1535982814178303 0.13320647002854424
0 0.7056928034371643 0.39581351094196005 0.21482277121374865 0.1313035204567079
0 0.07142857142857142 0.5356803044719315 0.07411385606874328 0.11798287345385347
0 0.18635875402792695 0.5323501427212178 0.17508055853920515 0.13035204567078973
0 0.424812030075188 0.5375832540437678 0.32116004296455425 0.14843006660323502
0 0.6611170784103115 0.521883920076118 0.16004296455424274 0.120837297811608
0 0.9113856068743287 0.7055185537583254 0.1385606874328679 0.15699333967649856
0 0.24758324382384533 0.928639391056137 0.4221267454350161 0.12749762131303521
0 0.24812030075187969 0.2302568981921979 0.39742212674543503 0.16555661274976213
0 0.6901181525241675 0.23501427212178877 0.42857142857142855 0.142721217887726
0 0.7738990332975295 0.5313986679352997 0.10848549946294307 0.13225499524262607
0 0.9054779806659506 0.5394862036156042 0.15037593984962405 0.12749762131303521
0 0.06390977443609022 0.12749762131303521 0.08915145005370569 0.03425309229305423
0 0.07411385606874328 0.09752616555661275 0.045112781954887216 0.021883920076117985
0 0.07303974221267455 0.08420551855375832 0.04081632653061224 0.019980970504281638
0 0.08002148227712137 0.07040913415794481 0.04618689581095596 0.02093244529019981
0 0.08109559613319012 0.05566127497621313 0.03759398496240601 0.01807802093244529
0 0.08646616541353383 0.0390104662226451 0.03329752953813104 0.015223596574690771
0 0.15252416756176154 0.06707897240723121 0.09452201933404941 0.11512844909609896
0 0.8168635875402793 0.07040913415794481 0.16648764769065522 0.09705042816365367
0 0.8464017185821697 0.06184586108468126 0.18474758324382384 0.12369172216936251
0 0.7019334049409237 0.05090390104662226 0.10848549946294307 0.0675547098001903
0 0.686358754027927 0.038058991436726926 0.09881847475832438 0.049476688867745006
0 0.6895810955961332 0.04138915318744053 0.10311493018259936 0.06945765937202664
0 0.4129967776584318 0.2093244529019981 0.05907626208378088 0.11607992388201713
0 0.3694951664876477 0.20647002854424357 0.05800214822771214 0.060894386298763085
0 0.3297529538131042 0.24405328258801143 0.15037593984962405 0.037107516650808754
0 0.3012889366272825 0.2164605137963844 0.11493018259935553 0.023786869647954328
0 0.20730397422126745 0.24928639391056137 0.036519871106337275 0.02664129400570885
0 0.23093447905477982 0.24215033301617508 0.05800214822771214 0.09800190294957184
0 0.15950590762620837 0.25023786869647957 0.09344790547798067 0.08753568030447194
0 0.16756176154672395 0.20409134157944814 0.03866809881847476 0.03139866793529972
0 0.8689581095596133 0.2335870599429115 0.04296455424274973 0.10180780209324453
0 0.8689581095596133 0.24595623215984777 0.047261009667024706 0.06945765937202664
0 0.8152524167561761 0.2231208372978116 0.04081632653061224 0.08658420551855375
0 0.5859291084854995 0.2126546146527117 0.05263157894736842 0.08848715509039011
0 0.5392051557465092 0.22216936251189343 0.034371643394199784 0.071360608943863
0 0.5247046186895811 0.18173168411037108 0.07626208378088077 0.04186489058039962
0 0.5327604726100966 0.2702188392007612 0.09452201933404941 0.04567078972407231
0 0.07303974221267455 0.4000951474785918 0.08163265306122448 0.08087535680304472
0 0.1799140708915145 0.39248334919124644 0.05263157894736842 0.08087535680304472
0 0.23308270676691728 0.390104662226451 0.0644468313641246 0.0780209324452902
0 0.3050483351235231 0.3820171265461465 0.047261009667024706 0.08468125594671741
0 0.3678839957035446 0.38058991436726924 0.08270676691729323 0.08563273073263558
0 0.46294307196562834 0.40627973358705993 0.055853920515574654 0.047573739295908656
0 0.4849624060150376 0.4148430066603235 0.0397422126745435 0.03425309229305423
0 0.5660580021482277 0.4191246431969553 0.05800214822771214 0.056137012369172214
0 0.5048335123523093 0.4200761179828735 0.036519871106337275 0.035204567078972404
0 0.5354457572502686 0.4219790675547098 0.050483351235230935 0.03139866793529972
0 0.462406015037594 0.379162702188392 0.061224489795918366 0.058039961941008564
0 0.4822771213748657 0.3715509039010466 0.04940923737916219 0.05423406279733587
0 0.5080558539205156 0.3782112274024738 0.06015037593984962 0.071360608943863
0 0.5757250268528464 0.3686964795432921 0.05155746509129968 0.058039961941008564
0 0.5569280343716434 0.37345385347288296 0.05907626208378088 0.056137012369172214
0 0.5322234156820623 0.37392959086584204 0.0719656283566058 0.06850618458610847
0 0.8012889366272825 0.39914367269267365 0.055853920515574654 0.120837297811608
0 0.6460794844253491 0.3939105613701237 0.03329752953813104 0.12178877259752617
0 0.6772287862513426 0.36298763082778307 0.14930182599355532 0.04091341579448145
0 0.6842105263157895 0.40580399619410085 0.17185821697099893 0.035204567078972404
0 0.8442534908700322 0.3872502378686965 0.034371643394199784 0.1065651760228354
0 0.8694951664876477 0.3905803996194101 0.02900107411385607 0.10941960038058991
0 0.09237379162191192 0.5313986679352997 0.03866809881847476 0.09990485252140818
0 0.059613319011815255 0.5047573739295909 0.0397422126745435 0.04091341579448145
0 0.15252416756176154 0.5252140818268316 0.02577873254564984 0.04376784015223597
0 0.1272824919441461 0.5280685061845861 0.04618689581095596 0.05708848715509039
0 0.22717508055853922 0.544243577545195 0.09559613319011816 0.09895337773549001
0 0.21911922663802363 0.48810656517602286 0.047261009667024706 0.04567078972407231
0 0.18098818474758324 0.5585156993339676 0.04403866809881848 0.022835394862036156
0 0.18313641245972073 0.4938154138915319 0.03544575725026853 0.019029495718363463
0 0.18528464017185822 0.5085632730732635 0.050483351235230935 0.01807802093244529
0 0.1858216970998926 0.5223596574690771 0.04940923737916219 0.017126546146527116
0 0.3233082706766917 0.4871550903901047 0.08807733619763695 0.05137963843958135
0 0.40171858216971 0.5371075166508088 0.04296455424274973 0.10180780209324453
0 0.3791621911922664 0.5575642245480494 0.047261009667024706 0.02093244529019981
0 0.37379162191192267 0.5347288296860133 0.03866809881847476 0.024738344433872503
0 0.36895810955961333 0.4933396764985728 0.04403866809881848 0.06945765937202664
0 0.3029001074113856 0.5865842055185537 0.03007518796992481 0.035204567078972404
0 0.332438238453276 0.5832540437678402 0.02685284640171858 0.030447193149381543
0 0.29108485499462944 0.5547098001902949 0.02577873254564984 0.030447193149381543
0 0.3184747583243824 0.5580399619410086 0.03544575725026853 0.023786869647954328
0 0.3131041890440387 0.5161750713606089 0.07841031149301826 0.046622264509990484
0 0.47851772287862515 0.4676498572787821 0.22234156820622986 0.06374881065651761
0 0.49301825993555315 0.5133206470028544 0.17830290010741137 0.037107516650808754
0 0.6852846401718582 0.5342530922930543 0.0966702470461869 0.09419600380589914
0 0.6901181525241675 0.48430066603235017 0.05477980665950591 0.05137963843958135
0 0.6498388829215896 0.5214081826831589 0.04296455424274973 0.019029495718363463
0 0.6509129967776585 0.5123691722169362 0.04296455424274973 0.016175071360608945
0 0.6498388829215896 0.5019029495718363 0.04081632653061224 0.016175071360608945
0 0.6514500537056928 0.48477640342530925 0.04618689581095596 0.023786869647954328
0 0.6036519871106337 0.5095147478591817 0.045112781954887216 0.058039961941008564
0 0.8002148227712137 0.5418648905803997 0.05155746509129968 0.05042816365366318
0 0.7636949516648764 0.5694576593720266 0.08592910848549946 0.029495718363463368
0 0.7588614393125671 0.5176022835394862 0.05692803437164339 0.0532825880114177
0 0.7567132116004296 0.489058039961941 0.03759398496240601 0.030447193149381543
0 0.7959183673469388 0.49857278782112274 0.036519871106337275 0.04376784015223597
0 0.8646616541353384 0.5404376784015223 0.0644468313641246 0.03235014272121789
0 0.9575725026852846 0.5185537583254044 0.01611170784103115 0.0532825880114177
0 0.939312567132116 0.5180780209324453 0.01611170784103115 0.035204567078972404
0 0.9151450053705693 0.5233111322549953 0.017185821697099892 0.04376784015223597
0 0.8952738990332976 0.5166508087535681 0.018259935553168637 0.05518553758325404
0 0.05853920515574651 0.6641294005708849 0.05477980665950591 0.08563273073263558
0 0.09828141783029001 0.665080875356803 0.04833512352309345 0.09134157944814462
0 0.17669172932330826 0.6674595623215985 0.050483351235230935 0.08658420551855375
0 0.22717508055853922 0.6693625118934349 0.05907626208378088 0.08277830637488107
0 0.46670247046186897 0.6964795432921027 0.06552094522019335 0.049476688867745006
0 0.5617615467239527 0.7059942911512845 0.055853920515574654 0.039961941008563276
0 0.4897959183673469 0.7026641294005709 0.04081632653061224 0.0390104662226451
0 0.5139634801288937 0.703615604186489 0.03759398496240601 0.037107516650808754
0 0.5424274973147154 0.7040913415794482 0.05155746509129968 0.038058991436726926
0 0.453813104189044 0.6555661274976213 0.05477980665950591 0.060894386298763085
0 0.4747583243823845 0.6493815413891532 0.04940923737916219 0.05423406279733587
0 0.5037593984962406 0.6522359657469077 0.055853920515574654 0.06945765937202664
0 0.5236305048335124 0.6512844909609895 0.05263157894736842 0.05994291151284491
0 0.5451127819548872 0.6522359657469077 0.05907626208378088 0.058039961941008564
0 0.5671321160042965 0.6531874405328258 0.06229860365198711 0.06945765937202664
0 0.7540279269602578 0.69267364414843 0.05370569280343716 0.09514747859181731
0 0.8195488721804511 0.6845861084681256 0.05370569280343716 0.09800190294957184
0 0.6519871106337272 0.6750713606089439 0.047261009667024706 0.11132254995242626
0 0.6616541353383458 0.6531874405328258 0.13963480128893663 0.037107516650808754
0 0.6605800214822771 0.6974310180780209 0.15682062298603652 0.02664129400570885
0 0.90171858216971 0.647954329210276 0.05692803437164339 0.049476688867745006
0 0.8711063372717508 0.6917221693625119 0.04940923737916219 0.04567078972407231
0 0.8995703544575725 0.7107516650808754 0.0719656283566058 0.04186489058039962
0 0.9473684210526315 0.6493815413891532 0.03866809881847476 0.03330161750713606
0 0.9242749731471536 0.6741198858230257 0.04189044038668099 0.029495718363463368
0 0.9489795918367347 0.6988582302568982 0.03759398496240601 0.071360608943863
0 0.15843179377013963 0.8082778306374881 0.04618689581095596 0.11132254995242626
0 0.07411385606874328 0.7987630827783063 0.06874328678839957 0.04281636536631779
0 0.15628356605800214 0.8049476688867745 0.11707841031149302 0.07421503330161751
0 0.14715359828141783 0.8120837297811608 0.10741138560687433 0.0922930542340628
0 0.20247046186895812 0.7987630827783063 0.08485499462943072 0.01807802093244529
0 0.6987110633727175 0.8472882968601332 0.17293233082706766 0.06374881065651761
0 0.7019334049409237 0.7954329210275928 0.17937701396348013 0.039961941008563276
0 0.6981740064446831 0.8254043767840152 0.0322234156820623 0.0922930542340628
0 0.8276047261009667 0.801617507136061 0.05263157894736842 0.05423406279733587
0 0.8367346938775511 0.8563273073263559 0.055853920515574654 0.058991436726926735
0 0.439312567132116 0.9348239771646052 0.05155746509129968 0.09419600380589914
0 0.3979591836734694 0.9486203615604186 0.05907626208378088 0.0532825880114177
0 0.09505907626208378 0.934348239771646 0.07411385606874328 0.05518553758325404
0 0.1498388829215897 0.9019980970504282 0.06766917293233082 0.04376784015223597
0 0.17937701396348013 0.9448144624167459 0.06229860365198711 0.06660323501427212
0 0.2889366272824919 0.9410085632730733 0.12244897959183673 0.04376784015223597
0 0.22073039742212675 0.961465271170314 0.05477980665950591 0.04091341579448145
0 0.2873254564983888 0.9700285442435775 0.11063372717508056 0.03330161750713606
0 0.5537056928034372 0.9333967649857279 0.03759398496240601 0.06660323501427212
0 0.49731471535982813 0.9714557564224549 0.05370569280343716 0.024738344433872503
0 0.5155746509129968 0.9096098953377736 0.04081632653061224 0.02664129400570885
0 0.5112781954887218 0.9548049476688868 0.04296455424274973 0.014272121788772598
0 0.5128893662728249 0.9448144624167459 0.04189044038668099 0.013320647002854425
0 0.5150375939849624 0.9276879162702188 0.03759398496240601 0.019029495718363463
0 0.8705692803437164 0.9443387250237869 0.04833512352309345 0.05994291151284491
0 0.8206229860365198 0.9424357754519506 0.04940923737916219 0.058039961941008564
0 0.6466165413533834 0.922930542340628 0.04940923737916219 0.05518553758325404
