0 0.20298313878080415 0.12566438876233865 0.26588845654993515 0.190584662110858
0 0.4474708171206226 0.0888382687927107 0.14526588845654995 0.1366742596810934
0 0.46368352788586253 0.28967350037965073 0.4604409857328145 0.11921032649962035
0 0.8261997405966277 0.2965072133637054 0.191958495460441 0.13287775246772968
0 0.7490272373540856 0.4198936977980258 0.21660181582360571 0.12452543659832954
0 0.15304798962386512 0.4202733485193622 0.13488975356679636 0.11617312072892938
0 0.43320363164721143 0.4191343963553531 0.3968871595330739 0.12300683371298406
0 0.3086900129701686 0.5577069096431283 0.25680933852140075 0.1419893697798026
0 0.3664072632944228 0.7076689445709947 0.26588845654993515 0.1427486712224753
0 0.3158236057068742 0.8557327258921792 0.22697795071335927 0.13515565679574792
0 0.08430609597924774 0.30182232346241455 0.12710765239948119 0.11617312072892938
0 0.08365758754863813 0.5573272589217919 0.14656290531776914 0.13211845102505695
0 0.1264591439688716 0.6898253606681852 0.1880674448767834 0.11617312072892938
0 0.09922178988326848 0.8287775246772969 0.12062256809338522 0.09339407744874716
0 0.5233463035019456 0.5387243735763098 0.17509727626459143 0.11161731207289294
0 0.711413748378729 0.5398633257403189 0.20103761348897536 0.10478359908883828
0 0.8501945525291829 0.5326499620349279 0.08171206225680934 0.08731966590736523
0 0.6802853437094682 0.6617312072892938 0.3333333333333333 0.08276385725132877
0 0.7107652399481194 0.741837509491268 0.4150453955901427 0.08352315869400152
0 0.5337224383916991 0.8416856492027335 0.1309987029831388 0.09946848899012908
0 0.6802853437094682 0.06150341685649203 0.2918287937743191 0.08959757023538345
0 0.9461738002594033 0.5546697038724373 0.10505836575875487 0.12832194381169323
0 0.914396887159533 0.6746393318147305 0.14785992217898833 0.07061503416856492
0 0.6173800259403373 0.13743356112376615 0.14785992217898833 0.10022779043280182
0 0.8015564202334631 0.15755504935459377 0.23865110246433205 0.13591495823842065
