0 0.7043010752688172 0.2747340425531915 0.1003584229390681 0.08457446808510638
0 0.6756272401433692 0.3625 0.10752688172043011 0.07712765957446809
0 0.6935483870967742 0.44388297872340426 0.1057347670250896 0.08138297872340426
0 0.5663082437275986 0.35319148936170214 0.0913978494623656 0.052127659574468084
0 0.578853046594982 0.4454787234042553 0.11648745519713262 0.07712765957446809
0 0.8028673835125448 0.45 0.13620071684587814 0.09148936170212765
0 0.9233870967741935 0.4545212765957447 0.11559139784946236 0.08670212765957447
0 0.6908602150537635 0.5303191489361702 0.3064516129032258 0.07872340425531915
0 0.9117383512544803 0.5382978723404256 0.1496415770609319 0.08297872340425531
0 0.8234767025089605 0.36861702127659574 0.2078853046594982 0.08085106382978724
0 0.9529569892473119 0.3771276595744681 0.06003584229390681 0.08617021276595745
0 0.5636200716845878 0.2800531914893617 0.08960573476702509 0.07180851063829788
0 0.7956989247311828 0.2803191489361702 0.0985663082437276 0.08404255319148936
0 0.9027777777777778 0.29175531914893615 0.11738351254480286 0.08244680851063829
0 0.15053763440860216 0.4454787234042553 0.08602150537634409 0.052659574468085106
0 0.1796594982078853 0.45585106382978724 0.22132616487455198 0.08404255319148936
0 0.3400537634408602 0.38882978723404255 0.17114695340501793 0.04893617021276596
0 0.13754480286738352 0.5513297872340426 0.1532258064516129 0.07712765957446809
0 0.364247311827957 0.5507978723404255 0.2840501792114695 0.07393617021276595
0 0.23431899641577061 0.7904255319148936 0.3897849462365591 0.08191489361702127
0 0.12903225806451613 0.8672872340425531 0.15949820788530467 0.06968085106382979
0 0.2616487455197133 0.8696808510638298 0.10752688172043011 0.07446808510638298
0 0.2217741935483871 0.9351063829787234 0.18010752688172044 0.06170212765957447
0 0.8557347670250897 0.225 0.07706093189964158 0.04893617021276596
0 0.7612007168458781 0.1896276595744681 0.1478494623655914 0.07287234042553191
0 0.6111111111111112 0.18164893617021277 0.2007168458781362 0.06542553191489361
