0 0.7194092827004219 0.22059758423394787 0.09101868595539482 0.08010171646535283
0 0.5256178420735382 0.8289891926255563 0.19168173598553345 0.11315956770502225
0 0.55666063893912 0.6926255562619199 0.19349005424954793 0.12142403051493961
0 0.5295358649789029 0.2902097902097902 0.2055455093429777 0.10235219326128417
0 0.8089210367691381 0.2364907819453274 0.04822182037371911 0.10044500953591863
0 0.4382157926461724 0.1592498410680229 0.06027727546714889 0.10870947234583599
0 0.36317058468957203 0.6843610934520026 0.08981314044605183 0.09980928162746344
0 0.8487040385774564 0.41671964399237127 0.17480409885473178 0.11379529561347743
0 0.7031344183242917 0.39033693579148127 0.05726341169379144 0.09154481881754609
0 0.3499095840867993 0.15321042593769865 0.05726341169379144 0.10044500953591863
0 0.35232067510548526 0.2736808645899555 0.062085593731163354 0.08963763509218055
0 0.8764315852923448 0.24125874125874125 0.08318264014466546 0.09980928162746344
0 0.3369499698613623 0.8032422123331214 0.05063291139240506 0.10362364907819453
0 0.12115732368896925 0.23521932612841703 0.0867992766726944 0.09408773045136681
0 0.054249547920433995 0.24189446916719645 0.055455093429776975 0.09853782581055308
0 0.20223025919228452 0.38461538461538464 0.07414104882459313 0.08518753973299428
0 0.378541289933695 0.5600762873490146 0.08438818565400844 0.07628734901462174
0 0.5021097046413502 0.5794659885568977 0.15310427968655818 0.10362364907819453
0 0.6286919831223629 0.5874125874125874 0.10608800482218204 0.11951684678957407
0 0.7362869198312236 0.5133502860775588 0.11995177817962628 0.08328035600762873
0 0.8245931283905967 0.5184361093452002 0.06027727546714889 0.08963763509218055
0 0.060880048221820374 0.3795295613477432 0.08800482218203737 0.06738715829624921
0 0.07383966244725738 0.48219961856325494 0.12115732368896925 0.08200890019071837
0 0.3743218806509946 0.9354736172917991 0.11211573236889692 0.06547997457088366
0 0.24773960216998192 0.21233312142403052 0.14707655213984328 0.0775588048315321
0 0.13170584689572032 0.3877940241576605 0.062085593731163354 0.09663064208518754
0 0.19559975889089812 0.47838525111252383 0.13682941531042797 0.0845518118245391
0 0.21760096443640747 0.8083280356007628 0.1844484629294756 0.09345200254291164
0 0.4605183845690175 0.9411951684678957 0.0650994575045208 0.10362364907819453
0 0.5406871609403255 0.9421487603305785 0.0916214587100663 0.101716465352829
0 0.37884267631103075 0.3849332485696122 0.09825195901145269 0.08836617927527018
0 0.47106690777576854 0.3868404322949778 0.0861965039180229 0.1048951048951049
0 0.5822784810126582 0.4901462174189447 0.1458710066305003 0.07374443738080101
0 0.6042796865581676 0.16497139224411952 0.1308016877637131 0.10362364907819453
0 0.27727546714888485 0.38270820089001906 0.06630500301386377 0.06357279084551812
0 0.14345991561181434 0.55276541640178 0.14225437010247136 0.08709472345835982
0 0.23960216998191683 0.5575333757151939 0.06329113924050633 0.09663064208518754
0 0.2917420132610006 0.5530832803560076 0.04822182037371911 0.06102987921169739
0 0.06690777576853527 0.7886204704386522 0.05183845690174804 0.09726636999364272
0 0.12386980108499096 0.8827082008900191 0.06570223025919228 0.06039415130324221
0 0.18203737191078964 0.8842975206611571 0.05786618444846293 0.08264462809917356
0 0.23930078360458107 0.9478703115066751 0.038577456298975285 0.04195804195804196
0 0.49819168173598555 0.14399237126509853 0.050030138637733576 0.05785123966942149
0 0.6112115732368897 0.0912269548633185 0.09644364074743822 0.06166560712015257
0 0.3806509945750452 0.03782581055308328 0.08981314044605183 0.052765416401780035
0 0.5458107293550332 0.04704386522568341 0.1308016877637131 0.06611570247933884
0 0.1648583484026522 0.13032422123331214 0.07172995780590717 0.08773045136681501
0 0.2588908981314045 0.1182453909726637 0.12115732368896925 0.101716465352829
0 0.20795660036166366 0.05435473617291799 0.13743218806509946 0.06675143038779402
0 0.09734779987944545 0.1010807374443738 0.06570223025919228 0.08900190718372536
0 0.19529837251356238 0.2800381436745073 0.06268836648583484 0.094723458359822
0 0.27365883062085594 0.2867132867132867 0.09885473176612417 0.09535918626827718
0 0.9520795660036167 0.2794024157660521 0.0705244122965642 0.07946598855689765
0 0.9207353827606992 0.5305149396058487 0.13562386980108498 0.11379529561347743
