0 0.23092926490984744 0.5219058050383352 0.24549237170596394 0.14786418400876233
0 0.49375866851595007 0.5306681270536692 0.30235783633841884 0.171960569550931
0 0.7635228848821082 0.5416210295728368 0.2926490984743412 0.16319824753559695
0 0.26144244105409153 0.7152245345016429 0.18446601941747573 0.14457831325301204
0 0.5901525658807212 0.7026286966046003 0.39528432732316227 0.12376779846659365
0 0.5790568654646324 0.8296823658269441 0.40360610263522884 0.12595837897042717
0 0.8730929264909847 0.7420591456736035 0.14008321775312066 0.19167579408543264
0 0.2059639389736477 0.34611171960569553 0.1900138696255201 0.1686746987951807
0 0.3578363384188627 0.34611171960569553 0.18307905686546463 0.1796276013143483
0 0.579750346740638 0.3329682365826944 0.2801664355062413 0.14238773274917854
0 0.8411927877947295 0.35542168674698793 0.26490984743411927 0.1566265060240964
0 0.5034674063800277 0.0832420591456736 0.6296809986130375 0.14676889375684557
