0 0.2252448313384113 0.06008146639511202 0.33514689880304677 0.08214528173794976
0 0.8541893362350381 0.08010862186014936 0.17845484221980412 0.09097080787508487
0 0.06583242655059848 0.159877800407332 0.07072905331882481 0.06720977596741344
0 0.2769314472252448 0.15682281059063136 0.25571273122959737 0.11133740665308893
0 0.5239390642002176 0.16530889341479973 0.2687704026115343 0.11337406653088934
0 0.764417845484222 0.17515274949083504 0.26659412404787813 0.11133740665308893
0 0.940152339499456 0.1697216564833673 0.0957562568008705 0.08825526137135098
0 0.05984766050054407 0.2708757637474542 0.09793253536452666 0.07331975560081466
0 0.25952121871599565 0.2654446707399864 0.1512513601741023 0.09097080787508487
0 0.13764961915125137 0.451459606245757 0.27747551686615884 0.07060420909708079
0 0.4613710554951034 0.45417515274949083 0.27421109902067464 0.08961303462321792
0 0.8520130576713819 0.46130346232179226 0.25680087051142547 0.10386965376782077
0 0.3862894450489663 0.6500339443312967 0.1632208922742111 0.08621860149355058
0 0.3911860718171926 0.7562797012898846 0.1882480957562568 0.09097080787508487
0 0.4439608269858542 0.860488798370672 0.16757344940152338 0.08893414799728445
0 0.42600652883569096 0.2691785471826205 0.17519042437431992 0.08621860149355058
0 0.8057671381936888 0.2725729803122878 0.25571273122959737 0.09708078750848609
0 0.8563656147986942 0.3655804480651731 0.19586507072905332 0.08893414799728445
0 0.8683351468988031 0.7712152070604209 0.13928182807399347 0.10454854039375425
0 0.2029379760609358 0.8536999321113374 0.3057671381936888 0.09708078750848609
0 0.1528835690968444 0.9412763068567549 0.17519042437431992 0.07535641547861507
0 0.34602829162132753 0.9497623896809233 0.1719260065288357 0.06924643584521385
0 0.6050054406964092 0.8638832315003394 0.18280739934711643 0.0943652410047522
0 0.8079434167573449 0.8693143245078072 0.264417845484222 0.09164969450101833
0 0.6332970620239391 0.7654446707399865 0.3220892274211099 0.11065852002715547
0 0.41838955386289445 0.5509164969450102 0.20783460282916214 0.09843856076035302
0 0.5794341675734495 0.5526137135098439 0.13166485310119697 0.109979633401222
0 0.6931447225244831 0.5587236931432451 0.1044613710554951 0.10319076714188731
0 0.8672470076169749 0.5621181262729125 0.24374319912948858 0.11269517990495587
0 0.500544069640914 0.3615071283095723 0.528835690968444 0.09572301425661914
0 0.057127312295973884 0.3577732518669382 0.08596300326441784 0.08010862186014936
0 0.1485310119695321 0.3604887983706721 0.07725788900979326 0.06381534283774609
