0 0.1608876560332871 0.6226725082146769 0.130374479889043 0.20920043811610076
0 0.4077669902912621 0.6029572836801752 0.22191400832177532 0.17634173055859803
0 0.1608876560332871 0.2606790799561884 0.14979195561719832 0.10514786418400876
0 0.38349514563106796 0.2497261774370208 0.217753120665742 0.16210295728368018
0 0.6636615811373093 0.2579408543263965 0.4147018030513176 0.17853231106243153
0 0.26907073509015256 0.08269441401971522 0.18585298196948682 0.10186199342825848
0 0.4854368932038835 0.04271631982475356 0.20804438280166435 0.07886089813800658
0 0.21983356449375868 0.8433734939759037 0.1650485436893204 0.1774370208105148
0 0.4403606102635229 0.8318729463307777 0.17891816920943135 0.1588170865279299
0 0.7212205270457698 0.8083242059145673 0.36893203883495146 0.1927710843373494
0 0.30859916782246877 0.42825848849945236 0.2815533980582524 0.1533406352683461
0 0.4521497919556172 0.3893756845564075 0.14979195561719832 0.08652792990142388
0 0.694868238557559 0.42113910186199344 0.31622746185852985 0.16100766703176342
0 0.926490984743412 0.4397590361445783 0.1553398058252427 0.16100766703176342
0 0.6033287101248266 0.6029572836801752 0.17753120665742025 0.09748083242059145
0 0.8432732316227461 0.6035049288061336 0.2552011095700416 0.15991237677984665
