0 0.06920415224913495 0.4581196581196581 0.09342560553633218 0.11737891737891738
0 0.13667820069204153 0.2886039886039886 0.1914648212226067 0.08945868945868946
0 0.302479815455594 0.28945868945868947 0.13321799307958476 0.11851851851851852
0 0.1508073817762399 0.45014245014245013 0.0847750865051903 0.13105413105413105
0 0.25144175317185696 0.1452991452991453 0.0922722029988466 0.1150997150997151
0 0.3416955017301038 0.1413105413105413 0.11014994232987313 0.12307692307692308
0 0.1637831603229527 0.15014245014245015 0.11303344867358708 0.12934472934472935
0 0.3226643598615917 0.05441595441595442 0.15628604382929642 0.062108262108262105
0 0.23471741637831603 0.4185185185185185 0.0922722029988466 0.11225071225071225
0 0.3290080738177624 0.41908831908831906 0.10899653979238755 0.10427350427350428
0 0.8514994232987313 0.21025641025641026 0.11130334486735871 0.05356125356125356
0 0.8633217993079585 0.16296296296296298 0.08996539792387544 0.0547008547008547
