0 0.9371179039301311 0.546916890080429 0.10305676855895196 0.11974977658623771
0 0.7641921397379913 0.5446827524575514 0.2096069868995633 0.17247542448614836
0 0.5877729257641922 0.5116175156389634 0.14323144104803492 0.11706881143878463
0 0.7951965065502183 0.36014298480786416 0.07248908296943231 0.13762287756925826
0 0.9427947598253276 0.4262734584450402 0.12838427947598252 0.12511170688114387
0 0.614410480349345 0.33690795352993747 0.20873362445414848 0.15370866845397677
0 0.6004366812227074 0.8529937444146559 0.20873362445414848 0.12779267202859695
0 0.8864628820960698 0.3190348525469169 0.09956331877729258 0.09830205540661305
0 0.8934497816593886 0.7444146559428061 0.14148471615720523 0.09651474530831099
0 0.765938864628821 0.8605898123324397 0.13449781659388646 0.09830205540661305
0 0.7816593886462883 0.23056300268096513 0.1467248908296943 0.13404825737265416
0 0.5620087336244541 0.20062555853440572 0.10742358078602621 0.11885612153708669
0 0.6563318777292576 0.209562109025916 0.11790393013100436 0.12421805183199285
