0 0.44871794871794873 0.07150964812712826 0.300944669365722 0.12031782065834279
0 0.08434547908232119 0.2690124858115778 0.11740890688259109 0.188422247446084
0 0.43454790823211875 0.4659477866061294 0.1214574898785425 0.16004540295119182
0 0.14912280701754385 0.47616345062429055 0.14979757085020243 0.17366628830874006
0 0.300944669365722 0.47446083995459704 0.16194331983805668 0.18388195232690124
0 0.26788124156545207 0.2525539160045403 0.2631578947368421 0.16912599318955732
0 0.49122807017543857 0.2122587968217934 0.16734143049932523 0.09761634506242906
0 0.5431848852901484 0.2548240635641317 0.29284750337381915 0.18955732122587968
0 0.7739541160593792 0.23779795686719638 0.2253711201079622 0.1191827468785471
0 0.9291497975708503 0.25709421112372305 0.10661268556005399 0.13280363223609534
0 0.7719298245614035 0.3365493757094211 0.21322537112010798 0.09875141884222474
0 0.6376518218623481 0.47616345062429055 0.28205128205128205 0.18047673098751418
0 0.844804318488529 0.49545970488081725 0.12955465587044535 0.19863791146424517
0 0.9534412955465587 0.48524404086265605 0.1039136302294197 0.13961407491486946
0 0.47233468286099867 0.6975028376844495 0.8852901484480432 0.16912599318955732
0 0.0398110661268556 0.4869466515323496 0.07422402159244265 0.09988649262202043
0 0.742914979757085 0.8825198637911464 0.2496626180836707 0.13280363223609534
0 0.918353576248313 0.8149829738933031 0.0931174089068826 0.13847900113507378
0 0.24021592442645073 0.8700340522133939 0.2968960863697706 0.1782065834279228
0 0.4925775978407557 0.8785471055618616 0.26180836707152494 0.1611804767309875
