0 0.17405475880052151 0.2285342584562012 0.2803129074315515 0.1222896790980052
0 0.23272490221642764 0.8512575888985255 0.16558018252933507 0.10667823070251518
0 0.7392438070404173 0.8451864700780573 0.37027379400260757 0.11535125758889853
0 0.1271186440677966 0.6283607979184735 0.18383311603650587 0.11535125758889853
0 0.7307692307692307 0.279705117085863 0.19947848761408082 0.11535125758889853
0 0.516297262059974 0.28577623590633133 0.15384615384615385 0.10320901994796183
0 0.6264667535853976 0.19861231569817867 0.5541069100391134 0.08499566348655681
0 0.45436766623207303 0.9392888117953165 0.17079530638852672 0.08673026886383348
0 0.7979139504563233 0.6257588898525586 0.08083441981747067 0.10667823070251518
0 0.9295958279009127 0.6335646140503035 0.14602346805736635 0.10841283607979185
0 0.15319426336375488 0.5082393755420642 0.28292046936114734 0.11448395490026018
0 0.1544980443285528 0.7376409366869038 0.21773142112125163 0.1170858629661752
0 0.4954367666232073 0.5091066782307025 0.37027379400260757 0.13529921942758022
0 0.4048239895697523 0.7298352124891587 0.28292046936114734 0.11014744145706852
0 0.3833116036505867 0.11535125758889853 0.41199478487614083 0.09887250650477017
0 0.7835723598435462 0.1222896790980052 0.3468057366362451 0.11274934952298352
0 0.36962190352020863 0.38725065047701646 0.6949152542372882 0.1170858629661752
0 0.8415906127770535 0.3924544666088465 0.2646675358539765 0.12055507372072853
0 0.910039113428944 0.279705117085863 0.15384615384615385 0.11188204683434519
0 0.48239895697522817 0.627059843885516 0.43285528031290743 0.11101474414570685
0 0.8324641460234681 0.5069384215091067 0.31421121251629724 0.1326973113616652
0 0.7509778357235984 0.7402428447528188 0.39895697522816165 0.10147441457068516
0 0.288135593220339 0.03295750216825672 0.0651890482398957 0.04163052905464007
0 0.3109517601043025 0.05117085862966175 0.06388526727509779 0.015611448395490026
0 0.42633637548891784 0.023850823937554208 0.05736636245110821 0.028620988725065046
0 0.3709256844850065 0.024718126626192542 0.06388526727509779 0.028620988725065046
0 0.3774445893089961 0.05073720728534258 0.061277705345501955 0.023417172593235037
0 0.7483702737940026 0.05030355594102342 0.06779661016949153 0.031222896790980052
0 0.2138200782268579 0.10841283607979185 0.0469361147327249 0.04336513443191674
0 0.2646675358539765 0.10797918473547267 0.05215123859191656 0.040763226366001735
0 0.29595827900912647 0.12185602775368604 0.17470664928292046 0.01647875108412836
0 0.4706649282920469 0.08542931483087597 0.03129074315514994 0.032090199479618386
0 0.4980443285528031 0.08326105810928014 0.02346805736636245 0.020815264527320035
0 0.5221642764015645 0.0836947094535993 0.02998696219035202 0.028620988725065046
0 0.5612777053455019 0.08933217692974849 0.04302477183833116 0.0398959236773634
0 0.44198174706649285 0.12836079791847355 0.0651890482398957 0.055507372072853424
0 0.46479791395045633 0.13183000867302688 0.05084745762711865 0.055507372072853424
0 0.4869621903520209 0.13183000867302688 0.04563233376792699 0.05203816131830009
0 0.5130378096479792 0.13183000867302688 0.05084745762711865 0.05030355594102342
0 0.5378096479791395 0.1326973113616652 0.048239895697522815 0.04856895056374675
0 0.9302477183833116 0.12836079791847355 0.035202086049543675 0.07285342584562012
0 0.8859191655801826 0.1261925411968777 0.04563233376792699 0.0372940156114484
0 0.6675358539765319 0.14570685169124023 0.0938722294654498 0.03295750216825672
0 0.6831812255541069 0.11751951431049436 0.03129074315514994 0.040763226366001735
0 0.7640156453715776 0.08412836079791847 0.19035202086049544 0.022549869904596703
0 0.7900912646675359 0.11231569817866435 0.14602346805736635 0.023417172593235037
0 0.741851368970013 0.13009540329575023 0.03911342894393742 0.04856895056374675
0 0.08083441981747067 0.2207285342584562 0.06258148631029987 0.03555941023417172
0 0.1290743155149935 0.22289679098005205 0.04432855280312908 0.06418039895923677
0 0.18057366362451108 0.25498699045967044 0.15514993481095177 0.05724197745013009
0 0.19882659713168188 0.1834345186470078 0.12646675358539766 0.07025151777970512
0 0.273142112125163 0.23503902862098872 0.03780964797913951 0.03469210754553339
0 0.318122555410691 0.2220294882914137 0.04954367666232073 0.05030355594102342
0 0.16101694915254236 0.209887250650477 0.03259452411994785 0.020815264527320035
0 0.1714471968709257 0.23373807458803122 0.05084745762711865 0.033824804856895055
0 0.18904823989569752 0.20945359930615784 0.03650586701434159 0.023417172593235037
0 0.21316818774445892 0.22246313963573286 0.035202086049543675 0.023417172593235037
0 0.46088657105606257 0.287510841283608 0.048239895697522815 0.042497831743278404
0 0.4784876140808344 0.25628794449262793 0.05215123859191656 0.033824804856895055
0 0.5052151238591917 0.3039895923677363 0.04302477183833116 0.011274934952298352
0 0.5078226857887875 0.292714657415438 0.04041720990873533 0.011274934952298352
0 0.5058670143415906 0.2810060711188205 0.03650586701434159 0.010407632263660017
0 0.40547588005215124 0.1782307025151778 0.03911342894393742 0.032090199479618386
0 0.38265971316818775 0.23503902862098872 0.04041720990873533 0.015611448395490026
0 0.39048239895697523 0.2207285342584562 0.04041720990873533 0.014744145706851692
0 0.3963494132985658 0.2059843885516045 0.041720990873533245 0.014744145706851692
0 0.4491525423728814 0.21986123156981788 0.06649282920469361 0.08933217692974849
0 0.559322033898305 0.2181266261925412 0.22164276401564537 0.014744145706851692
0 0.5423728813559322 0.20511708586296618 0.05997392438070404 0.06157849089332177
0 0.6173402868318123 0.18907198612315698 0.07431551499348109 0.03816131830008673
0 0.8037809647979139 0.18126626192541198 0.15514993481095177 0.05203816131830009
0 0.8161668839634941 0.2302688638334779 0.03911342894393742 0.042497831743278404
0 0.7770534550195567 0.21899392888117952 0.03129074315514994 0.032090199479618386
0 0.7972620599739244 0.20945359930615784 0.14732724902216426 0.026886383347788378
0 0.6903520208604954 0.20728534258456202 0.061277705345501955 0.045099739809193407
0 0.6747066492829205 0.28924544666088464 0.061277705345501955 0.023417172593235037
0 0.6760104302477183 0.2675628794449263 0.048239895697522815 0.014744145706851692
0 0.6773142112125163 0.2515177797051171 0.048239895697522815 0.012142237640936688
0 0.6773142112125163 0.23460537727666955 0.04041720990873533 0.01647875108412836
0 0.7262059973924381 0.2792714657415438 0.05215123859191656 0.1023417172593235
0 0.7737940026075619 0.2710320901994796 0.121251629726206 0.023417172593235037
0 0.9139504563233377 0.2653946227233304 0.1121251629726206 0.027753686036426712
0 0.9491525423728814 0.2740676496097138 0.018252933507170794 0.04336513443191674
0 0.1258148631029987 0.3842150910667823 0.14993481095176012 0.022549869904596703
0 0.13233376792698825 0.3603642671292281 0.13689700130378096 0.0199479618386817
0 0.13559322033898305 0.37294015611448394 0.06779661016949153 0.08673026886383348
0 0.42633637548891784 0.34518647007805725 0.12516297262059975 0.06591500433651344
0 0.3963494132985658 0.3777103209019948 0.028683181225554105 0.049436253252385085
0 0.38722294654498046 0.42107545533391155 0.12255541069100391 0.047701647875108416
0 0.34876140808344197 0.3920208152645273 0.0847457627118644 0.046834345186470075
0 0.3409387222946545 0.37033824804856896 0.06910039113428944 0.046834345186470075
0 0.6166883963494133 0.3829141370338248 0.04954367666232073 0.05464006938421509
0 0.5964797913950456 0.419774501300954 0.10821382007822686 0.03469210754553339
0 0.5880052151238592 0.34952298352124894 0.10951760104302477 0.03295750216825672
0 0.6760104302477183 0.3803122289679098 0.06388526727509779 0.09280138768430182
0 0.9465449804432855 0.398959236773634 0.04954367666232073 0.06591500433651344
0 0.8604954367666232 0.38161318300086733 0.13298565840938723 0.019080659150043366
0 0.8494132985658409 0.3447528187337381 0.2151238591916558 0.05464006938421509
0 0.8122555410691004 0.40372940156114484 0.04432855280312908 0.05637467476149176
0 0.7372881355932204 0.42671292281006074 0.03780964797913951 0.017346053772766695
0 0.7601043024771839 0.4184735472679965 0.0469361147327249 0.011274934952298352
0 0.7640156453715776 0.37814397224631396 0.03911342894393742 0.017346053772766695
0 0.7633637548891786 0.3907198612315698 0.04041720990873533 0.013009540329575022
0 0.7633637548891786 0.40503035559410233 0.048239895697522815 0.012142237640936688
0 0.20404172099087353 0.5 0.04041720990873533 0.04423243712055507
0 0.25097783572359844 0.4761491760624458 0.11864406779661017 0.06938421509106678
0 0.22033898305084745 0.5294882914137033 0.14341590612777053 0.058109280138768434
0 0.17926988265971316 0.4930615784908933 0.05084745762711865 0.07718993928881179
0 0.11538461538461539 0.5398959236773634 0.0560625814863103 0.030355594102341718
0 0.08670143415906127 0.5333911535125759 0.04563233376792699 0.027753686036426712
0 0.06192959582790091 0.52601908065915 0.04302477183833116 0.02515177797051171
0 0.1316818774445893 0.5004336513443192 0.03911342894393742 0.031222896790980052
0 0.10560625814863103 0.49826539462272335 0.028683181225554105 0.02515177797051171
0 0.0697522816166884 0.49262792714657416 0.024771838331160364 0.022549869904596703
0 0.08279009126466753 0.4956634865568083 0.01955671447196871 0.026886383347788378
0 0.5840938722294654 0.497398091934085 0.05736636245110821 0.05290546400693842
0 0.45241199478487615 0.4605377276669558 0.17470664928292046 0.03295750216825672
0 0.3520208604954368 0.5238508239375542 0.07301173402868318 0.04163052905464007
0 0.5195567144719687 0.48612315698178665 0.08213820078226858 0.02515177797051171
0 0.43285528031290743 0.49653078924544664 0.054758800521512385 0.04596704249783174
0 0.9485006518904824 0.4735472679965308 0.035202086049543675 0.04163052905464007
0 0.9556714471968709 0.5225498699045967 0.04954367666232073 0.05637467476149176
0 0.8891786179921773 0.49176062445793584 0.07561929595827901 0.046834345186470075
0 0.8852672750977836 0.5424978317432784 0.11994784876140809 0.05637467476149176
0 0.8011734028683182 0.502601908065915 0.11603650586701435 0.04596704249783174
0 0.7242503259452412 0.5004336513443192 0.048239895697522815 0.08499566348655681
0 0.6388526727509778 0.4822202948829141 0.0651890482398957 0.07805724197745013
0 0.13885267275097785 0.6001734605377277 0.06388526727509779 0.053772766695576756
0 0.058018252933507174 0.6287944492627927 0.04302477183833116 0.060711188204683436
0 0.15710560625814862 0.6491760624457936 0.10560625814863103 0.05464006938421509
0 0.09126466753585398 0.6621856027753686 0.03911342894393742 0.014744145706851692
0 0.09973924380704041 0.647441457068517 0.035202086049543675 0.013009540329575022
0 0.10495436766623208 0.6392020815264527 0.04563233376792699 0.020815264527320035
0 0.10951760104302477 0.6253252385082394 0.05736636245110821 0.024284475281873375
0 0.6577574967405476 0.632263660017346 0.07170795306388526 0.04336513443191674
0 0.6531942633637549 0.5945359930615784 0.03911342894393742 0.032090199479618386
0 0.5404172099087353 0.5954032957502168 0.035202086049543675 0.03902862098872507
0 0.5273794002607562 0.6539462272333044 0.07953063885267275 0.05030355594102342
0 0.30638852672750977 0.6101474414570686 0.054758800521512385 0.07198612315698179
0 0.8265971316818774 0.598438855160451 0.041720990873533245 0.04336513443191674
0 0.7868318122555411 0.6019080659150043 0.03259452411994785 0.045099739809193407
0 0.8122555410691004 0.6444058976582827 0.05215123859191656 0.05203816131830009
0 0.8852672750977836 0.6149176062445794 0.05997392438070404 0.027753686036426712
0 0.9361147327249022 0.6300954032957502 0.06258148631029987 0.08412836079791847
0 0.22816166883963493 0.7302688638334779 0.06779661016949153 0.06938421509106678
0 0.18904823989569752 0.7493495229835212 0.054758800521512385 0.03816131830008673
0 0.1897001303780965 0.7038161318300087 0.04563233376792699 0.030355594102341718
0 0.11734028683181226 0.7614917606244579 0.10430247718383312 0.05030355594102342
0 0.14732724902216426 0.7224631396357328 0.07040417209908735 0.029488291413703384
0 0.1395045632333768 0.6955767562879445 0.09647979139504563 0.05203816131830009
0 0.09582790091264667 0.7198612315698178 0.061277705345501955 0.07285342584562012
0 0.5345501955671447 0.7454466608846487 0.054758800521512385 0.07545533391153512
0 0.3455019556714472 0.6960104076322636 0.05215123859191656 0.03555941023417172
0 0.2953063885267275 0.7016478751084129 0.04302477183833116 0.045099739809193407
0 0.39113428943937417 0.715091066782307 0.1303780964797914 0.02515177797051171
0 0.3741851368970013 0.7450130095403296 0.21903520208604954 0.03295750216825672
0 0.5840938722294654 0.748915871639202 0.07040417209908735 0.08412836079791847
0 0.6505867014341591 0.7515177797051171 0.054758800521512385 0.0372940156114484
0 0.6962190352020861 0.7606244579358196 0.06779661016949153 0.060711188204683436
0 0.6897001303780965 0.704683434518647 0.03911342894393742 0.03555941023417172
0 0.940677966101695 0.7198612315698178 0.05084745762711865 0.0797918473547268
0 0.8265971316818774 0.720294882914137 0.03389830508474576 0.06331309627059845
0 0.8252933507170795 0.7571552471812663 0.17470664928292046 0.024284475281873375
0 0.8005215123859192 0.7220294882914137 0.02346805736636245 0.06157849089332177
0 0.7829204693611473 0.7233304423243712 0.01694915254237288 0.053772766695576756
0 0.7666232073011734 0.7237640936686903 0.01303780964797914 0.05290546400693842
0 0.7483702737940026 0.7207285342584562 0.018252933507170794 0.053772766695576756
0 0.8272490221642764 0.7398091934084996 0.17340286831812254 0.020815264527320035
0 0.8213820078226858 0.7267996530789246 0.1694915254237288 0.019080659150043366
0 0.8155149934810951 0.7120555073720729 0.1760104302477184 0.026019080659150044
0 0.2835723598435463 0.8443191673894189 0.061277705345501955 0.09453599306157849
0 0.23272490221642764 0.8404163052905465 0.0560625814863103 0.031222896790980052
0 0.1877444589308996 0.8308759757155247 0.0651890482398957 0.03642671292281006
0 0.2014341590612777 0.8707718993928881 0.10821382007822686 0.05030355594102342
0 0.3122555410691004 0.9106678230702515 0.11342894393741851 0.07111882046834345
0 0.26401564537157757 0.9392888117953165 0.02998696219035202 0.05897658282740677
0 0.8807040417209909 0.839549002601908 0.04563233376792699 0.07285342584562012
0 0.6016949152542372 0.8360797918473547 0.061277705345501955 0.03642671292281006
0 0.6016949152542372 0.8673026886383348 0.08213820078226858 0.04336513443191674
0 0.6277705345501956 0.8486556808326106 0.02998696219035202 0.03555941023417172
0 0.6870925684485006 0.8430182133564614 0.05215123859191656 0.09887250650477017
0 0.7777053455019557 0.8278404163052906 0.17079530638852672 0.01821335646140503
0 0.772490221642764 0.8599306157849089 0.19165580182529335 0.01821335646140503
0 0.4361147327249022 0.9397224631396357 0.04563233376792699 0.08065915004336513
0 0.45697522816166886 0.937987857762359 0.1577574967405476 0.0372940156114484
0 0.5808344198174706 0.9310494362532524 0.05084745762711865 0.0598438855160451
0 0.6942633637548892 0.9202081526452732 0.048239895697522815 0.053772766695576756
0 0.621903520208605 0.906764960971379 0.1016949152542373 0.013009540329575022
0 0.742503259452412 0.8915871639202082 0.05345501955671447 0.03295750216825672
0 0.8683181225554107 0.9423243712055508 0.02607561929595828 0.05117085862966175
0 0.8663624511082139 0.9440589765828274 0.10039113428943937 0.04423243712055507
