0 0.16260162601626016 0.4178605539637058 0.1951219512195122 0.16714422158548234
0 0.5296167247386759 0.39159503342884433 0.5017421602787456 0.12989493791786055
0 0.2584204413472706 0.6685768863419294 0.25667828106852497 0.1833810888252149
0 0.45876887340301975 0.6418338108882522 0.17886178861788618 0.10506208213944604
0 0.30197444831591175 0.828080229226361 0.19279907084785133 0.12607449856733524
0 0.5598141695702671 0.8787010506208214 0.30197444831591175 0.15854823304680038
0 0.20789779326364694 0.11652340019102196 0.1672473867595819 0.12416427889207259
0 0.9471544715447154 0.46466093600764086 0.08943089430894309 0.1308500477554919
0 0.6927990708478513 0.6814708691499523 0.3124274099883856 0.15759312320916904
0 0.8908246225319396 0.7177650429799427 0.13240418118466898 0.17478510028653296
0 0.46980255516840885 0.11079274116523401 0.20557491289198607 0.08787010506208214
0 0.7148664343786295 0.11318051575931232 0.2264808362369338 0.12129894937917861
0 0.7833914053426249 0.47039159503342887 0.2450638792102207 0.10028653295128939
0 0.7067363530778165 0.24689589302769818 0.305458768873403 0.18051575931232092
0 0.921602787456446 0.28557784145176696 0.140534262485482 0.13753581661891118
0 0.5772357723577236 0.5081184336198663 0.29732868757259 0.17191977077363896
0 0.47851335656213706 0.09789875835721108 0.34843205574912894 0.16141356255969436
