0 0.3910355486862442 0.06784492588369441 0.1391035548686244 0.11744583808437856
0 0.07418856259659969 0.5530216647662486 0.10819165378670788 0.16419612314709237
0 0.46213292117465227 0.5581527936145952 0.3369397217928903 0.17673888255416192
0 0.5378670788253478 0.062143671607753706 0.15765069551777433 0.12200684150513112
0 0.7449768160741885 0.03933865450399088 0.2472952086553323 0.07639680729760548
0 0.7511591962905718 0.10433295324971494 0.29675425038639874 0.12428734321550741
0 0.14142194744976816 0.36259977194982895 0.21483771251931993 0.19156214367160776
0 0.7936630602782071 0.5450399087799316 0.33539412673879443 0.19840364880273662
0 0.2534775888717156 0.09407069555302167 0.09273570324574962 0.05815279361459521
0 0.15765069551777433 0.11516533637400228 0.13601236476043277 0.14139110604332952
0 0.2132921174652241 0.5381984036488028 0.12364760432766615 0.09806157354618016
0 0.19783616692426584 0.7223489167616876 0.19165378670788252 0.09464082098061574
0 0.26197836166924265 0.7565564424173318 0.33539412673879443 0.21094640820980615
0 0.526275115919629 0.7542759407069556 0.22720247295208656 0.18586088939566706
0 0.8562596599690881 0.7451539338654504 0.14528593508500773 0.16077537058152794
0 0.21483771251931993 0.9161915621436716 0.10510046367851623 0.12428734321550741
0 0.5054095826893354 0.35689851767388825 0.5440494590417311 0.17787913340935005
0 0.4312210200927357 0.9230330672748005 0.33075734157650694 0.10376282782212087
