0 0.21930946291560102 0.882953181272509 0.23657289002557544 0.18847539015606243
0 0.4686700767263427 0.8787515006002401 0.2570332480818414 0.1752701080432173
0 0.10421994884910486 0.34813925570228094 0.1547314578005115 0.27611044417767105
0 0.27301790281329924 0.2965186074429772 0.19820971867007672 0.20168067226890757
0 0.5869565217391305 0.7076830732292917 0.35805626598465473 0.1788715486194478
0 0.46994884910485935 0.2887154861944778 0.23145780051150894 0.2581032412965186
0 0.29731457800511507 0.5432172869147659 0.22122762148337596 0.1644657863145258
0 0.20907928388746802 0.6062424969987995 0.32608695652173914 0.25930372148859543
0 0.7378516624040921 0.26710684273709484 0.19437340153452684 0.19327731092436976
0 0.8702046035805626 0.6968787515006002 0.21611253196930946 0.17406962785114047
0 0.7289002557544757 0.8457382953181273 0.25831202046035806 0.16926770708283315
