0 0.4146889031430404 0.08426229508196721 0.17382937780628607 0.07278688524590164
0 0.36786401539448366 0.19278688524590165 0.13149454778704298 0.14163934426229507
0 0.048749198203976905 0.340327868852459 0.06927517639512508 0.08786885245901639
0 0.3024374599101988 0.5937704918032787 0.16484926234765876 0.09114754098360656
0 0.06029506093649775 0.6022950819672132 0.10647851186658114 0.13967213114754098
0 0.16837716484926235 0.598688524590164 0.10968569595894805 0.13245901639344262
0 0.10423348300192431 0.7321311475409836 0.16741500962155229 0.10688524590163935
0 0.21648492623476587 0.7318032786885246 0.06735086593970493 0.11540983606557377
0 0.1404746632456703 0.861639344262295 0.11161000641436819 0.13114754098360656
0 0.6144964720974984 0.7498360655737705 0.09108402822322001 0.11737704918032787
0 0.6523412443874278 0.460327868852459 0.12700449005772932 0.12065573770491804
0 0.5333547145606158 0.46524590163934426 0.07761385503527903 0.06885245901639345
0 0.5291853752405388 0.3144262295081967 0.059012187299550996 0.06360655737704918
0 0.603592046183451 0.31704918032786883 0.06927517639512508 0.0898360655737705
0 0.7905708787684413 0.07311475409836066 0.16741500962155229 0.09508196721311475
0 0.9570237331622835 0.31344262295081965 0.09108402822322001 0.08918032786885247
0 0.4281590763309814 0.4763934426229508 0.09300833867864015 0.12262295081967213
0 0.3165490699166132 0.47114754098360656 0.13662604233483003 0.10819672131147541
0 0.1760744066709429 0.4675409836065574 0.15843489416292494 0.09836065573770492
0 0.05259781911481719 0.45737704918032784 0.07055805003207184 0.06754098360655737
0 0.7427838357921744 0.23081967213114754 0.18216805644644002 0.0760655737704918
0 0.6507376523412444 0.054098360655737705 0.12636305323925592 0.10557377049180328
0 0.35728030788967285 0.030491803278688525 0.11674150096215523 0.05180327868852459
0 0.2552918537524054 0.03081967213114754 0.09749839640795381 0.05901639344262295
0 0.5535599743425272 0.04557377049180328 0.07055805003207184 0.057049180327868855
0 0.7398973701090442 0.3022950819672131 0.07889672867222579 0.05639344262295082
0 0.8454137267479154 0.30393442622950817 0.13213598460551634 0.08459016393442623
0 0.7190506735086594 0.3298360655737705 0.16549069916613213 0.11147540983606558
0 0.7498396407953817 0.6324590163934426 0.177036561898653 0.06491803278688525
0 0.8454137267479154 0.5901639344262295 0.23989737010904427 0.11934426229508197
0 0.5208466966003849 0.5980327868852459 0.06286080821039128 0.06163934426229508
0 0.5198845413726748 0.7350819672131148 0.0814624759461193 0.07737704918032787
0 0.5436177036561899 0.879016393442623 0.11096856959589481 0.07278688524590164
0 0.7068633739576652 0.8780327868852459 0.20910840282232201 0.09180327868852459
0 0.5208466966003849 0.9721311475409836 0.06286080821039128 0.04524590163934426
0 0.6067992302758178 0.9645901639344262 0.10647851186658114 0.06032786885245902
0 0.05772931366260423 0.8213114754098361 0.05772931366260423 0.0780327868852459
0 0.29666452854393843 0.8531147540983607 0.163566388710712 0.08655737704918033
0 0.2947402180885183 0.9367213114754098 0.17382937780628607 0.1160655737704918
0 0.41949967928159076 0.8849180327868853 0.08595253367543297 0.13967213114754098
0 0.8184733803720333 0.43508196721311476 0.22578576010262988 0.08459016393442623
0 0.15811417575368827 0.08950819672131148 0.0814624759461193 0.06622950819672131
