0 0.6148409893992933 0.3125 0.18197879858657243 0.08883647798742138
0 0.3401060070671378 0.8671383647798742 0.1696113074204947 0.15566037735849056
0 0.11925795053003534 0.8388364779874213 0.09010600706713781 0.08490566037735849
0 0.44434628975265017 0.22209119496855345 0.14487632508833923 0.12028301886792453
0 0.8374558303886925 0.37342767295597484 0.26148409893992935 0.14150943396226415
0 0.7446996466431095 0.7342767295597484 0.17314487632508835 0.12106918238993711
0 0.37279151943462896 0.6816037735849056 0.2420494699646643 0.16037735849056603
0 0.43197879858657245 0.3352987421383648 0.13957597173144876 0.09827044025157233
0 0.5874558303886925 0.16666666666666666 0.0989399293286219 0.12421383647798742
0 0.7778268551236749 0.1985062893081761 0.26943462897526504 0.11871069182389937
0 0.609982332155477 0.6116352201257862 0.2058303886925795 0.10377358490566038
0 0.2910777385159011 0.21108490566037735 0.17226148409893993 0.13286163522012578
0 0.19125441696113074 0.1029874213836478 0.24823321554770317 0.1069182389937107
0 0.4209363957597173 0.07979559748427673 0.20759717314487633 0.10927672955974843
0 0.29902826855123676 0.34355345911949686 0.15282685512367492 0.11477987421383648
0 0.8127208480565371 0.6246069182389937 0.19081272084805653 0.09669811320754718
