0 0.38285457809694795 0.266078184110971 0.18940754039497307 0.07818411097099622
0 0.40484739676840215 0.5050441361916772 0.21364452423698385 0.11727616645649433
0 0.579443447037702 0.5056746532156369 0.09605026929982047 0.1021437578814628
0 0.8002692998204668 0.5116645649432535 0.3114901256732496 0.11412358133669609
0 0.1813285457809695 0.5028373266078184 0.21364452423698385 0.11034047919293821
0 0.21858168761220825 0.60718789407314 0.4102333931777379 0.09836065573770492
0 0.5866247755834829 0.6150693568726355 0.3114901256732496 0.10025220680958385
0 0.8182226211849192 0.6188524590163934 0.1570915619389587 0.09646910466582598
0 0.03904847396768402 0.5037831021437579 0.0763016157989228 0.11223203026481715
0 0.058797127468581685 0.6970365699873896 0.09605026929982047 0.09520807061790669
0 0.07944344703770198 0.7799495586380832 0.08348294434470377 0.07440100882723834
0 0.2625673249551167 0.7020807061790668 0.3258527827648115 0.10151324085750316
0 0.25628366247755835 0.7944514501891551 0.19120287253141832 0.0832282471626734
0 0.4542190305206463 0.7979192938209332 0.15978456014362658 0.08638083228247162
0 0.61983842010772 0.7979192938209332 0.13734290843806105 0.08638083228247162
0 0.7980251346499102 0.7979192938209332 0.1059245960502693 0.09016393442622951
0 0.37073608617594256 0.36885245901639346 0.13464991023339318 0.07566204287515763
0 0.5139138240574507 0.37736443883984866 0.17684021543985637 0.08259773013871374
0 0.7782764811490126 0.3969104665825977 0.2926391382405745 0.10529634300126103
0 0.6368940754039497 0.16519546027742749 0.08886894075403949 0.1034047919293821
0 0.5116696588868941 0.14974779319041615 0.14721723518850988 0.06872635561160151
0 0.38420107719928187 0.16708701134930642 0.11310592459605028 0.10718789407313997
0 0.4955116696588869 0.894703656998739 0.1400359066427289 0.1034047919293821
0 0.2957809694793537 0.89281210592686 0.25583482944344704 0.10718789407313997
0 0.20377019748653502 0.38682219419924335 0.1992818671454219 0.11916771752837327
0 0.05745062836624776 0.39029003783102145 0.0933572710951526 0.1021437578814628
0 0.5336624775583483 0.7077553593947037 0.22710951526032316 0.10025220680958385
0 0.6840215439856373 0.7068095838587641 0.10412926391382406 0.09583858764186633
0 0.7836624775583483 0.7102774274905422 0.12567324955116696 0.08638083228247162
0 0.14587073608617596 0.266078184110971 0.23608617594254938 0.09457755359394704
0 0.7190305206463196 0.27994955863808324 0.3752244165170557 0.11853720050441362
0 0.11714542190305206 0.869798234552333 0.10682226211849193 0.10529634300126103
0 0.6346499102333932 0.8877679697351829 0.1741472172351885 0.09331651954602774
0 0.7989228007181328 0.8858764186633039 0.15798922800718132 0.09457755359394704
0 0.3231597845601436 0.9665825977301387 0.12746858168761221 0.05548549810844893
0 0.5305206463195691 0.9709962168978562 0.296229802513465 0.04918032786885246
0 0.900359066427289 0.7061790668348046 0.12926391382405744 0.0832282471626734
