0 0.7694394213381555 0.19802924348378895 0.11754068716094032 0.1659249841068023
0 0.861965039180229 0.3954227590591227 0.0867992766726944 0.12968849332485696
0 0.7637130801687764 0.7746344564526383 0.12296564195298372 0.1048951048951049
0 0.8592525617842074 0.7857596948506039 0.081374321880651 0.10680228862047043
0 0.9207353827606992 0.7883026064844246 0.0705244122965642 0.101716465352829
0 0.7727546714888487 0.6547997457088366 0.16636528028933092 0.10680228862047043
0 0.7802893309222423 0.5359186268277177 0.14888487040385776 0.12460267005721551
0 0.895117540687161 0.5505403687221869 0.07836045810729356 0.1258741258741259
0 0.1735985533453888 0.2746344564526383 0.23387582881253768 0.0775588048315321
0 0.24713682941531043 0.14113159567705022 0.24713682941531043 0.07883026064844247
0 0.26582278481012656 0.2031150667514304 0.1735985533453888 0.07946598855689765
0 0.8993369499698614 0.6719643992371265 0.10006027727546715 0.11697393515575334
0 0.7622061482820977 0.3582326764144946 0.11633514165159735 0.09345200254291164
0 0.9011452682338759 0.2498410680228862 0.1289933694996986 0.1449459631277813
