0 0.4908579465541491 0.10524091293322063 0.0829817158931083 0.1834319526627219
0 0.3466947960618847 0.30008453085376163 0.19690576652601968 0.1352493660185968
0 0.16842475386779185 0.44716821639898563 0.13150492264416316 0.1014370245139476
0 0.39275668073136427 0.4433643279797126 0.11744022503516174 0.158072696534235
0 0.259845288326301 0.4636517328825021 0.15119549929676512 0.19188503803888418
0 0.09950773558368495 0.5105663567202029 0.17229254571026723 0.18765849535080303
0 0.21132208157524612 0.6149619611158073 0.15822784810126583 0.12256973795435334
0 0.090014064697609 0.6365173288250211 0.05625879043600562 0.09805579036348266
0 0.8248945147679325 0.06551141166525781 0.11251758087201125 0.09382924767540152
0 0.7689873417721519 0.11453930684699916 0.17651195499296765 0.17666948436179206
0 0.5066807313642757 0.3799661876584953 0.10478199718706048 0.15976331360946747
0 0.35372714486638535 0.7041420118343196 0.2109704641350211 0.2062552831783601
