0 0.23773129525341916 0.5365239294710328 0.08849557522123894 0.10075566750629723
0 0.21962992759452937 0.6364399664147775 0.06355591311343524 0.0688497061293031
0 0.21118262268704746 0.7338371116708649 0.05711987127916331 0.07976490344248531
0 0.19328238133547868 0.8089840470193115 0.025341914722445697 0.038623005877413935
0 0.24557522123893805 0.09634760705289673 0.06315366049879324 0.04240134340890008
0 0.3678600160901046 0.09949622166246852 0.08889782783588093 0.07892527287993283
0 0.06596942880128721 0.2695214105793451 0.10458567980691874 0.08228379513014274
0 0.1586886564762671 0.26490344248530645 0.083266291230893 0.07556675062972293
0 0.14380530973451328 0.350335852225021 0.11142397425583267 0.05919395465994962
0 0.06295253419147225 0.4254827875734677 0.1082059533386967 0.09361880772460117
0 0.5701930812550282 0.03841309823677582 0.10659694288012872 0.07346767422334173
0 0.4684231697506034 0.03295549958018472 0.1001609010458568 0.0675902602854744
0 0.2570394207562349 0.8131821998320738 0.05953338696701529 0.06213266162888329
0 0.34533386967015284 0.8136020151133502 0.07361222847948512 0.06297229219143577
0 0.2827835880933226 0.6309823677581864 0.061142397425583264 0.05877413937867338
0 0.26448109412711185 0.732367758186398 0.05108608205953339 0.0491183879093199
0 0.4593724859211585 0.1200671704450042 0.08608205953338696 0.0873215785054576
0 0.5301689460981497 0.11439966414777498 0.058728881737731296 0.08690176322418136
0 0.5929203539823009 0.11586901763224182 0.07079646017699115 0.08564231738035265
0 0.37087691069991957 0.03043660789252729 0.08447304907481899 0.05415617128463476
0 0.249195494770716 0.033375314861460954 0.07039420756234915 0.05667506297229219
0 0.26528559935639584 0.15890008396305624 0.1090104585679807 0.07178841309823678
0 0.3684633950120676 0.1670864819479429 0.08930008045052293 0.06213266162888329
0 0.22144006436041835 0.22900923593618808 0.03177795655671762 0.04324097397145256
0 0.3692679002413516 0.3394206549118388 0.06918744971842317 0.07766582703610411
0 0.2248592115848753 0.4347187237615449 0.05953338696701529 0.0852225020990764
0 0.3578037007240547 0.5314861460957179 0.07441673370876911 0.09655751469353484
0 0.1566773934030571 0.426112510495382 0.083266291230893 0.09319899244332494
0 0.024336283185840708 0.5115449202350966 0.03821399839098954 0.05247691015952981
0 0.07240547063555913 0.5161628883291351 0.057924376508447305 0.07682619647355164
0 0.1417940466613033 0.5134340890008396 0.09613837489943684 0.0654911838790932
0 0.05551086082059534 0.6051637279596978 0.06918744971842317 0.09781696053736356
0 0.13938053097345132 0.6043240973971452 0.10096540627514079 0.10201511335012595
0 0.038415124698310536 0.700671704450042 0.0583266291230893 0.0688497061293031
0 0.056918744971842315 0.790512174643157 0.09292035398230089 0.05793450881612091
0 0.13998390989541432 0.7928211586901763 0.07320997586484312 0.06255247691015953
0 0.5191069991954947 0.1943744752308984 0.2160096540627514 0.06381192275398824
0 0.4249798873692679 0.3217884130982368 0.0333869670152856 0.05079764903442485
0 0.5647626709573612 0.7732997481108312 0.07079646017699115 0.08312342569269521
0 0.4257843925985519 0.6570109151973131 0.06556717618664522 0.07556675062972293
0 0.6456154465004023 0.0327455919395466 0.027353177795655673 0.038623005877413935
0 0.6399839098954143 0.10453400503778337 0.0249396621078037 0.047019311502938706
0 0.6526548672566371 0.16519731318219982 0.055913113435237326 0.06926952141057935
0 0.7041432019308126 0.241183879093199 0.07441673370876911 0.07682619647355164
0 0.6351568785197104 0.31024349286314024 0.02654867256637168 0.042821158690176324
0 0.7186242960579243 0.3066750629722922 0.11222847948511665 0.06087321578505458
0 0.6458165728077232 0.36523929471032746 0.05671761866452132 0.06213266162888329
0 0.7409493161705552 0.36859781696053734 0.10619469026548672 0.07556675062972293
0 0.6405872888173774 0.5056675062972292 0.06476267095736123 0.06926952141057935
0 0.7308930008045053 0.5029387069689337 0.05953338696701529 0.07136859781696053
0 0.6242960579243765 0.44038623005877414 0.02815768302493966 0.04617968094038623
0 0.336886564762671 0.2206129303106633 0.03177795655671762 0.04072208228379513
0 0.2906275140788415 0.24685138539042822 0.12429605792437651 0.0948782535684299
0 0.3795253419147224 0.24643157010915198 0.0583266291230893 0.09907640638119228
0 0.31033789219629926 0.43052057094878254 0.08246178600160901 0.053316540722082285
0 0.46218825422365245 0.2573467674223342 0.10378117457763475 0.07136859781696053
0 0.5681818181818182 0.25566750629722923 0.11222847948511665 0.07472712006717044
0 0.5557119871279164 0.33690176322418136 0.1251005631536605 0.0852225020990764
0 0.4499195494770716 0.42947103274559195 0.08809332260659694 0.0873215785054576
0 0.5470635559131134 0.4271620486985726 0.11826226870474658 0.0927791771620487
0 0.41733708769107 0.5125944584382871 0.03660498793242156 0.042821158690176324
