0 0.6715686274509803 0.1781641961231471 0.17589388696655134 0.09863169897377423
0 0.6410034602076125 0.08836944127708096 0.1182237600922722 0.08095781071835804
0 0.6395617070357554 0.03249714937286203 0.11880046136101499 0.029646522234891677
0 0.6908881199538639 0.26738882554161914 0.05420991926182238 0.06271379703534778
0 0.6776239907727797 0.5433295324971493 0.18569780853517878 0.07411630558722919
0 0.6294694348327566 0.6202964652223489 0.08246828143021914 0.09007981755986318
0 0.7165513264129181 0.5952109464082098 0.10207612456747404 0.07411630558722919
0 0.4945213379469435 0.4290193842645382 0.1782006920415225 0.09064994298745724
0 0.8832179930795848 0.4974344355758267 0.23356401384083045 0.07810718358038768
0 0.8359284890426759 0.5783922462941847 0.13437139561707034 0.09064994298745724
0 0.9325259515570934 0.5706955530216647 0.05536332179930796 0.09007981755986318
0 0.936562860438293 0.4161915621436716 0.11534025374855825 0.09007981755986318
0 0.7955594002306805 0.41733181299885974 0.05363321799307959 0.05131128848346636
0 0.7696078431372549 0.07126567844925884 0.052479815455594 0.039908779931584946
0 0.8445790080738178 0.12400228050171037 0.18281430219146483 0.06556442417331813
0 0.27191464821222605 0.548175598631699 0.07208765859284891 0.07240592930444698
0 0.2768166089965398 0.39538198403648805 0.08650519031141868 0.053021664766248575
0 0.2946943483275663 0.07326111744583809 0.09457900807381776 0.03933865450399088
0 0.37658592848904265 0.0515963511972634 0.08650519031141868 0.06328392246294184
0 0.4581891580161476 0.7246294184720639 0.13321799307958476 0.052451539338654506
0 0.4873125720876586 0.7756556442417332 0.18915801614763553 0.07468643101482327
0 0.46453287197231835 0.8409350057012542 0.14013840830449828 0.06955530216647662
0 0.5259515570934256 0.8087229190421893 0.11534025374855825 0.05074116305587229
0 0.4544405997693195 0.8970923603192702 0.12110726643598616 0.05188141391106044
0 0.263840830449827 0.7023945267958951 0.07439446366782007 0.055872291904218926
0 0.26038062283737023 0.870581527936146 0.07208765859284891 0.05815279361459521
0 0.34544405997693195 0.8702964652223489 0.09803921568627451 0.06556442417331813
0 0.29700115340253747 0.9287343215507412 0.1453287197231834 0.055872291904218926
0 0.32439446366782004 0.9677879133409351 0.09515570934256055 0.03591790193842646
0 0.056228373702422146 0.5744013683010262 0.08708189158016148 0.05074116305587229
0 0.06228373702422145 0.7611174458380844 0.05074971164936563 0.046750285062713795
0 0.1646482122260669 0.5755416191562144 0.12629757785467127 0.07240592930444698
0 0.052191464821222604 0.6334093500570125 0.058246828143021914 0.06499429874572406
0 0.45126874279123413 0.5094070695553021 0.09515570934256055 0.05872291904218928
0 0.3140138408304498 0.4694982896237172 0.15974625144175317 0.08494868871151653
0 0.6672433679354095 0.4660775370581528 0.12226066897347174 0.0815279361459521
0 0.3304498269896194 0.14452679589509693 0.1637831603229527 0.11345496009122007
0 0.2750865051903114 0.3070125427594071 0.07381776239907728 0.08608893956670467
0 0.3575547866205306 0.3124287343215507 0.08881199538638986 0.08209806157354618
0 0.34371395617070355 0.6986887115165337 0.08881199538638986 0.08038768529076397
0 0.1923298731257209 0.8702964652223489 0.06055363321799308 0.09293044469783353
0 0.1842560553633218 0.4290193842645382 0.09630911188004614 0.09407069555302167
0 0.07929642445213379 0.4284492588369441 0.13552479815455595 0.0895096921322691
0 0.12975778546712802 0.5111174458380844 0.20876585928489041 0.0758266818700114
0 0.16897347174163782 0.21835803876852908 0.13379469434832755 0.10376282782212087
0 0.18021914648212226 0.1274230330672748 0.12053056516724336 0.0895096921322691
0 0.09602076124567474 0.17075256556442417 0.06286043829296424 0.04732041049030787
0 0.4682814302191465 0.029646522234891677 0.104959630911188 0.046750285062713795
0 0.5008650519031141 0.07212086659064994 0.16782006920415224 0.07924743443557583
0 0.4997116493656286 0.1428164196123147 0.15859284890426759 0.0895096921322691
0 0.5077854671280276 0.22719498289623719 0.13783160322952712 0.07468643101482327
0 0.6179354094579008 0.26054732041049034 0.08131487889273356 0.04561003420752566
0 0.6130334486735871 0.322405929304447 0.06343713956170703 0.0838084378563284
0 0.7061707035755479 0.31927023945267957 0.12053056516724336 0.08323831242873432
0 0.0657439446366782 0.33209806157354615 0.09111880046136102 0.10547320410490307
