0 0.057665260196905765 0.3155099150141643 0.05063291139240506 0.08427762039660057
0 0.039029535864978905 0.44582152974504247 0.04992967651195499 0.08144475920679886
0 0.08544303797468354 0.7000708215297451 0.09071729957805907 0.11968838526912182
0 0.04149085794655415 0.8484419263456091 0.07032348804500703 0.0764872521246459
0 0.13361462728551335 0.8622521246458924 0.06047819971870605 0.12393767705382436
0 0.5555555555555556 0.34915014164305946 0.053445850914205346 0.0708215297450425
0 0.6311533052039381 0.370042492917847 0.05555555555555555 0.11402266288951841
0 0.570323488045007 0.04992917847025496 0.09423347398030943 0.08711048158640226
0 0.5569620253164557 0.49822946175637395 0.07172995780590717 0.10977337110481586
0 0.7401547116736991 0.48725212464589235 0.1568213783403657 0.08356940509915015
0 0.7085091420534458 0.6997167138810199 0.0850914205344585 0.11898016997167139
0 0.3055555555555556 0.5754249291784702 0.3030942334739803 0.13101983002832862
0 0.37587904360056257 0.09029745042492918 0.24824191279887484 0.09135977337110482
0 0.1649085794655415 0.3271954674220963 0.14838255977496484 0.13456090651558072
0 0.15576652601969057 0.20219546742209632 0.2158931082981716 0.11543909348441926
0 0.7556258790436006 0.37535410764872523 0.19057665260196907 0.141643059490085
0 0.9082278481012658 0.3771246458923513 0.14556962025316456 0.12393767705382436
0 0.17369901547116737 0.4564447592067989 0.21378340365682139 0.12393767705382436
0 0.3350914205344585 0.4564447592067989 0.13009845288326302 0.13101983002832862
0 0.4578059071729958 0.46777620396600567 0.12517580872011252 0.12960339943342777
0 0.5460618846694796 0.7234419263456091 0.08368495077355836 0.14093484419263455
0 0.6237693389592124 0.7160056657223796 0.08579465541490858 0.14589235127478753
0 0.2028832630098453 0.7135269121813032 0.14556962025316456 0.14801699716713881
0 0.24050632911392406 0.8576487252124646 0.1420534458509142 0.12039660056657224
0 0.3772855133614627 0.8498583569405099 0.139943741209564 0.10623229461756374
0 0.30063291139240506 0.3268413597733711 0.1258790436005626 0.13526912181303116
0 0.4409282700421941 0.3342776203966006 0.15752461322081576 0.14730878186968838
0 0.7939521800281294 0.671742209631728 0.06469760900140648 0.07577903682719547
0 0.7158931082981715 0.125 0.2039381153305204 0.11402266288951841
0 0.770042194092827 0.8045325779036827 0.1729957805907173 0.09490084985835694
0 0.2918424753867792 0.19971671388101983 0.06188466947960619 0.12181303116147309
0 0.47714486638537273 0.19405099150141644 0.07665260196905767 0.07507082152974505
0 0.41244725738396626 0.20396600566572237 0.056962025316455694 0.1048158640226629
0 0.35056258790436007 0.19794617563739378 0.08227848101265822 0.11968838526912182
0 0.7014767932489452 0.23973087818696884 0.3509142053445851 0.13101983002832862
0 0.9215893108298172 0.25920679886685555 0.09212376933895922 0.10339943342776203
0 0.020393811533052038 0.7067988668555241 0.0379746835443038 0.0679886685552408
