0 0.10187007874015748 0.2675373134328358 0.140748031496063 0.13656716417910447
0 0.5905511811023622 0.2373134328358209 0.281496062992126 0.13432835820895522
0 0.44143700787401574 0.43582089552238806 0.25688976377952755 0.13134328358208955
0 0.7918307086614174 0.24365671641791045 0.11122047244094488 0.11865671641791045
0 0.6687992125984252 0.42350746268656714 0.19389763779527558 0.15149253731343285
0 0.84498031496063 0.41865671641791047 0.17224409448818898 0.15522388059701492
0 0.35187007874015747 0.08694029850746268 0.10925196850393701 0.09477611940298507
0 0.20374015748031496 0.09253731343283582 0.14566929133858267 0.1
0 0.9187992125984252 0.2712686567164179 0.10728346456692914 0.10820895522388059
0 0.08562992125984252 0.6082089552238806 0.11811023622047244 0.11044776119402985
0 0.21505905511811024 0.6279850746268657 0.09547244094488189 0.13955223880597015
0 0.358759842519685 0.591044776119403 0.19586614173228348 0.07611940298507462
0 0.10482283464566929 0.7884328358208955 0.11122047244094488 0.1126865671641791
0 0.21653543307086615 0.7996268656716418 0.07086614173228346 0.11716417910447761
0 0.3006889763779528 0.8022388059701493 0.125 0.1253731343283582
0 0.6215551181102362 0.7563432835820896 0.18405511811023623 0.15149253731343285
0 0.7726377952755905 0.7048507462686567 0.13188976377952755 0.07985074626865672
0 0.5767716535433071 0.9182835820895522 0.15551181102362205 0.12761194029850748
0 0.5221456692913385 0.10074626865671642 0.07775590551181102 0.056716417910447764
0 0.5506889763779528 0.08768656716417911 0.26673228346456695 0.11716417910447761
0 0.3198818897637795 0.25597014925373135 0.10039370078740158 0.06716417910447761
0 0.2947834645669291 0.22835820895522388 0.19586614173228348 0.1328358208955224
0 0.2002952755905512 0.09291044776119403 0.12106299212598425 0.08134328358208955
0 0.3528543307086614 0.08208955223880597 0.0797244094488189 0.04776119402985075
0 0.5595472440944882 0.05373134328358209 0.18208661417322836 0.03731343283582089
0 0.45866141732283466 0.09365671641791044 0.0610236220472441 0.07238805970149254
0 0.5393700787401575 0.09402985074626866 0.09645669291338582 0.04477611940298507
0 0.07480314960629922 0.24850746268656718 0.04330708661417323 0.056716417910447764
0 0.13533464566929135 0.23917910447761195 0.060039370078740155 0.05298507462686567
0 0.07824803149606299 0.3041044776119403 0.05019685039370079 0.04701492537313433
0 0.3031496062992126 0.19440298507462686 0.13385826771653545 0.024626865671641792
0 0.2455708661417323 0.23022388059701493 0.05610236220472441 0.09328358208955224
0 0.33218503937007876 0.24888059701492538 0.11122047244094488 0.04402985074626865
0 0.5989173228346457 0.2716417910447761 0.19980314960629922 0.028358208955223882
0 0.5142716535433071 0.2291044776119403 0.054133858267716536 0.11044776119402985
0 0.6038385826771654 0.21641791044776118 0.15059055118110237 0.025373134328358207
0 0.6943897637795275 0.23992537313432835 0.04232283464566929 0.07238805970149254
0 0.5506889763779528 0.22238805970149253 0.018700787401574805 0.06417910447761194
0 0.5718503937007874 0.21791044776119403 0.01968503937007874 0.06567164179104477
0 0.6023622047244095 0.2212686567164179 0.025590551181102362 0.06940298507462686
0 0.625 0.21828358208955223 0.023622047244094488 0.07238805970149254
0 0.8188976377952756 0.24514925373134328 0.04133858267716536 0.017164179104477612
0 0.8070866141732284 0.24440298507462688 0.027559055118110236 0.10373134328358209
0 0.7760826771653543 0.26417910447761195 0.04822834645669291 0.020895522388059702
0 0.7726377952755905 0.24328358208955222 0.04330708661417323 0.020895522388059702
0 0.7687007874015748 0.22313432835820896 0.03937007874015748 0.019402985074626865
0 0.7682086614173228 0.20335820895522388 0.04232283464566929 0.024626865671641792
0 0.9340551181102362 0.2712686567164179 0.0531496062992126 0.024626865671641792
0 0.9153543307086615 0.2746268656716418 0.01968503937007874 0.08507462686567165
0 0.8932086614173228 0.29328358208955224 0.03248031496062992 0.025373134328358207
0 0.8932086614173228 0.2701492537313433 0.03248031496062992 0.020895522388059702
0 0.8892716535433071 0.25298507462686565 0.028543307086614175 0.014925373134328358
0 0.8882874015748031 0.23470149253731343 0.028543307086614175 0.017164179104477612
0 0.08759842519685039 0.43283582089552236 0.051181102362204724 0.04776119402985075
0 0.1845472440944882 0.46119402985074626 0.06988188976377953 0.04776119402985075
0 0.21850393700787402 0.41007462686567164 0.07480314960629922 0.04701492537313433
0 0.5393700787401575 0.43134328358208956 0.04330708661417323 0.0791044776119403
0 0.3528543307086614 0.4291044776119403 0.05216535433070866 0.1044776119402985
0 0.4340551181102362 0.47201492537313433 0.17125984251968504 0.03208955223880597
0 0.39911417322834647 0.4212686567164179 0.018700787401574805 0.07238805970149254
0 0.4266732283464567 0.4246268656716418 0.024606299212598427 0.07313432835820896
0 0.4512795275590551 0.4167910447761194 0.02066929133858268 0.05895522388059701
0 0.4763779527559055 0.41492537313432837 0.021653543307086614 0.06567164179104477
0 0.4493110236220472 0.4085820895522388 0.140748031496063 0.030597014925373135
0 0.5989173228346457 0.40373134328358207 0.03248031496062992 0.0626865671641791
0 0.6328740157480315 0.42313432835820897 0.05511811023622047 0.01791044776119403
0 0.6269685039370079 0.3705223880597015 0.07086614173228346 0.029104477611940297
0 0.6205708661417323 0.4597014925373134 0.08169291338582677 0.03134328358208955
0 0.6289370078740157 0.41044776119402987 0.07874015748031496 0.025373134328358207
0 0.7047244094488189 0.38843283582089555 0.09645669291338582 0.020149253731343283
0 0.702263779527559 0.43656716417910446 0.08562992125984252 0.01791044776119403
0 0.8006889763779528 0.4123134328358209 0.06791338582677166 0.024626865671641792
0 0.8105314960629921 0.35895522388059703 0.06791338582677166 0.023880597014925373
0 0.8065944881889764 0.45223880597014926 0.07578740157480315 0.03582089552238806
0 0.7962598425196851 0.3914179104477612 0.06299212598425197 0.018656716417910446
0 0.8641732283464567 0.37723880597014925 0.06299212598425197 0.015671641791044775
0 0.8735236220472441 0.42313432835820897 0.08562992125984252 0.022388059701492536
0 0.7844488188976378 0.4007462686567164 0.023622047244094488 0.09253731343283582
0 0.09005905511811024 0.6033582089552239 0.0639763779527559 0.08880597014925373
0 0.2155511811023622 0.5888059701492537 0.06496062992125984 0.05373134328358209
0 0.21948818897637795 0.6671641791044776 0.06496062992125984 0.04776119402985075
0 0.28641732283464566 0.5973880597014926 0.04330708661417323 0.05
0 0.3331692913385827 0.5914179104477612 0.0344488188976378 0.04552238805970149
0 0.38188976377952755 0.5861940298507463 0.0610236220472441 0.05447761194029851
0 0.09694881889763779 0.7876865671641791 0.06988188976377953 0.08880597014925373
0 0.21456692913385828 0.7690298507462686 0.051181102362204724 0.04552238805970149
0 0.21948818897637795 0.8264925373134329 0.05511811023622047 0.04701492537313433
0 0.2691929133858268 0.7708955223880597 0.04232283464566929 0.04029850746268657
0 0.2765748031496063 0.8212686567164179 0.047244094488188976 0.04402985074626865
0 0.32529527559055116 0.766044776119403 0.060039370078740155 0.04253731343283582
0 0.32923228346456695 0.817910447761194 0.058070866141732284 0.04776119402985075
0 0.5762795275590551 0.7145522388059702 0.058070866141732284 0.04552238805970149
0 0.6619094488188977 0.7201492537313433 0.058070866141732284 0.041791044776119404
0 0.577755905511811 0.7940298507462686 0.05708661417322835 0.041791044776119404
0 0.6668307086614174 0.8014925373134328 0.06594488188976377 0.03880597014925373
0 0.7357283464566929 0.7067164179104478 0.0344488188976378 0.04626865671641791
0 0.7711614173228346 0.7029850746268657 0.0344488188976378 0.041791044776119404
0 0.8149606299212598 0.7011194029850746 0.0610236220472441 0.04701492537313433
0 0.531988188976378 0.9011194029850746 0.04429133858267716 0.03955223880597015
0 0.5713582677165354 0.8888059701492538 0.028543307086614175 0.028358208955223882
0 0.6166338582677166 0.8828358208955224 0.05610236220472441 0.03582089552238806
0 0.5526574803149606 0.9522388059701492 0.05019685039370079 0.03731343283582089
0 0.6176181102362205 0.9373134328358209 0.08562992125984252 0.041791044776119404
