0 0.137997432605905 0.21255605381165918 0.16559691912708602 0.15067264573991032
0 0.3883183568677792 0.20762331838565024 0.3889602053915276 0.15695067264573992
0 0.2663671373555841 0.0726457399103139 0.1810012836970475 0.09147982062780269
0 0.47881899871630296 0.060089686098654706 0.2644415917843389 0.10044843049327354
0 0.4120667522464698 0.852017937219731 0.38254172015404364 0.13991031390134528
0 0.7092426187419769 0.8443946188340807 0.2220795892169448 0.12825112107623318
0 0.5006418485237484 0.6807174887892377 0.5365853658536586 0.1452914798206278
0 0.5436456996148908 0.5434977578475336 0.3119383825417201 0.13632286995515694
0 0.831193838254172 0.5340807174887893 0.2092426187419769 0.1515695067264574
0 0.48267008985879334 0.3780269058295964 0.251604621309371 0.12645739910313902
0 0.7400513478818999 0.39282511210762333 0.25802310654685495 0.1452914798206278
