0 0.21507352941176472 0.09352517985611511 0.24877450980392157 0.12410071942446044
0 0.13112745098039216 0.3893884892086331 0.20833333333333334 0.13848920863309352
0 0.09558823529411764 0.5224820143884892 0.1715686274509804 0.08812949640287769
0 0.4417892156862745 0.52068345323741 0.4497549019607843 0.11330935251798561
0 0.4583333333333333 0.040467625899280574 0.2034313725490196 0.08812949640287769
0 0.5765931372549019 0.2077338129496403 0.18259803921568626 0.11151079136690648
0 0.08272058823529412 0.6704136690647482 0.12622549019607843 0.09262589928057553
0 0.9197303921568627 0.6973920863309353 0.14583333333333334 0.12679856115107913
0 0.6997549019607843 0.6951438848920863 0.3014705882352941 0.14568345323741008
0 0.35661764705882354 0.6901978417266187 0.4117647058823529 0.14118705035971224
0 0.8063725490196079 0.23741007194244604 0.27450980392156865 0.1474820143884892
0 0.7438725490196079 0.5305755395683454 0.15931372549019607 0.13129496402877697
0 0.8939950980392157 0.5364208633093526 0.16544117647058823 0.1393884892086331
0 0.6439950980392157 0.06070143884892086 0.1948529411764706 0.09802158273381295
0 0.8376225490196079 0.10656474820143885 0.20710784313725492 0.1447841726618705
0 0.41360294117647056 0.20818345323741008 0.11887254901960784 0.125
0 0.4638480392156863 0.3381294964028777 0.1875 0.08812949640287769
0 0.7591911764705882 0.38758992805755393 0.44485294117647056 0.1618705035971223
0 0.27389705882352944 0.19109712230215828 0.1556372549019608 0.07284172661870504
0 0.19852941176470587 0.2306654676258993 0.3014705882352941 0.1447841726618705
0 0.3915441176470588 0.37949640287769787 0.30514705882352944 0.1564748201438849
