0 0.051762114537444934 0.2579062159214831 0.05726872246696035 0.04143947655398037
0 0.052588105726872246 0.15921483097055616 0.036894273127753306 0.04580152671755725
0 0.07131057268722467 0.34487459105779716 0.10737885462555066 0.05834242093784078
0 0.03276431718061674 0.5185387131952017 0.05561674008810573 0.08396946564885496
0 0.3606828193832599 0.7153762268266085 0.09581497797356828 0.08724100327153762
0 0.3306718061674009 0.0509814612868048 0.049008810572687224 0.0485278080697928
0 0.2976321585903084 0.6965648854961832 0.04129955947136564 0.04743729552889858
0 0.3058920704845815 0.2480916030534351 0.03138766519823789 0.04798255179934569
0 0.30286343612334804 0.3416030534351145 0.0473568281938326 0.0703380588876772
0 0.31002202643171806 0.42639040348964014 0.05726872246696035 0.04580152671755725
0 0.3312224669603524 0.5302617230098147 0.10407488986784141 0.08451472191930207
0 0.5726872246696035 0.12050163576881134 0.07709251101321586 0.05452562704471101
0 0.6550110132158591 0.20801526717557253 0.22191629955947137 0.06815703380588876
0 0.5726872246696035 0.32960741548527805 0.07048458149779736 0.05616139585605234
0 0.14977973568281938 0.6194111232279171 0.09801762114537445 0.0861504907306434
0 0.2321035242290749 0.6251363140676118 0.0644273127753304 0.08342420937840785
0 0.4801762114537445 0.3435114503816794 0.07599118942731277 0.06652126499454744
0 0.3595814977973568 0.25926935659760086 0.06277533039647577 0.0812431842966194
0 0.45209251101321585 0.2663576881134133 0.12555066079295155 0.09432933478735006
0 0.40473568281938327 0.1183206106870229 0.22466960352422907 0.05997818974918211
0 0.6481277533039648 0.0485278080697928 0.14317180616740088 0.07960741548527808
0 0.4884361233480176 0.05670665212649945 0.08480176211453745 0.06870229007633588
0 0.05286343612334802 0.41521264994547435 0.08149779735682819 0.0757906215921483
0 0.23127753303964757 0.43293347873500543 0.0671806167400881 0.08178844056706652
0 0.10682819383259912 0.5234460196292258 0.0947136563876652 0.11668484187568157
0 0.05368942731277533 0.6166848418756816 0.10077092511013216 0.0861504907306434
0 0.09416299559471365 0.8072519083969466 0.10242290748898679 0.0910577971646674
0 0.3854625550660793 0.3525081788440567 0.12444933920704845 0.0965103598691385
0 0.4490638766519824 0.5387131952017448 0.13491189427312775 0.08942202835332606
0 0.10077092511013216 0.2693565976008724 0.0473568281938326 0.06870229007633588
0 0.15693832599118943 0.2712649945474373 0.07048458149779736 0.07688113413304253
0 0.23650881057268722 0.27044711014176664 0.08865638766519823 0.08178844056706652
0 0.14454845814977973 0.42693565976008724 0.10077092511013216 0.09051254089422028
0 0.6464757709251101 0.1322246455834242 0.08259911894273128 0.0866957470010905
0 0.6464757709251101 0.34187568157033804 0.08039647577092511 0.09487459105779716
0 0.7263215859030837 0.3473282442748092 0.08370044052863436 0.08942202835332606
0 0.7213656387665198 0.1305888767720829 0.08149779735682819 0.08778625954198473
0 0.8279185022026432 0.35223555070883317 0.10297356828193832 0.09051254089422028
0 0.21751101321585903 0.19165757906215922 0.10462555066079295 0.06815703380588876
0 0.15363436123348018 0.08533260632497273 0.06497797356828194 0.06815703380588876
0 0.38298458149779735 0.04934569247546347 0.05561674008810573 0.05288985823336968
0 0.32268722466960353 0.17802617230098147 0.05837004405286344 0.061613958560523444
0 0.40666299559471364 0.17966194111232278 0.10958149779735683 0.07142857142857142
0 0.4848568281938326 0.1747546346782988 0.05231277533039647 0.08451472191930207
0 0.638215859030837 0.5498909487459106 0.08480176211453745 0.09541984732824428
0 0.7232929515418502 0.5550708833151581 0.0908590308370044 0.07197382769901854
0 0.563601321585903 0.5351690294438386 0.06993392070484582 0.04743729552889858
0 0.5944383259911894 0.4244820065430752 0.11508810572687225 0.06270447110141766
0 0.6693281938325991 0.4261177753544166 0.03579295154185022 0.059432933478735
0 0.727147577092511 0.42748091603053434 0.08645374449339208 0.05670665212649945
0 0.676762114537445 0.4770992366412214 0.06497797356828194 0.05561613958560523
0 0.7381607929515418 0.4841875681570338 0.06773127753303965 0.06652126499454744
0 0.8320484581497798 0.1766630316248637 0.12555066079295155 0.07415485278080698
0 0.8152533039647577 0.240185387131952 0.07764317180616741 0.0485278080697928
0 0.88931718061674 0.2568157033805889 0.07378854625550661 0.08833151581243184
0 0.8697687224669604 0.43838604143947657 0.07874449339207049 0.0861504907306434
0 0.8703193832599119 0.6215921483097055 0.08645374449339208 0.08724100327153762
0 0.8571035242290749 0.7221919302071974 0.09636563876651982 0.10523446019629226
0 0.9449339207048458 0.7211014176663032 0.09140969162995595 0.06815703380588876
0 0.8796806167400881 0.8102508178844057 0.08314977973568281 0.0752453653217012
0 0.8166299559471366 0.8805888767720829 0.07268722466960352 0.05016357688113413
0 0.6200440528634361 0.9214830970556162 0.07819383259911894 0.07742639040348964
0 0.43034140969163 0.9449291166848419 0.08204845814977973 0.08724100327153762
0 0.3372797356828194 0.9370229007633588 0.11618942731277533 0.09323882224645584
0 0.3543502202643172 0.8421483097055616 0.07764317180616741 0.09214830970556162
0 0.4529185022026432 0.7191930207197382 0.06883259911894272 0.0861504907306434
0 0.3169052863436123 0.6155943293347873 0.08645374449339208 0.09596510359869138
0 0.20154185022026433 0.8140676117775354 0.11894273127753303 0.10141766630316248
0 0.0908590308370044 0.6902944383860414 0.05947136563876652 0.05452562704471101
0 0.04460352422907489 0.6883860414394766 0.03854625550660793 0.0485278080697928
0 0.3805066079295154 0.44383860414394766 0.08259911894273128 0.0861504907306434
0 0.46255506607929514 0.4400218102508179 0.10462555066079295 0.064340239912759
0 0.39620044052863435 0.6245910577971646 0.08204845814977973 0.1019629225736096
0 0.47301762114537443 0.6297709923664122 0.07599118942731277 0.10032715376226826
0 0.1949339207048458 0.9056706652126499 0.12555066079295155 0.09814612868047982
0 0.6090308370044053 0.25408942202835333 0.06828193832599119 0.06870229007633588
0 0.7048458149779736 0.26363140676117774 0.1288546255506608 0.07797164667393675
0 0.7998348017621145 0.4291166848418757 0.05231277533039647 0.04798255179934569
0 0.95181718061674 0.4462922573609597 0.08645374449339208 0.0757906215921483
0 0.8014867841409692 0.5155398037077427 0.04129955947136564 0.05725190839694656
0 0.8843612334801763 0.5256270447110142 0.13766519823788545 0.07742639040348964
0 0.9716409691629956 0.5332606324972737 0.05341409691629956 0.07960741548527808
0 0.9559471365638766 0.6240458015267175 0.08149779735682819 0.0812431842966194
0 0.9091409691629956 0.33424209378407854 0.04405286343612335 0.04252998909487459
0 0.926762114537445 0.34978189749182115 0.09140969162995595 0.09214830970556162
0 0.7444933920704846 0.6521264994547438 0.05726872246696035 0.09269356597600872
0 0.6618942731277533 0.7410032715376227 0.08149779735682819 0.09923664122137404
0 0.7370594713656388 0.7330970556161396 0.0644273127753304 0.06052344601962922
0 0.5647026431718062 0.8347873500545256 0.08645374449339208 0.0970556161395856
0 0.5594713656387665 0.9255725190839694 0.046255506607929514 0.0485278080697928
0 0.7323788546255506 0.9043075245365322 0.08149779735682819 0.04634678298800436
0 0.7161343612334802 0.940567066521265 0.11949339207048458 0.04689203925845147
0 0.2111784140969163 0.5308069792802618 0.12279735682819383 0.11068702290076336
