0 0.21223470661672908 0.14715359828141783 0.14731585518102372 0.13748657357679914
0 0.11610486891385768 0.6122448979591837 0.14481897627965043 0.09022556390977443
0 0.17540574282147317 0.3050483351235231 0.2784019975031211 0.1310418904403867
0 0.4762796504369538 0.29860365198711064 0.2634207240948814 0.10526315789473684
0 0.20287141073657927 0.4822771213748657 0.2808988764044944 0.10955961331901182
0 0.3227215980024969 0.6321160042964554 0.21598002496878901 0.17508055853920515
0 0.19662921348314608 0.7857142857142857 0.2209737827715356 0.16648764769065522
0 0.38514357053682896 0.7900107411385607 0.19350811485642946 0.10204081632653061
0 0.6435705368289638 0.7744360902255639 0.34831460674157305 0.1611170784103115
0 0.8826466916354557 0.761546723952739 0.132334581772784 0.158968850698174
0 0.40074906367041196 0.09452201933404941 0.2247191011235955 0.14822771213748656
0 0.6504369538077404 0.09613319011815252 0.28214731585518105 0.17293233082706766
0 0.8689138576779026 0.28356605800214824 0.12234706616729088 0.15682062298603652
0 0.5411985018726592 0.47798066595059074 0.2958801498127341 0.15682062298603652
0 0.8089887640449438 0.49946294307196565 0.18726591760299627 0.18904403866809882
0 0.30774032459425715 0.9269602577873255 0.14606741573033707 0.10311493018259936
