0 0.19987146529562982 0.6049107142857143 0.15038560411311053 0.17633928571428573
0 0.6375321336760925 0.38392857142857145 0.22879177377892032 0.23883928571428573
0 0.42930591259640105 0.37890625 0.2262210796915167 0.25558035714285715
0 0.2422879177377892 0.37667410714285715 0.17609254498714652 0.17075892857142858
0 0.7326478149100257 0.22209821428571427 0.29562982005141386 0.12723214285714285
0 0.43123393316195374 0.625 0.34318766066838047 0.203125
0 0.5057840616966581 0.14341517857142858 0.448586118251928 0.22879464285714285
0 0.6979434447300771 0.61328125 0.17480719794344474 0.13727678571428573
0 0.8817480719794345 0.6199776785714286 0.2210796915167095 0.28683035714285715
0 0.7075835475578406 0.8638392857142857 0.2814910025706941 0.13616071428571427
0 0.3232647814910026 0.8577008928571429 0.4820051413881748 0.1796875
