0 0.642379679144385 0.20818915801614762 0.3783422459893048 0.17647058823529413
0 0.25735294117647056 0.13725490196078433 0.2446524064171123 0.17301038062283736
0 0.07754010695187166 0.6337946943483276 0.09893048128342247 0.18339100346020762
0 0.43516042780748665 0.9140715109573241 0.1804812834224599 0.10957324106113034
0 0.695855614973262 0.8794694348327566 0.2820855614973262 0.18108419838523646
0 0.4672459893048128 0.09688581314878893 0.18850267379679145 0.11534025374855825
0 0.6657754010695187 0.09111880046136102 0.24598930481283424 0.11072664359861592
0 0.1356951871657754 0.3829296424452134 0.2232620320855615 0.21914648212226068
0 0.4144385026737968 0.40426758938869667 0.4090909090909091 0.24798154555940022
0 0.23663101604278075 0.6487889273356401 0.22994652406417113 0.20184544405997693
0 0.5548128342245989 0.6787773933102653 0.3235294117647059 0.21337946943483277
