0 0.4980744544287548 0.06816143497757847 0.3645699614890886 0.12556053811659193
0 0.3735558408215661 0.6856502242152467 0.2926829268292683 0.14798206278026907
0 0.12387676508344031 0.6672645739910313 0.15019255455712452 0.09327354260089686
0 0.15468549422336328 0.5031390134529148 0.2734274711168164 0.10224215246636771
0 0.2246469833119384 0.3663677130044843 0.24390243902439024 0.14618834080717488
0 0.2079589216944801 0.09013452914798206 0.14120667522464697 0.07623318385650224
0 0.1822849807445443 0.23318385650224216 0.2336328626444159 0.10582959641255606
0 0.36713735558408217 0.526457399103139 0.14377406931964057 0.15964125560538117
0 0.40051347881899874 0.2179372197309417 0.1925545571245186 0.13632286995515694
0 0.45121951219512196 0.35695067264573993 0.21951219512195122 0.12914798206278028
0 0.06033376123234917 0.3695067264573991 0.07958921694480103 0.08430493273542601
0 0.19833119383825418 0.8219730941704035 0.2605905006418485 0.12466367713004484
0 0.48267008985879334 0.8340807174887892 0.3157894736842105 0.13811659192825113
0 0.6668806161745828 0.3547085201793722 0.21951219512195122 0.13542600896860987
0 0.5969191270860077 0.5286995515695068 0.3080872913992298 0.15336322869955157
0 0.6534017971758665 0.684304932735426 0.2644415917843389 0.15067264573991032
