0 0.3352272727272727 0.09814687714481812 0.13302139037433156 0.12079615648592999
0 0.09191176470588236 0.22168840082361016 0.11029411764705882 0.11667810569663692
0 0.05514705882352941 0.4711736444749485 0.08890374331550802 0.12010981468771448
0 0.07419786096256685 0.6297185998627316 0.09224598930481283 0.06932052161976665
0 0.1126336898395722 0.8466026080988333 0.09692513368983957 0.06245710363761153
0 0.15106951871657753 0.1005490734385724 0.10427807486631016 0.06520247083047358
0 0.23897058823529413 0.863761153054221 0.12098930481283422 0.08442004118050789
0 0.32185828877005346 0.9533287577213452 0.2212566844919786 0.10157858613589568
0 0.18883689839572193 0.7549759780370625 0.20655080213903743 0.11805078929306795
0 0.402072192513369 0.766986959505834 0.17446524064171123 0.10775566231983527
0 0.40942513368983957 0.6606039807824297 0.18516042780748662 0.11050102951269733
0 0.5578208556149733 0.5452985586822238 0.08489304812834225 0.11736444749485243
0 0.5665106951871658 0.4008236101578586 0.10227272727272728 0.09608785175017158
0 0.21457219251336898 0.6609471516815374 0.20454545454545456 0.12903225806451613
0 0.19151069518716576 0.34111187371310914 0.21189839572192512 0.12079615648592999
0 0.5845588235294118 0.2669869595058339 0.142379679144385 0.1029512697323267
0 0.7185828877005348 0.5487302676733014 0.06550802139037433 0.10226492793411118
0 0.8739973262032086 0.5676046671242279 0.23195187165775402 0.1153054221002059
0 0.8322192513368984 0.664378860672615 0.18850267379679145 0.10844200411805079
0 0.8038101604278075 0.8514070006863418 0.14772727272727273 0.0789293067947838
0 0.9171122994652406 0.7714481811942348 0.15641711229946523 0.08785175017158545
0 0.7346256684491979 0.27453671928620454 0.11764705882352941 0.13315030885380919
0 0.7249331550802139 0.07652711050102952 0.12098930481283422 0.12560054907343857
0 0.8843582887700535 0.28414550446122167 0.18449197860962566 0.1276595744680851
0 0.8379010695187166 0.15751544269045986 0.1731283422459893 0.13246396705559368
0 0.6504010695187166 0.5418668496911462 0.0748663101604278 0.10363761153054221
0 0.6951871657754011 0.6520247083047358 0.10160427807486631 0.11118737131091283
0 0.8138368983957219 0.7656142759094029 0.05548128342245989 0.09814687714481812
0 0.7540106951871658 0.7642415923129718 0.06417112299465241 0.09814687714481812
0 0.69451871657754 0.8400823610157858 0.08288770053475936 0.09471516815374056
0 0.4184491978609626 0.2213452299245024 0.1751336898395722 0.10775566231983527
0 0.24766042780748662 0.22717913520933425 0.17179144385026737 0.11942347288949898
0 0.4274732620320856 0.33939601921757034 0.15975935828877005 0.13795470144131777
0 0.7299465240641712 0.4155799588194921 0.1697860962566845 0.1338366506520247
0 0.8960561497326203 0.4152367879203844 0.18516042780748662 0.14824982841455045
0 0.6550802139037433 0.7460535346602608 0.1497326203208556 0.10020590253946465
0 0.6724598930481284 0.925531914893617 0.12433155080213903 0.06932052161976665
0 0.7867647058823529 0.9282772820864791 0.08422459893048129 0.06382978723404255
0 0.5307486631016043 0.7426218256691832 0.0481283422459893 0.06863417982155114
0 0.5367647058823529 0.9289636238846946 0.053475935828877004 0.055593685655456415
0 0.3963903743315508 0.8809196980096088 0.19919786096256684 0.11736444749485243
0 0.29913101604278075 0.45161290322580644 0.1463903743315508 0.10020590253946465
0 0.20153743315508021 0.4739190116678106 0.1998663101604278 0.1448181194234729
0 0.36530748663101603 0.547700754975978 0.16109625668449198 0.12079615648592999
0 0.3205213903743315 0.3359643102264928 0.0661764705882353 0.07755662319835278
0 0.4766042780748663 0.5205902539464653 0.058823529411764705 0.10501029512697323
0 0.5705213903743316 0.09608785175017158 0.09558823529411764 0.1029512697323267
0 0.1270053475935829 0.0998627316403569 0.040106951871657755 0.033630748112560054
0 0.178475935828877 0.09883321894303362 0.05748663101604278 0.05490734385724091
0 0.30213903743315507 0.0851063829787234 0.0213903743315508 0.08647906657515443
0 0.3429144385026738 0.13795470144131777 0.09491978609625669 0.02196293754289636
0 0.3265374331550802 0.10535346602608099 0.06216577540106952 0.03225806451612903
0 0.37533422459893045 0.08956760466712423 0.02339572192513369 0.08991077556623199
0 0.33656417112299464 0.08991077556623199 0.02072192513368984 0.08785175017158545
0 0.33188502673796794 0.05422100205902539 0.07820855614973261 0.02196293754289636
0 0.5808823529411765 0.10020590253946465 0.05213903743315508 0.053534660260809885
0 0.5792112299465241 0.09299931365820178 0.11029411764705882 0.091283459162663
0 0.7296122994652406 0.10363761153054221 0.0929144385026738 0.06451612903225806
0 0.7222593582887701 0.08373369938229239 0.02606951871657754 0.04941660947151681
0 0.7356283422459893 0.05216197666437886 0.05949197860962567 0.05216197666437886
0 0.6978609625668449 0.07446808510638298 0.026737967914438502 0.08579272477693892
0 0.8810160427807486 0.1276595744680851 0.045454545454545456 0.06314344543582705
0 0.8830213903743316 0.18222374742621825 0.05614973262032086 0.06245710363761153
0 0.8218582887700535 0.1664378860672615 0.1036096256684492 0.02127659574468085
0 0.8225267379679144 0.16575154426904598 0.01537433155080214 0.06794783802333562
0 0.7737299465240641 0.15579958819492107 0.019385026737967916 0.07824296499656828
0 0.8262032085561497 0.12731640356897736 0.10962566844919786 0.029512697323266987
0 0.055815508021390375 0.24502402196293754 0.03409090909090909 0.04667124227865477
0 0.09057486631016043 0.24948524365133837 0.03409090909090909 0.05422100205902539
0 0.13803475935828877 0.25017158544955387 0.05548128342245989 0.05971173644474949
0 0.06717914438502674 0.19526424159231298 0.03943850267379679 0.05422100205902539
0 0.10060160427807487 0.19766643788606725 0.038101604278074866 0.04667124227865477
0 0.13970588235294118 0.19389155799588195 0.04144385026737968 0.050102951269732326
0 0.26637700534759357 0.21722717913520934 0.022058823529411766 0.07069320521619767
0 0.29545454545454547 0.23816060398078243 0.07887700534759358 0.024708304735758406
0 0.2924465240641711 0.2621825669183253 0.08489304812834225 0.024708304735758406
0 0.24231283422459893 0.26149622512010984 0.022058823529411766 0.027453671928620454
0 0.2446524064171123 0.24879890185312287 0.022727272727272728 0.029512697323266987
0 0.24766042780748662 0.2336993822923816 0.019385026737967916 0.03088538091969801
0 0.2483288770053476 0.21859986273164037 0.01537433155080214 0.022649279341111873
0 0.24632352941176472 0.2059025394646534 0.019385026737967916 0.017844886753603295
0 0.23161764705882354 0.23198352779684284 0.019385026737967916 0.053534660260809885
0 0.21022727272727273 0.20796156485929992 0.0768716577540107 0.04804392587508579
0 0.20020053475935828 0.22889498970487301 0.047459893048128345 0.06382978723404255
0 0.4766042780748663 0.2004118050789293 0.058823529411764705 0.05490734385724091
0 0.46891711229946526 0.2206588881262869 0.05013368983957219 0.043239533287577216
0 0.4552139037433155 0.23266986959505834 0.040106951871657755 0.031571722717913524
0 0.44385026737967914 0.24811256005490734 0.0374331550802139 0.03088538091969801
0 0.3880347593582888 0.18359643102264928 0.03409090909090909 0.04598490048043926
0 0.3696524064171123 0.1935483870967742 0.02807486631016043 0.03568977350720659
0 0.35962566844919786 0.20418668496911463 0.02807486631016043 0.033630748112560054
0 0.34859625668449196 0.21619766643788607 0.030080213903743314 0.03980782429649966
0 0.4234625668449198 0.20178448867536034 0.05013368983957219 0.03431708991077557
0 0.40441176470588236 0.2237474262182567 0.029411764705882353 0.016472203157172273
0 0.40274064171123 0.25497597803706246 0.042112299465240643 0.017158544955387784
0 0.3927139037433155 0.23884694577899795 0.03409090909090909 0.019217570350034317
0 0.5461229946524064 0.26115305422100205 0.04679144385026738 0.08304735758407687
0 0.5899064171122995 0.26801647220315716 0.042112299465240643 0.07618393960192175
0 0.6387032085561497 0.26630061770761837 0.05013368983957219 0.08922443376801648
0 0.7456550802139037 0.2467398764584763 0.07286096256684492 0.06932052161976665
0 0.7302807486631016 0.272477693891558 0.024732620320855617 0.031571722717913524
0 0.74298128342246 0.29684282772820864 0.0875668449197861 0.05971173644474949
0 0.7085561497326203 0.25806451612903225 0.03208556149732621 0.06588881262868909
0 0.9040775401069518 0.2872340425531915 0.04077540106951872 0.035003431708991076
0 0.9618983957219251 0.2982155113246397 0.017379679144385027 0.048730267673301304
0 0.9074197860962567 0.304735758407687 0.10227272727272728 0.06314344543582705
0 0.8993983957219251 0.273850377487989 0.014037433155080214 0.02059025394646534
0 0.8853609625668449 0.2721345229924502 0.014037433155080214 0.041866849691146193
0 0.8683155080213903 0.2587508579272478 0.017379679144385027 0.04941660947151681
0 0.9064171122994652 0.24708304735758407 0.08422459893048129 0.05628002745367193
0 0.8278743315508021 0.25806451612903225 0.052807486631016046 0.019217570350034317
0 0.8282085561497327 0.28277282086479066 0.06016042780748663 0.012354152367879203
0 0.8038101604278075 0.28277282086479066 0.01270053475935829 0.038435140700068635
0 0.8161764705882353 0.28448867536032946 0.012032085561497326 0.03912148249828414
0 0.828542780748663 0.2817433081674674 0.010026737967914439 0.033630748112560054
0 0.8379010695187166 0.2855181880576527 0.011363636363636364 0.03706245710363761
0 0.11196524064171123 0.3225806451612903 0.038101604278074866 0.08236101578586136
0 0.27239304812834225 0.3531228551818806 0.03409090909090909 0.09540150995195608
0 0.14004010695187166 0.3030199039121482 0.060828877005347594 0.01990391214824983
0 0.21390374331550802 0.30370624571036375 0.08957219251336898 0.024021962937542895
0 0.17814171122994651 0.37268359643102267 0.1570855614973262 0.02196293754289636
0 0.13803475935828877 0.33459162663006176 0.024732620320855617 0.04598490048043926
0 0.204879679144385 0.3266986959505834 0.016711229946524065 0.024708304735758406
0 0.196524064171123 0.34282772820864793 0.06550802139037433 0.0363761153054221
0 0.1801470588235294 0.3191489361702128 0.03676470588235294 0.03568977350720659
0 0.16209893048128343 0.32326698695950584 0.014037433155080214 0.030199039121482498
0 0.3185160427807487 0.33802333562113934 0.046122994652406414 0.07618393960192175
0 0.3987299465240642 0.33321894303363075 0.03943850267379679 0.015785861358956762
0 0.37633689839572193 0.3400823610157859 0.017379679144385027 0.05422100205902539
0 0.42613636363636365 0.3311599176389842 0.01537433155080214 0.033630748112560054
0 0.4127673796791444 0.3009608785175017 0.07954545454545454 0.028140013726835965
0 0.47225935828877 0.29924502402196296 0.047459893048128345 0.06177076183939602
0 0.4762700534759358 0.36238846945778996 0.056818181818181816 0.0727522306108442
0 0.545120320855615 0.3877831159917639 0.032754010695187165 0.06726149622512011
0 0.5949197860962567 0.3994509265614276 0.045454545454545456 0.08236101578586136
0 0.7149064171122995 0.3953328757721345 0.02606951871657754 0.027453671928620454
0 0.7239304812834224 0.4155799588194921 0.04946524064171123 0.04461221688400824
0 0.7242647058823529 0.4320521619766644 0.05548128342245989 0.050102951269732326
0 0.7169117647058824 0.4365133836650652 0.047459893048128345 0.0425531914893617
0 0.7172459893048129 0.44715168153740564 0.05080213903743316 0.043239533287577216
0 0.7523395721925134 0.4402882635552505 0.08489304812834225 0.022649279341111873
0 0.7533422459893048 0.4172958133150309 0.0855614973262032 0.02196293754289636
0 0.8111631016042781 0.4495538778311599 0.030080213903743314 0.04941660947151681
0 0.7209224598930482 0.3853809196980096 0.027406417112299464 0.043239533287577216
0 0.678475935828877 0.38194921070693205 0.06016042780748663 0.0363761153054221
0 0.6758021390374331 0.4166094715168154 0.06016042780748663 0.07137954701441318
0 0.8776737967914439 0.40905971173644473 0.0427807486631016 0.04941660947151681
0 0.8716577540106952 0.4186684969114619 0.04144385026737968 0.03980782429649966
0 0.86798128342246 0.4251887439945093 0.038101604278074866 0.0363761153054221
0 0.9124331550802139 0.4433768016472203 0.09491978609625669 0.015099519560741249
0 0.9685828877005348 0.44680851063829785 0.020053475935828877 0.04941660947151681
0 0.9131016042780749 0.41763898421413864 0.10026737967914438 0.017158544955387784
0 0.8733288770053476 0.39601921757035 0.02339572192513369 0.08373369938229239
0 0.9261363636363636 0.3963623884694578 0.05013368983957219 0.03088538091969801
0 0.9161096256684492 0.38743994509265617 0.01804812834224599 0.024021962937542895
0 0.9227941176470589 0.36547700754975976 0.04344919786096257 0.03912148249828414
0 0.9000668449197861 0.3795470144131778 0.02072192513368984 0.04667124227865477
0 0.821524064171123 0.41146190803019905 0.04679144385026738 0.05696636925188744
0 0.830548128342246 0.37577213452299246 0.06885026737967914 0.03912148249828414
0 0.8409090909090909 0.4138641043239533 0.017379679144385027 0.060398078242964996
0 0.042446524064171126 0.43925875085792726 0.02874331550802139 0.04941660947151681
0 0.07820855614973261 0.44406314344543585 0.040106951871657755 0.05216197666437886
0 0.03676470588235294 0.49279341111873715 0.03208556149732621 0.04941660947151681
0 0.07586898395721925 0.49656829100892247 0.04478609625668449 0.048730267673301304
0 0.19685828877005349 0.4728894989704873 0.04478609625668449 0.0425531914893617
0 0.18482620320855614 0.4756348661633493 0.024732620320855617 0.027453671928620454
0 0.1891711229946524 0.49759780370624573 0.040106951871657755 0.04667124227865477
0 0.18315508021390375 0.5092656142759094 0.034759358288770054 0.03980782429649966
0 0.14605614973262032 0.4413177762525738 0.07286096256684492 0.04118050789293068
0 0.1427139037433155 0.4883321894303363 0.07152406417112299 0.07069320521619767
0 0.16443850267379678 0.4711736444749485 0.016042780748663103 0.048730267673301304
0 0.1981951871657754 0.4430336307481126 0.02606951871657754 0.050102951269732326
0 0.22292780748663102 0.47460535346602606 0.060828877005347594 0.02539464653397392
0 0.23094919786096257 0.5013726835964311 0.0875668449197861 0.02539464653397392
0 0.27540106951871657 0.47975291695264244 0.0427807486631016 0.019217570350034317
0 0.2867647058823529 0.5061770761839396 0.026737967914438502 0.050102951269732326
0 0.28141711229946526 0.4660260809883322 0.03877005347593583 0.019217570350034317
0 0.28810160427807485 0.45229924502402197 0.04144385026737968 0.023335621139327384
0 0.29311497326203206 0.43719972546328073 0.046122994652406414 0.024708304735758406
0 0.26537433155080214 0.4265614275909403 0.026737967914438502 0.03088538091969801
0 0.25668449197860965 0.43685655456417294 0.03074866310160428 0.03774879890185312
0 0.24866310160427807 0.4433768016472203 0.03074866310160428 0.03706245710363761
0 0.2426470588235294 0.455044612216884 0.0374331550802139 0.03980782429649966
0 0.3158422459893048 0.4807824296499657 0.042112299465240643 0.033630748112560054
0 0.321524064171123 0.46156485929993135 0.03342245989304813 0.03225806451612903
0 0.33188502673796794 0.45024021962937544 0.047459893048128345 0.04667124227865477
0 0.34558823529411764 0.4426904598490048 0.05748663101604278 0.05628002745367193
0 0.43482620320855614 0.559025394646534 0.019385026737967916 0.06932052161976665
0 0.41109625668449196 0.547700754975978 0.017379679144385027 0.028826355525051476
0 0.3997326203208556 0.5470144131777626 0.026737967914438502 0.03980782429649966
0 0.3719919786096257 0.5645161290322581 0.03676470588235294 0.03912148249828414
0 0.35862299465240643 0.5336307481125601 0.03542780748663102 0.03088538091969801
0 0.3465909090909091 0.5497597803706246 0.01537433155080214 0.03431708991077557
0 0.32687165775401067 0.5538778311599176 0.02406417112299465 0.038435140700068635
0 0.3552807486631016 0.5827041866849691 0.13302139037433156 0.03980782429649966
0 0.3108288770053476 0.5332875772134523 0.03609625668449198 0.07000686341798215
0 0.36363636363636365 0.5147563486616334 0.12433155080213903 0.032944406314344546
0 0.47259358288770054 0.49897048730267674 0.04144385026737968 0.05628002745367193
0 0.472927807486631 0.5573095401509952 0.046122994652406414 0.05765271105010295
0 0.5431149732620321 0.5161290322580645 0.03409090909090909 0.05078929306794784
0 0.5808823529411765 0.5157858613589568 0.03877005347593583 0.04735758407687028
0 0.5394385026737968 0.5710363761153054 0.03609625668449198 0.053534660260809885
0 0.580548128342246 0.5672614962251201 0.03943850267379679 0.05284831846259437
0 0.669451871657754 0.5350034317089911 0.027406417112299464 0.07755662319835278
0 0.6373663101604278 0.5439258750857927 0.030080213903743314 0.0789293067947838
0 0.6450534759358288 0.498627316403569 0.03074866310160428 0.017158544955387784
0 0.6684491978609626 0.5827041866849691 0.03208556149732621 0.013726835964310227
0 0.6627673796791443 0.5686341798215512 0.02339572192513369 0.011667810569663692
0 0.661096256684492 0.559025394646534 0.01871657754010695 0.01029512697323267
0 0.6584224598930482 0.5497597803706246 0.0213903743315508 0.009608785175017159
0 0.6570855614973262 0.5411805078929307 0.0213903743315508 0.01029512697323267
0 0.6534090909090909 0.5312285518188058 0.02072192513368984 0.01098146877144818
0 0.6524064171122995 0.5226492793411118 0.020053475935828877 0.011667810569663692
0 0.7329545454545454 0.5754975978037062 0.024732620320855617 0.041866849691146193
0 0.7052139037433155 0.5672614962251201 0.022727272727272728 0.043239533287577216
0 0.7149064171122995 0.5229924502402197 0.024732620320855617 0.05078929306794784
0 0.7379679144385026 0.5298558682223747 0.03074866310160428 0.04941660947151681
0 0.6921791443850267 0.41626630061770764 0.019385026737967916 0.06382978723404255
0 0.7804144385026738 0.5542210020590254 0.027406417112299464 0.018531228551818806
0 0.7727272727272727 0.5480439258750858 0.016042780748663103 0.043239533287577216
0 0.8008021390374331 0.5253946465339739 0.058823529411764705 0.033630748112560054
0 0.8997326203208557 0.5411805078929307 0.1497326203208556 0.02127659574468085
0 0.8178475935828877 0.5748112560054908 0.022058823529411766 0.07618393960192175
0 0.9174465240641712 0.5727522306108442 0.13703208556149732 0.05147563486616335
0 0.9207887700534759 0.5562800274536719 0.07018716577540107 0.022649279341111873
0 0.8977272727272727 0.5813315030885381 0.16310160427807488 0.04118050789293068
0 0.05447860962566845 0.6293754289636239 0.030080213903743314 0.05490734385724091
0 0.0945855614973262 0.6304049416609472 0.042112299465240643 0.048730267673301304
0 0.2964572192513369 0.6928620452985587 0.03676470588235294 0.06245710363761153
0 0.21189839572192512 0.6588881262868909 0.04679144385026738 0.04804392587508579
0 0.20120320855614973 0.6626630061770762 0.02540106951871658 0.02539464653397392
0 0.19719251336898397 0.6719286204529856 0.020053475935828877 0.02059025394646534
0 0.20153743315508021 0.6859986273164036 0.03542780748663102 0.035003431708991076
0 0.21390374331550802 0.6523678792038435 0.02540106951871658 0.09814687714481812
0 0.24331550802139038 0.6602608098833219 0.07219251336898395 0.027453671928620454
0 0.24164438502673796 0.6866849691146191 0.07419786096256685 0.022649279341111873
0 0.16477272727272727 0.6691832532601235 0.06885026737967914 0.08236101578586136
0 0.1641042780748663 0.6317776252573781 0.0661764705882353 0.04735758407687028
0 0.3358957219251337 0.6708991077556623 0.038101604278074866 0.05696636925188744
0 0.3442513368983957 0.6585449553877831 0.03342245989304813 0.055593685655456415
0 0.3649732620320856 0.6283459162663007 0.03609625668449198 0.04049416609471517
0 0.3950534759358289 0.6630061770761839 0.0427807486631016 0.030199039121482498
0 0.39004010695187163 0.6781056966369252 0.05815508021390375 0.031571722717913524
0 0.38636363636363635 0.6952642415923129 0.07219251336898395 0.03980782429649966
0 0.3977272727272727 0.6434454358270418 0.053475935828877004 0.03225806451612903
0 0.46189839572192515 0.6455044612216884 0.06818181818181818 0.06108442004118051
0 0.4575534759358289 0.6616334934797529 0.05949197860962567 0.04804392587508579
0 0.4522058823529412 0.6763898421413864 0.05815508021390375 0.048730267673301304
0 0.44485294117647056 0.6880576527110501 0.05815508021390375 0.048730267673301304
0 0.7132352941176471 0.6750171585449554 0.026737967914438502 0.050102951269732326
0 0.7169117647058824 0.6163349347975292 0.03542780748663102 0.04392587508579272
0 0.6848262032085561 0.6149622512010982 0.04879679144385027 0.04941660947151681
0 0.6737967914438503 0.6592312971859986 0.053475935828877004 0.06245710363761153
0 0.6901737967914439 0.6568291008922443 0.02874331550802139 0.02059025394646534
0 0.6961898395721925 0.6379547014413178 0.032754010695187165 0.01990391214824983
0 0.8141711229946524 0.6609471516815374 0.04679144385026738 0.04392587508579272
0 0.8155080213903744 0.6904598490048044 0.05481283422459893 0.04804392587508579
0 0.8081550802139037 0.6702127659574468 0.03342245989304813 0.033630748112560054
0 0.7647058823529411 0.6681537405628003 0.05481283422459893 0.06108442004118051
0 0.8008021390374331 0.698009608785175 0.02807486631016043 0.02608098833218943
0 0.7830882352941176 0.6585449553877831 0.022058823529411766 0.041866849691146193
0 0.7794117647058824 0.6317776252573781 0.04946524064171123 0.03225806451612903
0 0.8121657754010695 0.6571722717913521 0.02540106951871658 0.08304735758407687
0 0.8475935828877005 0.6647220315717227 0.08689839572192513 0.022649279341111873
0 0.8526069518716578 0.6877144818119424 0.06885026737967914 0.015099519560741249
0 0.9024064171122995 0.6904598490048044 0.034759358288770054 0.04804392587508579
0 0.2556818181818182 0.7460535346602608 0.024732620320855617 0.032944406314344546
0 0.23796791443850268 0.7457103637611531 0.017379679144385027 0.03225806451612903
0 0.2266042780748663 0.7446808510638298 0.013368983957219251 0.028826355525051476
0 0.2142379679144385 0.7481125600549073 0.02072192513368984 0.032944406314344546
0 0.2232620320855615 0.7659574468085106 0.01871657754010695 0.016472203157172273
0 0.22927807486631016 0.769732326698696 0.016042780748663103 0.02127659574468085
0 0.25434491978609625 0.7700754975978037 0.02072192513368984 0.02196293754289636
0 0.23997326203208555 0.771105010295127 0.013368983957219251 0.015785861358956762
0 0.18850267379679145 0.7364447494852436 0.02406417112299465 0.030199039121482498
0 0.19518716577540107 0.7522306108442004 0.0374331550802139 0.02059025394646534
0 0.1731283422459893 0.7491420727522307 0.01871657754010695 0.043239533287577216
0 0.14538770053475936 0.7508579272477693 0.02606951871657754 0.04667124227865477
0 0.12165775401069519 0.7378174330816747 0.03342245989304813 0.06863417982155114
0 0.17713903743315507 0.7151681537405628 0.12566844919786097 0.024708304735758406
0 0.17580213903743316 0.7810569663692519 0.12834224598930483 0.027453671928620454
0 0.27239304812834225 0.7656142759094029 0.03676470588235294 0.08304735758407687
0 0.4692513368983957 0.7656142759094029 0.034759358288770054 0.08167467398764584
0 0.40641711229946526 0.7491420727522307 0.10026737967914438 0.018531228551818806
0 0.36330213903743314 0.7687028140013726 0.022058823529411766 0.05628002745367193
0 0.39371657754010697 0.8013040494166095 0.13636363636363635 0.02127659574468085
0 0.3880347593582888 0.7240905971173645 0.12366310160427807 0.02059025394646534
0 0.33455882352941174 0.7542896362388469 0.022058823529411766 0.07687028140013727
0 0.5324197860962567 0.7457103637611531 0.038101604278074866 0.04598490048043926
0 0.6885026737967914 0.7419354838709677 0.04946524064171123 0.02059025394646534
0 0.6851604278074866 0.7635552505147564 0.05080213903743316 0.01990391214824983
0 0.7225935828877005 0.7704186684969114 0.02540106951871658 0.05833905284831846
0 0.6697860962566845 0.7536032944406315 0.02807486631016043 0.08647906657515443
0 0.7413101604278075 0.7487989018531228 0.016042780748663103 0.045298558682223745
0 0.7693850267379679 0.7608098833218943 0.022727272727272728 0.08167467398764584
0 0.7540106951871658 0.723404255319149 0.03342245989304813 0.016472203157172273
0 0.7640374331550802 0.8023335621139327 0.03342245989304813 0.015099519560741249
0 0.7620320855614974 0.7916952642415923 0.020053475935828877 0.01029512697323267
0 0.759024064171123 0.7831159917638985 0.02072192513368984 0.01098146877144818
0 0.758355614973262 0.7741935483870968 0.02072192513368984 0.009608785175017159
0 0.7563502673796791 0.7628689087165408 0.019385026737967916 0.008922443376801648
0 0.7550133689839572 0.7529169526424159 0.02072192513368984 0.009608785175017159
0 0.7523395721925134 0.7381606039807824 0.019385026737967916 0.013040494166094716
0 0.8024732620320856 0.7474262182566919 0.024732620320855617 0.05765271105010295
0 0.8061497326203209 0.7800274536719286 0.020053475935828877 0.03088538091969801
0 0.8225267379679144 0.7989018531228552 0.024732620320855617 0.04804392587508579
0 0.8252005347593583 0.7515442690459849 0.02874331550802139 0.04804392587508579
0 0.9565508021390374 0.7546328071379547 0.04411764705882353 0.033630748112560054
0 0.9398395721925134 0.7683596431022649 0.07754010695187166 0.028140013726835965
0 0.9321524064171123 0.7470830473575841 0.07954545454545454 0.01990391214824983
0 0.9334893048128342 0.7814001372683597 0.08221925133689839 0.02539464653397392
0 0.8716577540106952 0.7409059711736444 0.040106951871657755 0.026767330130404943
0 0.8519385026737968 0.7693891557995882 0.01270053475935829 0.04804392587508579
0 0.8606283422459893 0.7707618393960192 0.01270053475935829 0.03980782429649966
0 0.8689839572192514 0.7762525737817433 0.012032085561497326 0.04941660947151681
0 0.8776737967914439 0.7783115991763898 0.013368983957219251 0.04804392587508579
0 0.8913770053475936 0.7872340425531915 0.016711229946524065 0.07687028140013727
0 0.09759358288770054 0.8417982155113246 0.0374331550802139 0.050102951269732326
0 0.13970588235294118 0.8448867536032945 0.04679144385026738 0.05216197666437886
0 0.23328877005347592 0.835621139327385 0.07887700534759358 0.028140013726835965
0 0.23596256684491979 0.8647906657515443 0.07352941176470588 0.019217570350034317
0 0.19719251336898397 0.8562113932738504 0.020053475935828877 0.06794783802333562
0 0.28442513368983957 0.8737131091283459 0.027406417112299464 0.06588881262868909
0 0.48562834224598933 0.9056280027453671 0.02874331550802139 0.06657515442690459
0 0.32787433155080214 0.851063829787234 0.03943850267379679 0.038435140700068635
0 0.3639705882352941 0.8606726149622512 0.04077540106951872 0.08098833218943034
0 0.34725935828877 0.8579272477693891 0.02606951871657754 0.016472203157172273
0 0.35060160427807485 0.8730267673301304 0.030080213903743314 0.017844886753603295
0 0.3559491978609626 0.8912148249828414 0.03141711229946524 0.02539464653397392
0 0.4184491978609626 0.9052848318462594 0.09224598930481283 0.024708304735758406
0 0.43014705882352944 0.8819492107069321 0.08890374331550802 0.027453671928620454
0 0.5491310160427807 0.925531914893617 0.06216577540106952 0.048730267673301304
0 0.7182486631016043 0.8157172271791352 0.02606951871657754 0.03912148249828414
0 0.678475935828877 0.8493479752916953 0.053475935828877004 0.05833905284831846
0 0.6898395721925134 0.8112560054907344 0.040106951871657755 0.03706245710363761
0 0.7159090909090909 0.8589567604667124 0.022727272727272728 0.05971173644474949
0 0.7002005347593583 0.8273850377487989 0.02339572192513369 0.018531228551818806
0 0.6991978609625669 0.8424845573095402 0.026737967914438502 0.015785861358956762
0 0.795120320855615 0.8730267673301304 0.042112299465240643 0.038435140700068635
0 0.7957887700534759 0.8627316403568978 0.04879679144385027 0.0425531914893617
0 0.7994652406417112 0.8486616334934798 0.0427807486631016 0.03912148249828414
0 0.7650401069518716 0.8277282086479066 0.06216577540106952 0.05216197666437886
0 0.7610294117647058 0.8592999313658202 0.060828877005347594 0.06314344543582705
0 0.7917780748663101 0.8534660260809883 0.02072192513368984 0.06520247083047358
0 0.8171791443850267 0.8692518874399451 0.05815508021390375 0.015785861358956762
0 0.8178475935828877 0.8486616334934798 0.05949197860962567 0.014413177762525738
0 0.8599598930481284 0.8630748112560055 0.027406417112299464 0.03912148249828414
0 0.3445855614973262 0.9474948524365134 0.02072192513368984 0.029512697323266987
0 0.3589572192513369 0.9512697323266986 0.020053475935828877 0.028826355525051476
0 0.37366310160427807 0.9509265614275909 0.0213903743315508 0.03225806451612903
0 0.38335561497326204 0.9457789979409746 0.02072192513368984 0.024708304735758406
0 0.38937165775401067 0.9746053534660261 0.02072192513368984 0.017844886753603295
0 0.3766711229946524 0.9739190116678106 0.02339572192513369 0.019217570350034317
0 0.36530748663101603 0.9732326698695951 0.02606951871657754 0.017844886753603295
0 0.3422459893048128 0.9708304735758407 0.012032085561497326 0.018531228551818806
0 0.3211898395721925 0.9588194921070693 0.047459893048128345 0.017844886753603295
0 0.3158422459893048 0.9420041180507893 0.030080213903743314 0.026767330130404943
0 0.29612299465240643 0.9516129032258065 0.020053475935828877 0.050102951269732326
0 0.30815508021390375 0.9794097460535347 0.16042780748663102 0.03431708991077557
0 0.31316844919786097 0.9183253260123542 0.16644385026737968 0.032944406314344546
0 0.23729946524064172 0.9341111873713109 0.02540106951871658 0.06314344543582705
0 0.41009358288770054 0.9608785175017158 0.03141711229946524 0.06588881262868909
0 0.6413770053475936 0.757035003431709 0.027406417112299464 0.03980782429649966
0 0.6246657754010695 0.7364447494852436 0.0661764705882353 0.04118050789293068
0 0.6183155080213903 0.7717913520933425 0.06417112299465241 0.06794783802333562
0 0.6306818181818182 0.9275909402882636 0.022058823529411766 0.03774879890185312
0 0.6557486631016043 0.9358270418668497 0.020053475935828877 0.02539464653397392
0 0.6824866310160428 0.9152367879203843 0.06550802139037433 0.033630748112560054
0 0.6935160427807486 0.9406314344543583 0.07419786096256685 0.029512697323266987
0 0.857620320855615 0.9337680164722032 0.02406417112299465 0.026767330130404943
0 0.8292112299465241 0.9416609471516816 0.03676470588235294 0.03980782429649966
0 0.8094919786096256 0.9148936170212766 0.0374331550802139 0.04804392587508579
0 0.8031417112299465 0.9498970487302677 0.04478609625668449 0.032944406314344546
0 0.767379679144385 0.9179821551132464 0.0481283422459893 0.035003431708991076
0 0.7640374331550802 0.942347288949897 0.0374331550802139 0.045298558682223745
0 0.7239304812834224 0.9629375428963624 0.06417112299465241 0.009608785175017159
0 0.7132352941176471 0.9735758407687028 0.014705882352941176 0.017158544955387784
0 0.5581550802139037 0.9866163349347975 0.04679144385026738 0.015785861358956762
0 0.6931818181818182 0.9749485243651338 0.0106951871657754 0.017158544955387784
