0 0.053063802905874924 0.28680371352785144 0.060644346178142766 0.07891246684350132
0 0.033480732785849655 0.4088196286472148 0.04674668351231838 0.0709549071618037
0 0.060644346178142766 0.7277851458885941 0.09349336702463676 0.1226790450928382
0 0.35060012634238785 0.5775862068965517 0.08717624763108023 0.129973474801061
0 0.18161718256475048 0.7324270557029178 0.13708149084017687 0.1213527851458886
0 0.07485786481364498 0.8395225464190982 0.058749210360075806 0.0649867374005305
0 0.3401768793430196 0.6863395225464191 0.05622236260265319 0.06631299734748011
0 0.33291219204042954 0.7768567639257294 0.053063802905874924 0.0629973474801061
0 0.5243209096651926 0.5818965517241379 0.17940619077700568 0.11339522546419098
0 0.4731522425773847 0.6899867374005305 0.14150347441566646 0.09482758620689655
0 0.7037271004421983 0.48209549071618035 0.08717624763108023 0.1220159151193634
0 0.8433354390397979 0.4860742705570292 0.15413771320277952 0.11007957559681697
0 0.6838281743524952 0.5901856763925729 0.043588123815540114 0.0610079575596817
0 0.6721415034744157 0.6826923076923077 0.03790271636133923 0.057692307692307696
0 0.6923562855337966 0.9127984084880637 0.1162349968414403 0.11339522546419098
0 0.8335439039797852 0.9227453580901857 0.13581806696146556 0.09350132625994695
0 0.511054958938724 0.24104774535809018 0.14403032217308906 0.08819628647214854
0 0.3629185091598231 0.15019893899204245 0.06127605811749842 0.08421750663129973
0 0.3569172457359444 0.23773209549071617 0.05180037902716361 0.0603448275862069
0 0.3543903979785218 0.34018567639257297 0.05811749842072015 0.07029177718832891
0 0.7223626026531902 0.05570291777188329 0.11054958938723942 0.06763925729442971
0 0.6961465571699305 0.14588859416445624 0.05180037902716361 0.06763925729442971
0 0.6967782691092862 0.2546419098143236 0.06443461781427669 0.07559681697612732
0 0.2075173720783323 0.17572944297082227 0.19393556538218573 0.11007957559681697
0 0.19298799747315223 0.29078249336870027 0.18003790271636133 0.1226790450928382
0 0.04769425142135186 0.5404509283819628 0.08780795957043588 0.09681697612732096
0 0.18919772583701833 0.8368700265251989 0.14213518635502212 0.08488063660477453
0 0.39450410612760584 0.45755968169761274 0.15855969677826912 0.10477453580901856
0 0.593177511054959 0.3521220159151194 0.14403032217308906 0.10079575596816977
0 0.5334807327858496 0.14854111405835543 0.1724573594440935 0.09549071618037135
0 0.7877447883765003 0.3696949602122016 0.19709412507896398 0.11074270557029178
0 0.8376500315855969 0.593501326259947 0.14024005053695515 0.09549071618037135
0 0.7163613392293114 0.8073607427055703 0.1490840176879343 0.11206896551724138
0 0.8780795957043588 0.7964190981432361 0.16677195198989261 0.11538461538461539
0 0.1620341124447252 0.5298408488063661 0.1408717624763108 0.08620689655172414
0 0.09886291850915982 0.6203580901856764 0.13455464308275428 0.07891246684350132
0 0.24099810486418194 0.6153846153846154 0.11054958938723942 0.10344827586206896
0 0.45230574857864814 0.35145888594164454 0.147820593809223 0.11405835543766578
0 0.8256475047378395 0.26425729442970824 0.1528742893240682 0.10145888594164457
0 0.9349336702463676 0.26591511936339524 0.08843967150979154 0.08488063660477453
0 0.8433354390397979 0.15782493368700265 0.1326595072646873 0.10079575596816977
0 0.5192672141503475 0.46319628647214856 0.12002526847757422 0.10278514588859416
0 0.6146557169930512 0.46485411140583555 0.09349336702463676 0.11273209549071618
0 0.2312065698041693 0.4505968169761273 0.15792798483891346 0.09482758620689655
0 0.15192672141503474 0.40384615384615385 0.1914087176247631 0.11007957559681697
0 0.10486418193303854 0.9071618037135278 0.04674668351231838 0.05172413793103448
0 0.21099178774478838 0.9058355437665783 0.1490840176879343 0.050397877984084884
0 0.23626026531901453 0.9562334217506632 0.14529374605180037 0.05570291777188329
0 0.4144030322173089 0.8740053050397878 0.08843967150979154 0.0623342175066313
0 0.3708149084017688 0.9021883289124668 0.12128869235628553 0.10676392572944297
0 0.5344283006948831 0.8846153846153846 0.1528742893240682 0.09946949602122016
0 0.5777005685407455 0.8060344827586207 0.1231838281743525 0.0629973474801061
0 0.49715729627289956 0.7841511936339522 0.16929879974731524 0.09880636604774536
0 0.7722678458622868 0.6923076923076923 0.14592545799115603 0.10079575596816977
0 0.9128237523689198 0.6883289124668435 0.12128869235628553 0.10610079575596817
