0 0.8899213724088635 0.324295010845987 0.0943531093638313 0.10484454085321765
0 0.7401715511079342 0.353940708604483 0.1451036454610436 0.08026030368763558
0 0.4378127233738385 0.3477946493130875 0.10078627591136526 0.10412147505422993
0 0.2916368834882059 0.34454085321764283 0.182987848463188 0.10773680404916848
0 0.314867762687634 0.7339117859725235 0.2194424588992137 0.13304410701373826
0 0.7941386704789135 0.7306579898770789 0.21157969978556113 0.1540130151843818
0 0.27376697641172265 0.46746203904555317 0.1658327376697641 0.1193058568329718
0 0.35918513223731235 0.242588575560376 0.226590421729807 0.12509038322487345
0 0.7601858470335954 0.8752711496746204 0.13080771979985703 0.1467823571945047
0 0.8824160114367405 0.868763557483731 0.12937812723373837 0.1467823571945047
0 0.1640457469621158 0.5813449023861171 0.06790564689063616 0.13304410701373826
0 0.7115796997855611 0.5824295010845987 0.06647605432451752 0.12075198843094721
0 0.19263759828448893 0.22885032537960953 0.1322373123659757 0.08749096167751265
0 0.1451036454610436 0.44287780187997106 0.10293066476054324 0.07881417208966016
0 0.15082201572551823 0.7002892263195951 0.11865618298784847 0.07013738250180766
0 0.10114367405289493 0.7274041937816341 0.14224446032880628 0.13593637020968907
0 0.08112937812723374 0.4866232827187274 0.1451036454610436 0.16052060737527116
0 0.11150822015725519 0.274765003615329 0.18584703359542531 0.16775126536514823
0 0.3427448177269478 0.5936370209689081 0.30950679056468905 0.15907447577729572
0 0.18048606147248034 0.8492407809110629 0.10793423874195854 0.08749096167751265
0 0.1322373123659757 0.8817787418655098 0.1501072194424589 0.16702819956616052
0 0.2862759113652609 0.8738250180766449 0.14653323802716225 0.1279826464208243
0 0.42280200142959257 0.8969631236442517 0.16654753395282346 0.13665943600867678
0 0.6508220157255182 0.8716558206796818 0.08506075768406005 0.08315256688358641
0 0.6082916368834882 0.9099783080260304 0.18155825589706934 0.14533622559652928
0 0.639385275196569 0.7100506146059291 0.09935668334524661 0.07086044830079537
0 0.5997140814867763 0.7407809110629068 0.16726233023588277 0.1265365148228489
0 0.6529664045746962 0.47830802603036876 0.10078627591136526 0.06869125090383225
0 0.6040028591851322 0.5224150397686189 0.1501072194424589 0.13521330441070137
0 0.7630450321658327 0.4609544468546638 0.12794853466761974 0.14389009399855388
0 0.6629735525375268 0.23825018076644974 0.11222301644031452 0.07158351409978309
0 0.6029306647605432 0.2827187274041938 0.14081486776268765 0.13449023861171366
0 0.6579699785561115 0.05133767172812726 0.10221586847748391 0.06073752711496746
0 0.6157969978556112 0.08206796818510484 0.1579699785561115 0.12509038322487345
0 0.8309506790564689 0.08098336948662328 0.1222301644031451 0.04772234273318872
0 0.7780557541100787 0.1399132321041215 0.16368834882058614 0.07881417208966016
