0 0.42849162011173186 0.07892976588628763 0.15307262569832403 0.07759197324414716
0 0.6659217877094972 0.07290969899665552 0.19217877094972066 0.0802675585284281
0 0.4435754189944134 0.14849498327759197 0.22346368715083798 0.07892976588628763
0 0.3167597765363129 0.2973244147157191 0.1664804469273743 0.07157190635451505
0 0.11731843575418995 0.6836120401337793 0.12960893854748604 0.06956521739130435
0 0.19162011173184357 0.7558528428093646 0.16201117318435754 0.06822742474916388
0 0.6106145251396649 0.14983277591973243 0.10614525139664804 0.06555183946488294
0 0.7748603351955308 0.14949832775919733 0.2335195530726257 0.07959866220735785
0 0.4273743016759777 0.22474916387959867 0.2022346368715084 0.07759197324414716
0 0.588268156424581 0.22107023411371238 0.1553072625698324 0.07424749163879599
0 0.48659217877094973 0.2979933110367893 0.19329608938547485 0.07558528428093646
0 0.4977653631284916 0.7608695652173914 0.40558659217877097 0.08762541806020067
0 0.3782122905027933 0.8304347826086956 0.21340782122905028 0.06889632107023412
0 0.5972067039106145 0.834113712374582 0.21340782122905028 0.06956521739130435
0 0.43910614525139663 0.8892976588628763 0.24134078212290502 0.06889632107023412
0 0.8363128491620112 0.8384615384615385 0.11508379888268157 0.06086956521739131
0 0.12458100558659217 0.2331103678929766 0.18435754189944134 0.07424749163879599
0 0.12793296089385475 0.3040133779264214 0.2022346368715084 0.07424749163879599
0 0.12346368715083798 0.1625418060200669 0.1418994413407821 0.07357859531772576
0 0.13743016759776536 0.09498327759197324 0.16983240223463686 0.06421404682274247
0 0.14022346368715083 0.8347826086956521 0.15977653631284916 0.06822742474916388
0 0.09944134078212291 0.6060200668896321 0.14972067039106146 0.07090301003344482
0 0.8100558659217877 0.6842809364548496 0.16759776536312848 0.06956521739130435
0 0.43072625698324024 0.6729096989966555 0.2536312849162011 0.0882943143812709
0 0.7804469273743017 0.8936454849498328 0.18212290502793296 0.05752508361204013
0 0.11620111731843576 0.8903010033444816 0.08044692737430167 0.04280936454849498
0 0.2245810055865922 0.9461538461538461 0.2212290502793296 0.06220735785953177
0 0.4793296089385475 0.9498327759197325 0.3217877094972067 0.06555183946488294
0 0.12067039106145251 0.5347826086956522 0.13631284916201117 0.07424749163879599
0 0.8793296089385475 0.5478260869565217 0.2011173184357542 0.08294314381270904
