0 0.14873837981407703 0.3895274584929757 0.16201859229747675 0.19157088122605365
0 0.4767596281540505 0.8754789272030651 0.650730411686587 0.22349936143039592
0 0.2098273572377158 0.6162196679438059 0.33200531208499334 0.1673052362707535
0 0.8705179282868526 0.6590038314176245 0.21912350597609562 0.20178799489144317
0 0.5664010624169987 0.6839080459770115 0.39176626826029215 0.24904214559386972
0 0.8579017264276229 0.41890166028097064 0.23904382470119523 0.27586206896551724
0 0.5298804780876494 0.41379310344827586 0.4169986719787517 0.280970625798212
0 0.14873837981407703 0.210727969348659 0.05843293492695883 0.09961685823754789
0 0.1102257636122178 0.19604086845466157 0.05046480743691899 0.05491698595146871
0 0.1752988047808765 0.384418901660281 0.11155378486055777 0.16091954022988506
0 0.1347941567065073 0.39782886334610473 0.099601593625498 0.14942528735632185
0 0.3061088977423639 0.3212005108556833 0.12881806108897742 0.06513409961685823
0 0.44289508632138114 0.34355044699872284 0.19256308100929614 0.10983397190293742
0 0.4448871181938911 0.43614303959131545 0.19389110225763612 0.12899106002554278
0 0.46679946879150064 0.3997445721583653 0.0703851261620186 0.10217113665389528
0 0.5763612217795485 0.41507024265644954 0.05843293492695883 0.24010217113665389
0 0.6414342629482072 0.3505747126436782 0.13280212483399734 0.04469987228607918
0 0.6520584329349269 0.39782886334610473 0.15405046480743692 0.04469987228607918
0 0.7237715803452855 0.4074074074074074 0.034528552456839307 0.1251596424010217
0 0.9083665338645418 0.3492975734355045 0.1460823373173971 0.12899106002554278
0 0.8804780876494024 0.46296296296296297 0.1646746347941567 0.11877394636015326
0 0.7855245683930943 0.39208173690932313 0.11288180610889774 0.07662835249042145
0 0.8565737051792829 0.4003831417624521 0.06108897742363878 0.08301404853128991
0 0.7782204515272244 0.4482758620689655 0.10624169986719788 0.09195402298850575
0 0.30212483399734397 0.5983397190293742 0.150066401062417 0.09578544061302682
0 0.199203187250996 0.5925925925925926 0.08233731739707835 0.06130268199233716
0 0.10956175298804781 0.5938697318007663 0.07569721115537849 0.10217113665389528
0 0.1387782204515272 0.5747126436781609 0.049136786188579015 0.0561941251596424
0 0.13147410358565736 0.6091954022988506 0.04780876494023904 0.06130268199233716
0 0.3047808764940239 0.6756066411238825 0.033200531208499334 0.08684546615581099
0 0.4541832669322709 0.6519795657726692 0.18592297476759628 0.05747126436781609
0 0.41367861885790175 0.6187739463601533 0.043824701195219126 0.04725415070242656
0 0.43824701195219123 0.6264367816091954 0.03187250996015936 0.0421455938697318
0 0.46547144754316067 0.6264367816091954 0.03054448871181939 0.04980842911877394
0 0.4946879150066401 0.6372924648786717 0.03054448871181939 0.033205619412515965
0 0.5245683930942895 0.6385696040868455 0.02656042496679947 0.033205619412515965
0 0.4302788844621514 0.6762452107279694 0.04249667994687915 0.0421455938697318
0 0.4641434262948207 0.6832694763729247 0.057104913678618856 0.04597701149425287
0 0.47941567065073043 0.6877394636015326 0.02390438247011952 0.034482758620689655
0 0.5046480743691899 0.6839080459770115 0.03187250996015936 0.03959131545338442
0 0.5451527224435591 0.6749680715197957 0.043824701195219126 0.04469987228607918
0 0.6334661354581673 0.7662835249042146 0.18857901726427623 0.04086845466155811
0 0.6460823373173971 0.7120051085568327 0.07835325365205843 0.09578544061302682
0 0.6646746347941567 0.6545338441890166 0.1102257636122178 0.05491698595146871
0 0.5922974767596282 0.6743295019157088 0.07436918990703852 0.17369093231162197
0 0.7211155378486056 0.7273307790549169 0.09296148738379814 0.20306513409961685
0 0.899734395750332 0.6507024265644955 0.0199203187250996 0.08812260536398467
0 0.9156706507304117 0.6513409961685823 0.017264276228419653 0.07407407407407407
0 0.8691899070385126 0.6507024265644955 0.035856573705179286 0.12388250319284802
0 0.9096945551128818 0.5900383141762452 0.09827357237715803 0.07151979565772669
0 0.9083665338645418 0.7094508301404853 0.10889774236387782 0.09067688378033206
0 0.8187250996015937 0.7183908045977011 0.08632138114209828 0.02681992337164751
0 0.8207171314741036 0.6826309067688378 0.10624169986719788 0.02681992337164751
0 0.8167330677290837 0.6647509578544061 0.08233731739707835 0.0140485312899106
0 0.8154050464807437 0.6430395913154534 0.08233731739707835 0.021711366538952746
0 0.8107569721115537 0.6206896551724138 0.05976095617529881 0.022988505747126436
0 0.21314741035856574 0.9074074074074074 0.09428950863213811 0.03959131545338442
0 0.20185922974767595 0.8748403575989783 0.07702523240371846 0.038314176245210725
0 0.199203187250996 0.8895274584929758 0.07702523240371846 0.037037037037037035
0 0.19322709163346613 0.8582375478927203 0.0650730411686587 0.0280970625798212
0 0.19189907038512616 0.8409961685823755 0.07569721115537849 0.03959131545338442
0 0.19322709163346613 0.8128991060025543 0.07835325365205843 0.04980842911877394
0 0.26759628154050463 0.8863346104725415 0.0703851261620186 0.14559386973180077
0 0.3047808764940239 0.8895274584929758 0.09163346613545817 0.05747126436781609
0 0.39575033200531207 0.8499361430395913 0.08764940239043825 0.070242656449553
0 0.4169986719787517 0.8480204342273308 0.055776892430278883 0.05363984674329502
0 0.5896414342629482 0.9067688378033205 0.03187250996015936 0.07151979565772669
0 0.5418326693227091 0.913154533844189 0.029216467463479414 0.08939974457215837
0 0.5172642762284196 0.9074074074074074 0.027888446215139442 0.10344827586206896
0 0.48804780876494025 0.8441890166028098 0.11288180610889774 0.08173690932311622
0 0.36786188579017265 0.9144316730523627 0.0398406374501992 0.1123882503192848
0 0.5424966799468791 0.8914431673052363 0.34926958831341304 0.0561941251596424
0 0.6407702523240372 0.8448275862068966 0.2456839309428951 0.07535121328224777
