0 0.4940239043824701 0.06513409961685823 0.5099601593625498 0.13282247765006386
0 0.22642762284196546 0.2720306513409962 0.22177954847277556 0.13282247765006386
0 0.1387782204515272 0.5312899106002554 0.17928286852589642 0.19157088122605365
0 0.08964143426294821 0.5817369093231162 0.06241699867197875 0.04980842911877394
0 0.1945551128818061 0.4840357598978289 0.04648074369189907 0.10217113665389528
0 0.12350597609561753 0.5012771392081737 0.10358565737051793 0.13665389527458494
0 0.21779548472775564 0.2777777777777778 0.14342629482071714 0.04980842911877394
0 0.2250996015936255 0.23946360153256704 0.08632138114209828 0.06257982120051085
0 0.249667994687915 0.26436781609195403 0.055776892430278883 0.04853128991060025
0 0.3100929614873838 0.03959131545338442 0.06772908366533864 0.02554278416347382
0 0.29282868525896416 0.05683269476372925 0.08897742363877822 0.021711366538952746
0 0.2908366533864542 0.07407407407407407 0.0849933598937583 0.020434227330779056
0 0.2915006640106242 0.08301404853128991 0.07304116865869854 0.022988505747126436
0 0.2868525896414343 0.09578544061302682 0.07436918990703852 0.020434227330779056
0 0.28950863213811423 0.1123882503192848 0.0796812749003984 0.03065134099616858
0 0.36852589641434264 0.05363984674329502 0.05179282868525897 0.06385696040868455
0 0.49933598937583 0.04597701149425287 0.06374501992031872 0.07151979565772669
0 0.5179282868525896 0.0421455938697318 0.06108897742363878 0.04853128991060025
0 0.5650730411686588 0.0421455938697318 0.11288180610889774 0.06385696040868455
0 0.8466135458167331 0.22988505747126436 0.07835325365205843 0.035759897828863345
0 0.8466135458167331 0.2784163473818646 0.12616201859229748 0.08939974457215837
