0 0.2696335078534031 0.7255993150684932 0.22303664921465968 0.13784246575342465
0 0.287434554973822 0.574486301369863 0.14136125654450263 0.1541095890410959
0 0.47853403141361256 0.584332191780822 0.24921465968586387 0.1481164383561644
0 0.749738219895288 0.5946061643835616 0.3183246073298429 0.15496575342465754
0 0.48795811518324606 0.7384417808219178 0.2513089005235602 0.1327054794520548
0 0.7701570680628272 0.4456335616438356 0.16230366492146597 0.12585616438356165
0 0.7581151832460733 0.7435787671232876 0.2931937172774869 0.13955479452054795
0 0.5617801047120419 0.4366438356164384 0.2628272251308901 0.14383561643835616
0 0.2424083769633508 0.11087328767123288 0.11413612565445026 0.06763698630136987
0 0.4607329842931937 0.09717465753424658 0.2848167539267016 0.10873287671232877
0 0.20837696335078534 0.22559931506849315 0.2617801047120419 0.11386986301369863
