0 0.7428656361474435 0.13020214030915578 0.12663495838287753 0.1367419738406659
0 0.06777645659928656 0.6661712247324614 0.093935790725327 0.0980975029726516
0 0.43252080856123665 0.6263376932223543 0.2146254458977408 0.08145065398335315
0 0.3730677764565993 0.7871581450653984 0.08977407847800238 0.14149821640903687
0 0.393281807372176 0.9500594530321046 0.11117717003567182 0.10582639714625446
0 0.4684898929845422 0.7844827586206896 0.09274673008323424 0.06718192627824018
0 0.5847205707491082 0.7743757431629013 0.13971462544589774 0.07074910820451843
0 0.5392390011890607 0.8507728894173603 0.054696789536266346 0.06777645659928656
0 0.4289536266349584 0.4762187871581451 0.19322235434007135 0.11533888228299644
0 0.5823424494649228 0.4774078478002378 0.12425683709869204 0.07253269916765755
0 0.2437574316290131 0.7051129607609988 0.1117717003567182 0.06896551724137931
0 0.09958382877526754 0.7779429250891795 0.11712247324613555 0.0980975029726516
0 0.19797859690844233 0.7815101070154578 0.05826397146254459 0.07431629013079667
0 0.49108204518430437 0.9429250891795482 0.07253269916765755 0.06539833531510107
0 0.6257431629013079 0.5454815695600476 0.08263971462544589 0.06718192627824018
0 0.12217598097502973 0.1902497027348395 0.1313912009512485 0.09869203329369798
0 0.18935790725326992 0.3281807372175981 0.2479191438763377 0.12604042806183116
0 0.5098097502972652 0.285077288941736 0.10166468489892984 0.07550535077288942
0 0.4277645659928656 0.36593341260404283 0.1361474435196195 0.10047562425683709
0 0.5359690844233056 0.36712247324613556 0.07550535077288942 0.09334126040428062
0 0.8234244946492271 0.4123067776456599 0.26516052318668254 0.08263971462544589
0 0.845422116527943 0.504756242568371 0.21521997621878716 0.11296076099881094
0 0.2910225921521998 0.5496432818073722 0.06599286563614744 0.10642092746730084
0 0.2074910820451843 0.5546967895362663 0.11533888228299644 0.09631391200951249
0 0.05648038049940547 0.4521403091557669 0.09274673008323424 0.07074910820451843
0 0.1875743162901308 0.4625445897740785 0.1967895362663496 0.08799048751486326
0 0.2702140309155767 0.7791319857312723 0.09334126040428062 0.09334126040428062
0 0.6325802615933412 0.6409036860879905 0.1070154577883472 0.09631391200951249
0 0.7473246135552913 0.2746730083234245 0.11890606420927467 0.14982164090368608
0 0.8632580261593341 0.15309155766944113 0.1070154577883472 0.07907253269916766
0 0.5324019024970273 0.5410225921521997 0.08620689655172414 0.07253269916765755
0 0.6061236623067776 0.8391795481569561 0.07669441141498216 0.08382877526753864
0 0.18935790725326992 0.6724137931034483 0.12187871581450654 0.1248513674197384
0 0.09215219976218787 0.8715814506539834 0.0713436385255648 0.07966706302021404
0 0.1985731272294887 0.8683115338882283 0.14625445897740785 0.08145065398335315
0 0.19262782401902498 0.9390606420927468 0.11652794292508918 0.07431629013079667
0 0.2907253269916766 0.9441141498216409 0.08323424494649227 0.07966706302021404
