0 0.23821989528795812 0.5496575342465754 0.22303664921465968 0.1558219178082192
0 0.3879581151832461 0.5449486301369864 0.1643979057591623 0.1190068493150685
0 0.5617801047120419 0.5693493150684932 0.22094240837696336 0.1643835616438356
0 0.4445026178010471 0.71875 0.11832460732984293 0.1446917808219178
0 0.5523560209424084 0.7350171232876712 0.16020942408376965 0.1566780821917808
0 0.2643979057591623 0.6716609589041096 0.27958115183246074 0.13784246575342465
0 0.27591623036649215 0.8403253424657534 0.1643979057591623 0.1703767123287671
0 0.4476439790575916 0.8617294520547946 0.23769633507853402 0.15154109589041095
0 0.3607329842931937 0.4083904109589041 0.4722513089005236 0.1832191780821918
0 0.25287958115183246 0.2324486301369863 0.26910994764397905 0.10017123287671233
0 0.46910994764397906 0.2581335616438356 0.21780104712041884 0.12756849315068494
0 0.6827225130890052 0.2675513698630137 0.2534031413612565 0.1464041095890411
0 0.6738219895287958 0.144263698630137 0.1706806282722513 0.12414383561643835
0 0.5282722513089005 0.1391267123287671 0.12460732984293194 0.1172945205479452
0 0.5151832460732985 0.08518835616438356 0.42303664921465967 0.1429794520547945
0 0.256020942408377 0.09717465753424658 0.12041884816753927 0.05736301369863014
0 0.6722513089005235 0.4130993150684932 0.19476439790575917 0.16523972602739725
0 0.8089005235602095 0.4173801369863014 0.1581151832460733 0.1429794520547945
