0 0.222684703433923 0.8254750175932442 0.17898022892819979 0.07881773399014778
0 0.5306971904266389 0.8261787473610134 0.35796045785639957 0.11400422237860662
0 0.5634755463059313 0.7090077410274455 0.3007284079084287 0.11470795214637579
0 0.10457856399583768 0.5946516537649542 0.16129032258064516 0.1294862772695285
0 0.3777315296566077 0.5893736805066855 0.2809573361082206 0.12878254750175933
0 0.673777315296566 0.597466572836031 0.24869927159209157 0.14637579169598874
0 0.37721123829344433 0.4609429978888107 0.7127991675338189 0.13230119634060522
0 0.18158168574401665 0.2997888810696692 0.1987513007284079 0.12244897959183673
0 0.3756503642039542 0.2973258268824771 0.2060353798126951 0.12174524982406756
0 0.5858480749219563 0.2983814215341309 0.222684703433923 0.13933849401829698
0 0.7851196670135275 0.29943701618578467 0.2008324661810614 0.1358198451794511
0 0.21644120707596254 0.7163969035890219 0.33298647242455776 0.12244897959183673
0 0.8563995837669095 0.6013370865587614 0.20395421436004163 0.1442646023926812
0 0.3007284079084287 0.07565095003518649 0.29552549427679503 0.10344827586206896
0 0.6170655567117586 0.0693173821252639 0.36212278876170656 0.08796622097114708
0 0.6867845993756504 0.15904292751583393 0.34963579604578565 0.12244897959183673
