0 0.5520833333333334 0.27882960413080893 0.1625 0.12908777969018934
0 0.785 0.29819277108433734 0.18833333333333332 0.14199655765920827
0 0.7575 0.18416523235800344 0.165 0.11703958691910499
0 0.5695833333333333 0.16006884681583478 0.20083333333333334 0.12392426850258176
0 0.53625 0.04130808950086059 0.1175 0.07917383820998279
0 0.6591666666666667 0.06970740103270223 0.17166666666666666 0.11187607573149742
0 0.5270833333333333 0.4113597246127367 0.10583333333333333 0.14113597246127366
0 0.8791666666666667 0.4401893287435456 0.185 0.16092943201376936
0 0.6675 0.4212564543889845 0.21166666666666667 0.15748709122203097
0 0.56875 0.5236660929432013 0.18583333333333332 0.09036144578313253
0 0.595 0.6626506024096386 0.13333333333333333 0.13941480206540446
0 0.6991666666666667 0.6609294320137694 0.105 0.12564543889845095
0 0.5295833333333333 0.8958691910499139 0.11416666666666667 0.10671256454388985
0 0.7175 0.5516351118760757 0.135 0.09982788296041308
0 0.8683333333333333 0.5585197934595525 0.17 0.11015490533562823
0 0.225 0.28055077452667815 0.195 0.11703958691910499
0 0.4 0.24440619621342513 0.11833333333333333 0.12048192771084337
0 0.49541666666666667 0.6333907056798623 0.0625 0.07056798623063683
0 0.0525 0.2977624784853701 0.05333333333333334 0.06540447504302926
0 0.04125 0.4113597246127367 0.059166666666666666 0.06196213425129088
0 0.2125 0.076592082616179 0.18 0.0981067125645439
0 0.35333333333333333 0.0576592082616179 0.10833333333333334 0.08433734939759036
0 0.05625 0.648881239242685 0.08583333333333333 0.09122203098106713
0 0.17333333333333334 0.6497418244406197 0.15833333333333333 0.10327022375215146
0 0.3458333333333333 0.6523235800344234 0.19 0.0981067125645439
0 0.15583333333333332 0.7633390705679862 0.17333333333333334 0.12048192771084337
0 0.35583333333333333 0.7555938037865749 0.21666666666666667 0.13253012048192772
0 0.0475 0.7555938037865749 0.056666666666666664 0.06712564543889846
0 0.7925 0.0963855421686747 0.105 0.11359724612736662
