0 0.3341645885286783 0.2875 0.2718204488778055 0.10714285714285714
0 0.5866583541147132 0.29598214285714286 0.2581047381546135 0.11875
0 0.3983790523690773 0.08348214285714285 0.5 0.09553571428571428
0 0.7743142144638404 0.42678571428571427 0.30423940149625933 0.12678571428571428
0 0.14463840399002495 0.41696428571428573 0.12219451371571072 0.1125
0 0.32356608478802995 0.42276785714285714 0.25561097256857856 0.11875
0 0.5224438902743143 0.42142857142857143 0.1571072319201995 0.12142857142857143
0 0.14027431421446385 0.2897321428571429 0.1633416458852868 0.12946428571428573
0 0.12718204488778054 0.5370535714285715 0.15211970074812967 0.13482142857142856
0 0.6327930174563591 0.5611607142857142 0.1658354114713217 0.13303571428571428
0 0.9108478802992519 0.6910714285714286 0.14089775561097256 0.1125
0 0.850997506234414 0.30044642857142856 0.26807980049875313 0.13482142857142856
0 0.7699501246882793 0.10446428571428572 0.27057356608478805 0.11785714285714285
0 0.32917705735660846 0.15089285714285713 0.16458852867830423 0.10357142857142858
0 0.5386533665835411 0.15669642857142857 0.24688279301745636 0.09732142857142857
0 0.7693266832917706 0.8071428571428572 0.11970074812967581 0.12142857142857143
0 0.8834164588528678 0.8013392857142857 0.10349127182044887 0.10625
0 0.5536159600997507 0.8075892857142857 0.26683291770573564 0.11517857142857142
0 0.3011221945137157 0.8107142857142857 0.20324189526184538 0.1
0 0.7256857855361596 0.684375 0.1770573566084788 0.11696428571428572
0 0.48753117206982544 0.6839285714285714 0.2967581047381546 0.1357142857142857
0 0.22069825436408977 0.6803571428571429 0.26433915211970077 0.1357142857142857
0 0.14650872817955113 0.8071428571428572 0.13341645885286782 0.125
0 0.3329177057356609 0.10401785714285715 0.15211970074812967 0.016964285714285713
0 0.3559850374064838 0.08660714285714285 0.08354114713216958 0.05892857142857143
0 0.5193266832917706 0.10401785714285715 0.2231920199501247 0.01875
0 0.5243142144638404 0.08883928571428572 0.026184538653366583 0.020535714285714286
0 0.5012468827930174 0.08616071428571428 0.022443890274314215 0.01875
0 0.48129675810473815 0.08794642857142858 0.022443890274314215 0.025892857142857145
0 0.4600997506234414 0.08883928571428572 0.029925187032418952 0.025892857142857145
0 0.5430174563591023 0.07053571428571428 0.20074812967581046 0.060714285714285714
0 0.4177057356608479 0.06964285714285715 0.06234413965087282 0.06428571428571428
0 0.26122194513715713 0.103125 0.15835411471321695 0.10982142857142857
0 0.23316708229426433 0.06696428571428571 0.059850374064837904 0.01607142857142857
0 0.21633416458852867 0.08616071428571428 0.06359102244389027 0.016964285714285713
0 0.19825436408977556 0.09910714285714285 0.02743142144638404 0.010714285714285714
0 0.1970074812967581 0.10714285714285714 0.057356608478802994 0.010714285714285714
0 0.28366583541147133 0.1549107142857143 0.1259351620947631 0.09553571428571428
0 0.35972568578553615 0.16026785714285716 0.07855361596009976 0.09017857142857143
0 0.35349127182044887 0.16071428571428573 0.11845386533665836 0.025
0 0.5461346633416458 0.1861607142857143 0.2344139650872818 0.03660714285714286
0 0.5355361596009975 0.14285714285714285 0.185785536159601 0.06428571428571428
0 0.4769326683291771 0.1625 0.03117206982543641 0.044642857142857144
0 0.4476309226932668 0.14732142857142858 0.0399002493765586 0.048214285714285716
0 0.6670822942643392 0.11294642857142857 0.06483790523690773 0.059821428571428574
0 0.7094763092269327 0.11383928571428571 0.06733167082294264 0.011607142857142858
0 0.8017456359102244 0.13258928571428572 0.12219451371571072 0.05803571428571429
0 0.7468827930174564 0.09553571428571428 0.16458852867830423 0.05357142857142857
0 0.8428927680798005 0.10267857142857142 0.03740648379052369 0.060714285714285714
0 0.8771820448877805 0.12321428571428572 0.046134663341645885 0.08035714285714286
0 0.1901496259351621 0.25223214285714285 0.048628428927680795 0.049107142857142856
0 0.16895261845386533 0.2598214285714286 0.04114713216957606 0.04107142857142857
0 0.15648379052369077 0.2714285714285714 0.046134663341645885 0.04285714285714286
0 0.15149625935162095 0.296875 0.06359102244389027 0.07232142857142858
0 0.11596009975062344 0.27723214285714287 0.029925187032418952 0.025892857142857145
0 0.16084788029925187 0.3183035714285714 0.04738154613466334 0.045535714285714284
0 0.1440149625935162 0.30357142857142855 0.03865336658354115 0.03214285714285714
0 0.16521197007481297 0.2700892857142857 0.10099750623441396 0.07410714285714286
0 0.14027431421446385 0.24419642857142856 0.09102244389027432 0.06696428571428571
0 0.12718204488778054 0.31339285714285714 0.09975062344139651 0.08571428571428572
0 0.23379052369077308 0.340625 0.048628428927680795 0.04017857142857143
0 0.43453865336658354 0.2870535714285714 0.06109725685785536 0.09910714285714285
0 0.3110972568578554 0.3040178571428571 0.17581047381546136 0.020535714285714286
0 0.31483790523690774 0.2486607142857143 0.16084788029925187 0.020535714285714286
0 0.29301745635910226 0.2732142857142857 0.04488778054862843 0.04642857142857143
0 0.24438902743142144 0.2754464285714286 0.04738154613466334 0.05803571428571429
0 0.690149625935162 0.3 0.048628428927680795 0.10178571428571428
0 0.5760598503740648 0.2526785714285714 0.1745635910224439 0.02142857142857143
0 0.5704488778054863 0.2995535714285714 0.2057356608478803 0.025892857142857145
0 0.5473815461346634 0.29776785714285714 0.034912718204488775 0.09732142857142857
0 0.5018703241895262 0.2714285714285714 0.03366583541147132 0.05714285714285714
0 0.7612219451371571 0.25892857142857145 0.08104738154613467 0.025
0 0.7549875311720698 0.31026785714285715 0.07855361596009976 0.033035714285714286
0 0.8123441396508728 0.3183035714285714 0.05610972568578554 0.049107142857142856
0 0.8154613466334164 0.27767857142857144 0.059850374064837904 0.039285714285714285
0 0.8684538653366584 0.2674107142857143 0.05610972568578554 0.045535714285714284
0 0.871571072319202 0.33214285714285713 0.06733167082294264 0.03571428571428571
0 0.8597256857855362 0.29642857142857143 0.04114713216957606 0.0375
0 0.9576059850374065 0.31741071428571427 0.029925187032418952 0.04017857142857143
0 0.9152119700748129 0.2941964285714286 0.06234413965087282 0.022321428571428572
0 0.919576059850374 0.31741071428571427 0.05361596009975062 0.01875
0 0.17518703241895262 0.4174107142857143 0.03865336658354115 0.09732142857142857
0 0.12468827930174564 0.45 0.06483790523690773 0.030357142857142857
0 0.14027431421446385 0.4401785714285714 0.043640897755610975 0.02142857142857143
0 0.13902743142144638 0.42232142857142857 0.046134663341645885 0.014285714285714285
0 0.1396508728179551 0.4107142857142857 0.04738154613466334 0.019642857142857142
0 0.14027431421446385 0.39732142857142855 0.043640897755610975 0.017857142857142856
0 0.1433915211970075 0.3834821428571429 0.04488778054862843 0.01875
0 0.14713216957605985 0.3723214285714286 0.04987531172069826 0.02142857142857143
0 0.24937655860349128 0.4107142857142857 0.08977556109725686 0.033928571428571426
0 0.3385286783042394 0.434375 0.09850374064837905 0.07946428571428571
0 0.3628428927680798 0.45223214285714286 0.014962593516209476 0.045535714285714284
0 0.3516209476309227 0.403125 0.04488778054862843 0.04375
0 0.42581047381546133 0.42544642857142856 0.043640897755610975 0.10625
0 0.38341645885286785 0.39107142857142857 0.028678304239401497 0.01607142857142857
0 0.3859102244389027 0.40714285714285714 0.03117206982543641 0.0125
0 0.38341645885286785 0.41696428571428573 0.028678304239401497 0.008928571428571428
0 0.39089775561097256 0.4392857142857143 0.03117206982543641 0.014285714285714285
0 0.38902743142144636 0.42589285714285713 0.034912718204488775 0.0125
0 0.3933915211970075 0.4549107142857143 0.028678304239401497 0.015178571428571428
0 0.46571072319201995 0.42098214285714286 0.05112219451371571 0.06696428571428571
0 0.5511221945137157 0.4263392857142857 0.05236907730673317 0.11160714285714286
0 0.5704488778054863 0.43214285714285716 0.05860349127182045 0.019642857142857142
0 0.7076059850374065 0.40714285714285714 0.07356608478802992 0.05178571428571429
0 0.6683291770573566 0.4294642857142857 0.0399002493765586 0.1
0 0.7206982543640897 0.43258928571428573 0.12718204488778054 0.01875
0 0.78428927680798 0.39955357142857145 0.032418952618453865 0.054464285714285715
0 0.7955112219451371 0.41160714285714284 0.032418952618453865 0.04642857142857143
0 0.82356608478803 0.4138392857142857 0.03615960099750624 0.04017857142857143
0 0.8466334164588528 0.4147321428571429 0.032418952618453865 0.03660714285714286
0 0.8703241895261845 0.4191964285714286 0.04738154613466334 0.04375
0 0.8884039900249376 0.4160714285714286 0.05112219451371571 0.048214285714285716
0 0.7992518703241895 0.45267857142857143 0.04738154613466334 0.03214285714285714
0 0.821072319201995 0.45714285714285713 0.03865336658354115 0.033928571428571426
0 0.8435162094763092 0.45803571428571427 0.03865336658354115 0.03214285714285714
0 0.8597256857855362 0.4629464285714286 0.028678304239401497 0.03125
0 0.8840399002493765 0.4607142857142857 0.03740648379052369 0.0375
0 0.14713216957605985 0.5767857142857142 0.09975062344139651 0.055357142857142855
0 0.14650872817955113 0.509375 0.07107231920199501 0.08660714285714285
0 0.09476309226932668 0.5598214285714286 0.029925187032418952 0.0625
0 0.10037406483790523 0.5370535714285715 0.09102244389027432 0.06160714285714286
0 0.12468827930174564 0.5549107142857143 0.059850374064837904 0.04375
0 0.256857855361596 0.5919642857142857 0.12468827930174564 0.030357142857142857
0 0.23129675810473815 0.5316964285714286 0.043640897755610975 0.09732142857142857
0 0.29925187032418954 0.5013392857142858 0.09226932668329177 0.022321428571428572
0 0.26807980049875313 0.525 0.04987531172069826 0.048214285714285716
0 0.29239401496259354 0.5142857142857142 0.043640897755610975 0.017857142857142856
0 0.3036159600997506 0.5357142857142857 0.07855361596009976 0.05178571428571429
0 0.27618453865336656 0.5714285714285714 0.08354114713216958 0.025
0 0.3541147132169576 0.5446428571428571 0.05236907730673317 0.12142857142857143
0 0.38840399002493764 0.5174107142857143 0.06608478802992519 0.05089285714285714
0 0.41458852867830426 0.5205357142857143 0.02369077306733167 0.0375
0 0.49688279301745636 0.5263392857142857 0.06608478802992519 0.049107142857142856
0 0.3915211970074813 0.5392857142857143 0.04488778054862843 0.025
0 0.3846633416458853 0.5544642857142857 0.03615960099750624 0.01607142857142857
0 0.3809226932668329 0.5647321428571429 0.03117206982543641 0.01875
0 0.5180798004987531 0.5866071428571429 0.02369077306733167 0.0375
0 0.4613466334164589 0.5040178571428572 0.05486284289276808 0.016964285714285713
0 0.44389027431421446 0.5138392857142857 0.014962593516209476 0.029464285714285714
0 0.4600997506234414 0.5285714285714286 0.04987531172069826 0.04107142857142857
0 0.4825436408977556 0.5776785714285714 0.06483790523690773 0.08035714285714286
0 0.42144638403990026 0.5611607142857142 0.08728179551122195 0.059821428571428574
0 0.6546134663341646 0.584375 0.10972568578553615 0.07589285714285714
0 0.6221945137157108 0.5705357142857143 0.05486284289276808 0.039285714285714285
0 0.6209476309226932 0.5245535714285714 0.09226932668329177 0.07232142857142858
0 0.5935162094763092 0.5674107142857143 0.04239401496259352 0.09732142857142857
0 0.1770573566084788 0.6607142857142857 0.16209476309226933 0.048214285714285716
0 0.1502493765586035 0.6803571428571429 0.06608478802992519 0.03571428571428571
0 0.1970074812967581 0.6714285714285714 0.08478802992518704 0.05357142857142857
0 0.1552369077306733 0.6522321428571428 0.04114713216957606 0.04196428571428571
0 0.19576059850374064 0.6678571428571428 0.059850374064837904 0.08214285714285714
0 0.3098503740648379 0.6620535714285715 0.06359102244389027 0.059821428571428574
0 0.29177057356608477 0.7107142857142857 0.10224438902743142 0.05
0 0.3541147132169576 0.7022321428571429 0.02743142144638404 0.03660714285714286
0 0.3827930174563591 0.7089285714285715 0.02743142144638404 0.030357142857142857
0 0.4102244389027431 0.7071428571428572 0.02743142144638404 0.026785714285714284
0 0.36596009975062344 0.6790178571428571 0.05610972568578554 0.025892857142857145
0 0.3628428927680798 0.6575892857142858 0.02743142144638404 0.03125
0 0.45698254364089774 0.7 0.06359102244389027 0.04285714285714286
0 0.5112219451371571 0.6732142857142858 0.04738154613466334 0.11428571428571428
0 0.6022443890274314 0.6861607142857142 0.05236907730673317 0.10625
0 0.7618453865336658 0.6419642857142858 0.09975062344139651 0.025
0 0.7007481296758105 0.6714285714285714 0.11970074812967581 0.033928571428571426
0 0.6976309226932669 0.7044642857142858 0.11596009975062344 0.026785714285714284
0 0.8011221945137157 0.6950892857142857 0.026184538653366583 0.08660714285714285
0 0.7693266832917706 0.69375 0.034912718204488775 0.08928571428571429
0 0.7231920199501247 0.6852678571428571 0.029925187032418952 0.09910714285714285
0 0.8366583541147132 0.6910714285714286 0.02493765586034913 0.09107142857142857
0 0.8859102244389028 0.6794642857142857 0.08603491271820449 0.04285714285714286
0 0.9120947630922693 0.7200892857142858 0.02369077306733167 0.033035714285714286
0 0.9370324189526185 0.7205357142857143 0.02119700748129676 0.026785714285714284
0 0.9551122194513716 0.7120535714285714 0.0199501246882793 0.04196428571428571
0 0.9613466334164589 0.6691964285714286 0.02493765586034913 0.04375
0 0.9326683291770573 0.671875 0.029925187032418952 0.04196428571428571
0 0.14962593516209477 0.7691964285714286 0.07231920199501247 0.03482142857142857
0 0.1596009975062344 0.846875 0.08977556109725686 0.038392857142857145
0 0.19451371571072318 0.7959821428571429 0.057356608478802994 0.09553571428571428
0 0.13902743142144638 0.8098214285714286 0.06109725685785536 0.06964285714285715
0 0.2562344139650873 0.7879464285714286 0.0885286783042394 0.033035714285714286
0 0.3410224438902743 0.7888392857142857 0.10349127182044887 0.06160714285714286
0 0.23566084788029926 0.8214285714285714 0.0773067331670823 0.05
0 0.32917705735660846 0.8379464285714285 0.12468827930174564 0.025892857142857145
0 0.293640897755611 0.8 0.08104738154613467 0.014285714285714285
0 0.29239401496259354 0.8116071428571429 0.08354114713216958 0.01607142857142857
0 0.27743142144638405 0.8245535714285714 0.03865336658354115 0.013392857142857142
0 0.47256857855361595 0.8366071428571429 0.11221945137157108 0.019642857142857142
0 0.4756857855361596 0.8147321428571429 0.09102244389027432 0.025892857142857145
0 0.5928927680798005 0.8513392857142857 0.1259351620947631 0.022321428571428572
0 0.6639650872817955 0.8071428571428572 0.03117206982543641 0.10178571428571428
0 0.6115960099750624 0.8111607142857142 0.02369077306733167 0.07589285714285714
0 0.5816708229426434 0.8035714285714286 0.02369077306733167 0.075
0 0.5461346633416458 0.8058035714285714 0.03740648379052369 0.07410714285714286
0 0.7443890274314214 0.7794642857142857 0.04987531172069826 0.05357142857142857
0 0.7400249376558603 0.825 0.07605985037406483 0.05714285714285714
0 0.8135910224438903 0.8026785714285715 0.03366583541147132 0.10178571428571428
0 0.9071072319201995 0.7946428571428571 0.03865336658354115 0.08392857142857142
0 0.8615960099750624 0.8080357142857143 0.0399002493765586 0.0875
0 0.6221945137157108 0.9071428571428571 0.0399002493765586 0.0625
0 0.8248129675810474 0.9058035714285714 0.03117206982543641 0.06517857142857143
0 0.8615960099750624 0.8870535714285714 0.02493765586034913 0.03660714285714286
0 0.327930174563591 0.9205357142857142 0.08977556109725686 0.030357142857142857
0 0.39214463840399 0.9424107142857143 0.05610972568578554 0.06160714285714286
0 0.5679551122194514 0.921875 0.048628428927680795 0.045535714285714284
0 0.4850374064837905 0.9316964285714285 0.12967581047381546 0.03482142857142857
0 0.5168329177057357 0.9526785714285714 0.1259351620947631 0.039285714285714285
0 0.2655860349127182 0.9058035714285714 0.03740648379052369 0.04017857142857143
0 0.6714463840399002 0.9334821428571428 0.128428927680798 0.03125
0 0.726932668329177 0.9383928571428571 0.11221945137157108 0.04642857142857143
