0 0.14426059979317477 0.24142059058260176 0.16028955532574973 0.11093375897845172
0 0.7249224405377456 0.23703112529928172 0.14891416752843847 0.12769353551476456
0 0.5118924508790073 0.35913806863527536 0.1923474663908997 0.13088587390263368
0 0.18821096173733196 0.1169193934557063 0.20062047569803515 0.12210694333599362
0 0.6044467425025853 0.21348762968874702 0.08583247156153051 0.06624102154828412
0 0.28490175801447776 0.23902633679169993 0.13547052740434332 0.10933758978451716
0 0.45191313340227507 0.237829209896249 0.21509824198552224 0.11652035115722266
0 0.781282316442606 0.3635275339185954 0.30713547052740436 0.13168395849960096
0 0.8862461220268872 0.4940143655227454 0.08479834539813857 0.11971268954509177
0 0.843846949327818 0.6213088587390263 0.08066184074457083 0.13966480446927373
0 0.8179937952430196 0.9277733439744613 0.0641158221302999 0.07741420590582601
0 0.9462254395036195 0.6280925778132482 0.11582213029989659 0.14365522745411013
0 0.6623578076525336 0.4868316041500399 0.29472595656670114 0.08778930566640064
0 0.6122026887280249 0.6256983240223464 0.3826266804550155 0.13088587390263368
0 0.17476732161323683 0.6133280127693536 0.25232678386763185 0.11412609736632083
0 0.36452947259565666 0.6249002394253791 0.12719751809720786 0.12928970470869913
0 0.812306101344364 0.8427773343974462 0.09824198552223372 0.11332801276935354
0 0.5129265770423992 0.0742218675179569 0.4239917269906929 0.12928970470869913
0 0.827817993795243 0.10295291300877893 0.19131334022750776 0.1484437350359138
0 0.6504653567735263 0.7498004788507582 0.34126163391933817 0.11412609736632083
0 0.1907962771458118 0.8563447725458898 0.16856256463288521 0.0782122905027933
0 0.33350568769389866 0.8587390263367917 0.1313340227507756 0.08619313647246608
0 0.4963805584281282 0.8539505187549881 0.20682523267838676 0.10215482841181166
0 0.6778697001034126 0.8459696727853152 0.17890382626680454 0.11173184357541899
0 0.9043433298862461 0.8280127693535515 0.08996897621509824 0.11572226656025539
0 0.4234746639089969 0.9485235434956105 0.19131334022750776 0.09497206703910614
0 0.6344364012409514 0.9489225857940942 0.26163391933815927 0.09577015163607343
0 0.14322647362978283 0.07980845969672785 0.0734229576008273 0.03830806065442937
0 0.24457083764219234 0.07741420590582601 0.06514994829369183 0.041500399042298484
0 0.11995863495346432 0.1420590582601756 0.06204756980351603 0.047885075818036714
0 0.6980351602895554 0.09417398244213887 0.055842812823164424 0.07182761372705507
0 0.3376421923474664 0.07501995211492418 0.04446742502585315 0.047885075818036714
0 0.3815925542916236 0.08379888268156424 0.13236814891416754 0.07342378292098962
0 0.359358841778697 0.04349561053471668 0.11271975180972078 0.04389465283320032
0 0.500517063081696 0.04549082202713488 0.10548086866597725 0.05746209098164405
0 0.5015511892450879 0.08858739026336791 0.11168562564632885 0.060654429369513166
0 0.5227507755946226 0.05945730247406225 0.04446742502585315 0.040702314445331206
0 0.5734229576008273 0.0650438946528332 0.06514994829369183 0.10933758978451716
0 0.6251292657704239 0.06624102154828412 0.12099276111685625 0.019154030327214685
0 0.5760082730093071 0.0690343176376696 0.07859358841778696 0.03112529928172386
0 0.5496380558428128 0.0710295291300878 0.027921406411582212 0.01596169193934557
0 0.5486039296794208 0.07581803671189145 0.02998965873836608 0.012769353551476457
0 0.5837642192347466 0.09098164405426976 0.11065149948293691 0.030327214684756583
0 0.6349534643226473 0.025139664804469275 0.057911065149948295 0.03112529928172386
0 0.6623578076525336 0.044293695131683956 0.125129265770424 0.02314445331205108
0 0.8857290589451913 0.1340782122905028 0.08376421923474664 0.035115722266560255
0 0.9084798345398138 0.12729449321628092 0.02171664943123061 0.06783719074221868
0 0.8578076525336091 0.0985634477254589 0.027921406411582212 0.04389465283320032
0 0.8738366080661841 0.0742218675179569 0.03929679420889348 0.02713487629688747
0 0.7456049638055843 0.07781324820430965 0.05377456049638056 0.053471667996807665
0 0.795243019648397 0.0670391061452514 0.11789038262668046 0.025538707102952914
0 0.7895553257497415 0.087390263367917 0.12306101344364012 0.01675977653631285
0 0.13236814891416754 0.20430965682362331 0.08686659772492245 0.060654429369513166
0 0.17476732161323683 0.20430965682362331 0.06825232678386763 0.06384676775738228
0 0.10444674250258532 0.25658419792498005 0.06618407445708377 0.06464485235434957
0 0.18200620475698034 0.2633679169992019 0.0827300930713547 0.06544293695131684
0 0.15822130299896586 0.2102952913008779 0.01861427094105481 0.010375099760574621
0 0.15977249224405377 0.21867517956903432 0.03205791106514995 0.009577015163607342
0 0.16132368148914167 0.22745411013567438 0.031023784901758014 0.007980845969672785
0 0.1623578076525336 0.23942537909018355 0.03722854188210962 0.012769353551476457
0 0.1639089968976215 0.2509976057462091 0.03412616339193381 0.013567438148443736
0 0.15718717683557393 0.2589784517158819 0.02688728024819028 0.010375099760574621
0 0.15253360910031025 0.266560255387071 0.027921406411582212 0.0111731843575419
0 0.24457083764219234 0.2338387869114126 0.04860392967942089 0.09577015163607343
0 0.29782833505687695 0.20510774142059057 0.11168562564632885 0.017557861133280128
0 0.4581178903826267 0.2326416600159617 0.05997931747673216 0.10295291300877893
0 0.49896587383660806 0.2306464485235435 0.10444674250258532 0.020750199521149242
0 0.39917269906928643 0.20470869912210693 0.0889348500517063 0.029529130087789304
0 0.3965873836608066 0.22346368715083798 0.0796277145811789 0.025538707102952914
0 0.3857290589451913 0.26097366320830007 0.09307135470527404 0.06225059856344772
0 0.4027921406411582 0.24780526735834 0.07549120992761117 0.026336791699920193
0 0.6049638055842813 0.20989624900239426 0.05997931747673216 0.0446927374301676
0 0.7745604963805585 0.25857940941739826 0.07859358841778696 0.04948124501197127
0 0.7890382626680456 0.20949720670391062 0.055842812823164424 0.04389465283320032
0 0.7357807652533609 0.2071029529130088 0.038262668045501554 0.040702314445331206
0 0.6866597724922441 0.2063048683160415 0.047569803516028956 0.04389465283320032
0 0.6944157187176836 0.25658419792498005 0.05894519131334023 0.047086991221069435
0 0.8417786970010341 0.19473264166001597 0.031023784901758014 0.017557861133280128
0 0.8795243019648397 0.23543495610534718 0.052740434332988625 0.08300079808459697
0 0.9188210961737332 0.2214684756584198 0.052740434332988625 0.019952114924181964
0 0.9524301964839711 0.2773343974461293 0.05997931747673216 0.03112529928172386
0 0.9327817993795243 0.2905027932960894 0.09307135470527404 0.03671189146049481
0 0.46845915201654603 0.33080606544293695 0.047569803516028956 0.047086991221069435
0 0.5330920372285419 0.3284118116520351 0.04653567735263702 0.047086991221069435
0 0.5977249224405378 0.32881085395051873 0.05170630816959669 0.047885075818036714
0 0.4741468459152017 0.38347964884277735 0.05687693898655636 0.04868316041500399
0 0.5522233712512926 0.3854748603351955 0.0703205791106515 0.047885075818036714
0 0.9095139607032058 0.3611332801276935 0.04033092037228542 0.08220271348762968
0 0.7678386763185109 0.4038308060654429 0.23888314374353672 0.04309656823623304
0 0.7264736297828335 0.353950518754988 0.03205791106514995 0.05985634477254589
0 0.811789038262668 0.3487629688747007 0.15511892450879008 0.01596169193934557
0 0.6752843846949328 0.3427773343974461 0.047569803516028956 0.08699122106943336
0 0.7755946225439504 0.31683958499600956 0.2233712512926577 0.030327214684756583
0 0.81282316442606 0.3415802075019952 0.0703205791106515 0.07661612130885874
0 0.7998965873836608 0.3455706304868316 0.07549120992761117 0.07980845969672785
0 0.7833505687693899 0.345171588188348 0.07135470527404343 0.0853950518754988
0 0.7766287487073423 0.3583399840383081 0.057911065149948295 0.06863527533918595
0 0.43536711478800416 0.5347166799680766 0.0703205791106515 0.025538707102952914
0 0.468976215098242 0.4896249002394254 0.04033092037228542 0.10295291300877893
0 0.5341261633919339 0.46608140462889064 0.023784901758014478 0.01596169193934557
0 0.5336091003102379 0.48204309656823624 0.028955532574974147 0.012769353551476457
0 0.5873836608066184 0.4868316041500399 0.057911065149948295 0.0111731843575419
0 0.5573940020682523 0.4848363926576217 0.028955532574974147 0.06464485235434957
0 0.6608066184074457 0.48204309656823624 0.10961737331954498 0.012769353551476457
0 0.5816959669079628 0.4664804469273743 0.06928645294725956 0.034317637669592976
0 0.7797311271975181 0.4676775738228252 0.04963805584281282 0.03830806065442937
0 0.7600827300930714 0.4668794892258579 0.045501551189245086 0.0335195530726257
0 0.7409513960703206 0.47007182761372707 0.04446742502585315 0.03990422984836393
0 0.7156153050672182 0.471268954509178 0.03929679420889348 0.03112529928172386
0 0.7285418821096173 0.49082202713487627 0.038262668045501554 0.030327214684756583
0 0.781282316442606 0.49880287310454907 0.03619441571871768 0.03192338387869114
0 0.7647362978283351 0.4948124501197127 0.03412616339193381 0.02713487629688747
0 0.749741468459152 0.4940143655227454 0.02688728024819028 0.020750199521149242
0 0.9043433298862461 0.49241819632881084 0.03412616339193381 0.10534716679968077
0 0.8681489141675285 0.4796488427773344 0.027921406411582212 0.08459696727853153
0 0.2745604963805584 0.6237031125299282 0.04033092037228542 0.06464485235434957
0 0.25387797311271976 0.6340782122905028 0.08169596690796277 0.019952114924181964
0 0.08634953464322648 0.5949720670391061 0.025853154084798345 0.06304868316041501
0 0.10289555325749741 0.592976855546688 0.017580144777662874 0.041500399042298484
0 0.17890382626680454 0.5798084596967279 0.16132368148914167 0.01675977653631285
0 0.1737331954498449 0.5969672785315243 0.1592554291623578 0.012769353551476457
0 0.17890382626680454 0.6105347166799681 0.15511892450879008 0.014365522745411013
0 0.3619441571871768 0.6432561851556265 0.10961737331954498 0.07023144453312051
0 0.35677352637021714 0.5869912210694334 0.055842812823164424 0.05506783719074222
0 0.40175801447776627 0.6376695929768555 0.04446742502585315 0.09417398244213887
0 0.4886246122026887 0.6264964086193137 0.11271975180972078 0.07661612130885874
0 0.49431230610134436 0.5861931364724661 0.11995863495346432 0.04389465283320032
0 0.516546018614271 0.6073423782920989 0.04446742502585315 0.047885075818036714
0 0.546535677352637 0.5977653631284916 0.025853154084798345 0.014365522745411013
0 0.5423991726990692 0.6097366320830008 0.02998965873836608 0.014365522745411013
0 0.5398138572905895 0.6177174780526736 0.02688728024819028 0.014365522745411013
0 0.5372285418821097 0.6352753391859537 0.02998965873836608 0.020750199521149242
0 0.4405377456049638 0.620510774142059 0.03929679420889348 0.024740622505985636
0 0.4550155118924509 0.6304868316041501 0.04343329886246122 0.02713487629688747
0 0.5258531540847984 0.669193934557063 0.02998965873836608 0.018355945730247406
0 0.5103412616339194 0.6628092577813248 0.03412616339193381 0.019952114924181964
0 0.49431230610134436 0.6544293695131684 0.03929679420889348 0.0223463687150838
0 0.4788004136504654 0.6472466081404629 0.04136504653567735 0.0223463687150838
0 0.5651499482936918 0.6153232242617718 0.04653567735263702 0.12769353551476456
0 0.6820062047569804 0.5798084596967279 0.23474663908996898 0.040702314445331206
0 0.6613236814891417 0.6005586592178771 0.1892450879007239 0.024740622505985636
0 0.6468459152016546 0.6308858739026337 0.17269906928645296 0.034317637669592976
0 0.640124095139607 0.6512370311252993 0.19648397104446744 0.020750199521149242
0 0.8614270941054809 0.6408619313647247 0.02688728024819028 0.0670391061452514
0 0.8655635987590486 0.5833998403830806 0.020682523267838676 0.052673583399840386
0 0.8262668045501551 0.5993615323224262 0.020682523267838676 0.08140462889066241
0 0.9658738366080661 0.650438946528332 0.05997931747673216 0.06384676775738228
0 0.9694932781799379 0.5857940941739824 0.052740434332988625 0.06384676775738228
0 0.9193381592554292 0.6101356743814844 0.08066184074457083 0.05506783719074222
0 0.9162357807652534 0.6376695929768555 0.06204756980351603 0.05746209098164405
0 0.9529472595656671 0.6221069433359936 0.025853154084798345 0.04389465283320032
0 0.6168562564632886 0.7326416600159616 0.26370217166494314 0.02713487629688747
0 0.5822130299896587 0.746608140462889 0.05170630816959669 0.0742218675179569
0 0.6328852119958635 0.729050279329609 0.033092037228541885 0.09976057462090981
0 0.7569803516028956 0.7517956903431764 0.0703205791106515 0.04309656823623304
0 0.7843846949327818 0.7206703910614525 0.06308169596690796 0.06384676775738228
0 0.12461220268872802 0.7665602553870711 0.09617373319544985 0.06304868316041501
0 0.14270941054808686 0.8391859537110934 0.07445708376421924 0.026336791699920193
0 0.15511892450879008 0.8703112529928172 0.03929679420889348 0.040702314445331206
0 0.16132368148914167 0.8312051077414206 0.05997931747673216 0.024740622505985636
0 0.38676318510858326 0.87390263367917 0.0703205791106515 0.05426975259377494
0 0.3769389865563599 0.8419792498004789 0.03619441571871768 0.025538707102952914
0 0.3112719751809721 0.8451715881883479 0.0827300930713547 0.023942537909018357
0 0.3536711478800414 0.8547486033519553 0.031023784901758014 0.08300079808459697
0 0.4172699069286453 0.8455706304868316 0.03205791106514995 0.06783719074221868
0 0.45863495346432265 0.8316041500399042 0.03205791106514995 0.03990422984836393
0 0.4560496380558428 0.8647246608140463 0.033092037228541885 0.04389465283320032
0 0.45087900723888313 0.8886671987230647 0.06618407445708377 0.01675977653631285
0 0.5227507755946226 0.8810853950518756 0.08169596690796277 0.0223463687150838
0 0.5010341261633919 0.8387869114126097 0.02171664943123061 0.06544293695131684
0 0.5367114788004137 0.8104549082202713 0.0889348500517063 0.015163607342378291
0 0.5082730093071355 0.8483639265762171 0.02171664943123061 0.01596169193934557
0 0.5573940020682523 0.8507581803671189 0.09100310237849017 0.060654429369513166
0 0.546018614270941 0.849561053471668 0.0641158221302999 0.040702314445331206
0 0.5491209927611168 0.8455706304868316 0.01861427094105481 0.06464485235434957
0 0.5925542916235781 0.843974461292897 0.04963805584281282 0.08220271348762968
0 0.6344364012409514 0.8332003192338387 0.0672182006204757 0.012769353551476457
0 0.6308169596690796 0.8519553072625698 0.06825232678386763 0.013567438148443736
0 0.6918304033092038 0.8192338387869114 0.033092037228541885 0.026336791699920193
0 0.6918304033092038 0.8475658419792498 0.028955532574974147 0.035115722266560255
0 0.7244053774560496 0.8383878691141261 0.02998965873836608 0.027932960893854747
0 0.671664943123061 0.835195530726257 0.015511892450879007 0.0742218675179569
0 0.7156153050672182 0.8140462889066241 0.0889348500517063 0.0446927374301676
0 0.7197518097207859 0.8587390263367917 0.11375387797311272 0.06863527533918595
0 0.8143743536711479 0.8699122106943336 0.08583247156153051 0.020750199521149242
0 0.8019648397104446 0.8312051077414206 0.03619441571871768 0.05027932960893855
0 0.795243019648397 0.7972865123703112 0.0703205791106515 0.025538707102952914
0 0.8360910031023785 0.8328012769353551 0.03205791106514995 0.09497206703910614
0 0.921923474663909 0.7940941739824421 0.04239917269906929 0.05426975259377494
0 0.8950361944157187 0.816440542697526 0.02171664943123061 0.055865921787709494
0 0.9002068252326784 0.8224261771747805 0.05687693898655636 0.015163607342378291
0 0.8986556359875905 0.8080606544293695 0.047569803516028956 0.010375099760574621
0 0.8986556359875905 0.7984836392657622 0.03516028955532575 0.010375099760574621
0 0.9043433298862461 0.8447725458898643 0.06928645294725956 0.05666400638467677
0 0.8779731127197518 0.8064644852354349 0.057911065149948295 0.040702314445331206
0 0.8686659772492245 0.8288108539505188 0.03722854188210962 0.05187549880287311
0 0.4860392967942089 0.9736632083000798 0.04136504653567735 0.04309656823623304
0 0.40227507755946224 0.9688747007182761 0.11582213029989659 0.017557861133280128
0 0.4136504653567735 0.9485235434956105 0.12409513960703206 0.04549082202713488
0 0.7574974146845915 0.9289704708699122 0.03412616339193381 0.06384676775738228
0 0.640124095139607 0.9784517158818835 0.0889348500517063 0.04309656823623304
0 0.5956566701137539 0.960095770151636 0.07445708376421924 0.03830806065442937
0 0.5548086866597725 0.9728651237031125 0.09617373319544985 0.047885075818036714
0 0.6318510858324715 0.9074221867517956 0.2295760082730093 0.025538707102952914
0 0.5563598759048604 0.9273743016759777 0.0641158221302999 0.05426975259377494
0 0.5966907962771458 0.9217877094972067 0.04136504653567735 0.05107741420590583
0 0.6597724922440538 0.9325618515562649 0.15718717683557393 0.019952114924181964
0 0.6494312306101344 0.9385474860335196 0.04963805584281282 0.04948124501197127
0 0.6758014477766288 0.936951316839585 0.04239917269906929 0.041500399042298484
0 0.6902792140641159 0.9361532322426177 0.038262668045501554 0.03830806065442937
0 0.8040330920372285 0.926975259377494 0.03412616339193381 0.05027932960893855
0 0.8340227507755946 0.9297685554668795 0.038262668045501554 0.035115722266560255
0 0.8407445708376422 0.9050279329608939 0.022750775594622543 0.020750199521149242
