0 0.06512820512820512 0.30848214285714287 0.11384615384615385 0.11517857142857142
0 0.04512820512820513 0.48348214285714286 0.10256410256410256 0.11160714285714286
0 0.28615384615384615 0.30357142857142855 0.29128205128205126 0.14285714285714285
0 0.7528205128205128 0.46517857142857144 0.3282051282051282 0.1625
0 0.7405128205128205 0.6223214285714286 0.3507692307692308 0.14821428571428572
0 0.778974358974359 0.2875 0.3251282051282051 0.14821428571428572
0 0.6343589743589744 0.13035714285714287 0.3292307692307692 0.1375
0 0.6743589743589744 0.8915178571428571 0.2635897435897436 0.11517857142857142
0 0.06769230769230769 0.6169642857142857 0.09025641025641026 0.08571428571428572
0 0.47846153846153844 0.7870535714285715 0.3271794871794872 0.12410714285714286
