0 0.14203821656050955 0.5376454483230664 0.22038216560509555 0.11430527036276524
0 0.1573248407643312 0.06810403832991102 0.22802547770700637 0.09240246406570841
0 0.4375796178343949 0.048254620123203286 0.332484076433121 0.09377138945927448
0 0.13503184713375796 0.22176591375770022 0.22165605095541402 0.1464750171115674
0 0.2808917197452229 0.9315537303216974 0.378343949044586 0.12594113620807665
0 0.37261146496815284 0.18240930869267624 0.24585987261146497 0.08555783709787816
0 0.5121019108280255 0.5376454483230664 0.3923566878980892 0.12388774811772758
0 0.6114649681528662 0.9264202600958248 0.24968152866242038 0.07460643394934977
0 0.13503184713375796 0.8145106091718002 0.09936305732484077 0.06023271731690623
0 0.6038216560509554 0.1806981519507187 0.23439490445859873 0.09308692676249145
0 0.8318471337579618 0.18480492813141683 0.23694267515923567 0.14236824093086928
0 0.23821656050955414 0.38227241615331964 0.28280254777070063 0.1567419575633128
0 0.4980891719745223 0.38193018480492813 0.24968152866242038 0.16290212183436004
0 0.7496815286624203 0.3730321697467488 0.24076433121019108 0.12594113620807665
