0 0.49335232668566004 0.43910925539318024 0.9620132953466287 0.13778705636743216
0 0.5075973409306742 0.04558107167710508 0.9677113010446344 0.08002783576896312
0 0.50332383665717 0.1127348643006263 0.976258309591643 0.061238691718858734
0 0.49952516619183285 0.31837160751565763 0.9591642924976258 0.0953375086986778
0 0.45251661918328584 0.7755741127348643 0.855650522317189 0.16214335421016005
0 0.5018993352326686 0.6548364648573417 0.9791073124406457 0.16562282533054976
0 0.49240265906932573 0.5556715379262352 0.9791073124406457 0.16075156576200417
0 0.4700854700854701 0.8977035490605428 0.717948717948718 0.15170494084899094
0 0.5009496676163343 0.1722338204592902 0.9810066476733144 0.08281141266527488
0 0.5042735042735043 0.2428670842032011 0.9743589743589743 0.10995128740431455
