0 0.13119709794437726 0.6515323496027242 0.18984280532043532 0.1793416572077185
0 0.7478839177750907 0.6174801362088536 0.3784764207980653 0.17707150964812712
0 0.6571946795646917 0.13393870601589103 0.1608222490931076 0.1611804767309875
0 0.8603385731559855 0.12088535754824063 0.19226118500604594 0.16685584562996594
0 0.533857315598549 0.13393870601589103 0.09552599758162031 0.1611804767309875
0 0.17049576783555018 0.11066969353007945 0.26360338573155984 0.1782065834279228
0 0.1396614268440145 0.2917139614074915 0.2430471584038694 0.1611804767309875
0 0.5308343409915357 0.3024971623155505 0.282950423216445 0.15550510783200908
0 0.8083434099153567 0.29682179341657206 0.26481257557436516 0.15777525539160045
0 0.6124546553808948 0.452894438138479 0.21160822249093109 0.14755959137343927
0 0.8446191051995163 0.45232690124858116 0.23579201934703747 0.14642451759364358
0 0.3984280532043531 0.12599318955732122 0.1825876662636034 0.18388195232690124
0 0.32466747279322855 0.2945516458569807 0.18016928657799275 0.18274687854710556
0 0.2279322853688029 0.8325766174801362 0.4316807738814994 0.1963677639046538
0 0.6033857315598549 0.7985244040862656 0.30713422007255137 0.1872871736662883
0 0.8748488512696493 0.7616345062429057 0.218863361547763 0.2133938706015891
