0 0.09494702526487367 0.05810870525850641 0.09046454767726161 0.06495802032699956
0 0.22575387123064386 0.05302695536897923 0.14180929095354522 0.07512152010605391
0 0.4160554197229014 0.05015466195315952 0.1915240423797881 0.06672558550596554
0 0.11083944580277098 0.16924436588599204 0.15484922575387122 0.06009721608484313
0 0.1780766096169519 0.2702165267344233 0.1458842705786471 0.05788775961113566
0 0.0810920945395273 0.22249226690234203 0.07416462917685411 0.04904993371630579
0 0.06968215158924206 0.2715422006186478 0.06275468622656886 0.052585064074237735
0 0.0810920945395273 0.32832523199292973 0.08883455582722087 0.05656208572691118
0 0.08272208638956806 0.38024745912505525 0.07742461287693561 0.052585064074237735
0 0.07171964140179299 0.4297392841361025 0.07334963325183375 0.05788775961113566
0 0.0745721271393643 0.4896155545735749 0.06764466177669112 0.05391073795846222
0 0.08027709861450692 0.5472823685373398 0.07905460472697637 0.05612019443216969
0 0.11572942135289324 0.5927971718957137 0.15810920945395274 0.05877154220061865
0 0.33292583537082315 0.6436146707909854 0.18011409942950285 0.0552364118426867
0 0.3284433577832111 0.6950950066283694 0.189079054604727 0.047724259832081305
0 0.5044824775876121 0.6422889969067609 0.14343928280358598 0.04993371630578878
0 0.556642216788916 0.6931064958020327 0.17440912795436023 0.04993371630578878
0 0.389160554197229 0.5901458241272647 0.19641401792991034 0.05788775961113566
0 0.6552567237163814 0.5802032699955811 0.17277913610431947 0.06981882456915599
0 0.8492257538712307 0.5729120636323465 0.15647921760391198 0.05877154220061865
0 0.5407497962510187 0.5289438798055678 0.16544417277913612 0.048608042421564294
0 0.8712306438467807 0.5128148475475033 0.18581907090464547 0.06495802032699956
0 0.8806030969845151 0.6305788775961113 0.13773431132844335 0.06098099867432612
0 0.6882640586797066 0.6376491383119752 0.2241238793806031 0.05656208572691118
0 0.32314588427057866 0.4239946973044631 0.07579462102689487 0.05700397702165267
0 0.4352078239608802 0.4222271321254971 0.07986960065199673 0.05877154220061865
0 0.6193969030154849 0.42001767565178966 0.16788916055419723 0.05700397702165267
0 0.8235533822330888 0.4116217410517013 0.14099429502852487 0.05965532479010163
0 0.5301548492257538 0.3658859920459567 0.17685411572942136 0.05567830313742819
0 0.8512632436837816 0.35439681838267784 0.1784841075794621 0.0547945205479452
0 0.3154034229828851 0.3687582854617764 0.25590872045639773 0.05788775961113566
0 0.3422982885085575 0.31330092797171893 0.31295843520782396 0.05302695536897923
0 0.5509372453137734 0.31087052585064073 0.11246943765281174 0.04993371630578878
0 0.8492257538712307 0.30380026513477687 0.14506927465362673 0.04993371630578878
0 0.40749796251018744 0.2640300486080424 0.18581907090464547 0.05612019443216969
0 0.8382233088834555 0.25806451612903225 0.1752241238793806 0.06009721608484313
0 0.8427057864710676 0.2026071586389748 0.1466992665036675 0.05081749889527176
0 0.6055419722901385 0.21122403888643393 0.18418907905460472 0.05567830313742819
0 0.389160554197229 0.21409633230225364 0.2110839445802771 0.05612019443216969
0 0.19682151589242053 0.2167476800707026 0.15403422982885084 0.04904993371630579
0 0.8475957620211899 0.15178965974370304 0.189079054604727 0.05700397702165267
0 0.5493072534637327 0.16018559434379143 0.15647921760391198 0.05965532479010163
0 0.30277098614506925 0.16084843128590368 0.1752241238793806 0.06098099867432612
0 0.09209453952730236 0.11732213875386655 0.08149959250203749 0.04993371630578878
0 0.24572127139364303 0.10826336721166593 0.1491442542787286 0.04595669465311533
0 0.6365118174409128 0.103844454264251 0.17277913610431947 0.05125939019001326
0 0.8219233903830481 0.09942554131683606 0.2078239608801956 0.05391073795846222
0 0.4323553382233089 0.10980998674326116 0.23227383863080683 0.04904993371630579
0 0.6100244498777506 0.04794520547945205 0.20293398533007334 0.06937693327441449
0 0.7734311328443357 0.03954927087936368 0.12387938060309699 0.062306672558550595
0 0.07538712306438468 0.8340698188245692 0.09698451507742462 0.06584180291648255
0 0.07905460472697637 0.8957136544410075 0.09942950285248574 0.057445868316394165
0 0.06682966585167074 0.9471939902783915 0.08801955990220049 0.052585064074237735
0 0.22575387123064386 0.8908528501988511 0.10105949470252648 0.0547945205479452
0 0.39119804400978 0.8897481219619974 0.18581907090464547 0.062306672558550595
0 0.5900570497147515 0.8866548828988069 0.15973920130399347 0.06584180291648255
0 0.7249388753056235 0.8844454264250994 0.1100244498777506 0.06584180291648255
0 0.25998370008149957 0.831639416703491 0.21026894865525672 0.06805125939019001
0 0.4453952730236349 0.8327441449403447 0.1295843520782396 0.07026071586389748
0 0.5847595762021189 0.8274414494034468 0.1393643031784841 0.0552364118426867
0 0.882640586797066 0.8303137428192665 0.17440912795436023 0.06098099867432612
0 0.2436837815810921 0.75740167918692 0.16788916055419723 0.08042421564295184
0 0.4311328443357783 0.7536456031816173 0.19396903015484923 0.06319045514803358
0 0.5847595762021189 0.7505523641184269 0.13447432762836187 0.06937693327441449
0 0.7147514262428688 0.7501104728236854 0.13854930725346373 0.07291206363234644
0 0.8508557457212714 0.7412726469288555 0.15484922575387122 0.062306672558550595
0 0.9531377343113284 0.7406098099867433 0.07253463732681337 0.06363234644277507
0 0.10757946210268948 0.7003977021652673 0.13528932355338225 0.05037560760053027
0 0.11083944580277098 0.6491383119752541 0.17277913610431947 0.057445868316394165
0 0.7799511002444988 0.9418912947414936 0.25101874490627546 0.06584180291648255
0 0.5203748981255094 0.9452054794520548 0.14751426242868787 0.06098099867432612
0 0.3561532192339038 0.945868316394167 0.18092909535452323 0.052585064074237735
0 0.18581907090464547 0.9410075121520106 0.14995925020374898 0.05965532479010163
0 0.17603911980440098 0.4867432611577552 0.13039934800325997 0.06319045514803358
0 0.19682151589242053 0.4264250994255413 0.15892420537897312 0.057445868316394165
0 0.3606356968215159 0.4849756959787892 0.2371638141809291 0.06495802032699956
0 0.8590057049714751 0.6862571807335396 0.18744906275468623 0.057445868316394165
0 0.10024449877750612 0.7587273530711445 0.1336593317033415 0.07247017233760494
0 0.8569682151589242 0.8853292090145825 0.15729421352893236 0.05081749889527176
