0 0.14514145141451415 0.10056818181818182 0.23370233702337023 0.11022727272727273
0 0.0953259532595326 0.39829545454545456 0.12177121771217712 0.1375
0 0.08179581795817958 0.7568181818181818 0.11193111931119311 0.15681818181818183
0 0.7589175891758918 0.36363636363636365 0.16728167281672818 0.20227272727272727
0 0.6888068880688807 0.8965909090909091 0.15498154981549817 0.12272727272727273
0 0.2829028290282903 0.3784090909090909 0.24354243542435425 0.15681818181818183
0 0.5424354243542435 0.18977272727272726 0.18696186961869618 0.16363636363636364
0 0.5338253382533825 0.38579545454545455 0.26322263222632225 0.2034090909090909
0 0.6635916359163592 0.7375 0.0897908979089791 0.14545454545454545
0 0.8130381303813038 0.7335227272727273 0.14514145141451415 0.17613636363636365
0 0.23247232472324722 0.7431818181818182 0.22386223862238622 0.15681818181818183
0 0.4833948339483395 0.727840909090909 0.27060270602706027 0.19204545454545455
0 0.35977859778597787 0.07443181818181818 0.1980319803198032 0.11477272727272728
0 0.915129151291513 0.3215909090909091 0.15498154981549817 0.1409090909090909
0 0.48523985239852396 0.8994318181818182 0.25953259532595324 0.14431818181818182
0 0.23431734317343172 0.9 0.24231242312423124 0.17727272727272728
0 0.8130381303813038 0.19261363636363638 0.2730627306273063 0.14431818181818182
0 0.6420664206642066 0.5443181818181818 0.3370233702337023 0.16818181818181818
0 0.6654366543665436 0.06477272727272727 0.22878228782287824 0.12727272727272726
0 0.8708487084870848 0.07954545454545454 0.13530135301353013 0.12954545454545455
0 0.1863468634686347 0.5443181818181818 0.2054120541205412 0.18636363636363637
0 0.38191881918819187 0.5409090909090909 0.1980319803198032 0.16818181818181818
0 0.9028290282902829 0.5170454545454546 0.2017220172201722 0.17954545454545454
0 0.949569495694957 0.7079545454545455 0.07872078720787208 0.16818181818181818
0 0.8610086100861009 0.8789772727272728 0.2091020910209102 0.1625
