0 0.2251828631138976 0.22767419038272815 0.18495297805642633 0.15701668302257116
0 0.4665621734587252 0.22620215897939155 0.20167189132706373 0.16388616290480865
0 0.6410658307210031 0.22276741903827282 0.14315569487983282 0.16683022571148184
0 0.7857889237199582 0.23601570166830227 0.13584117032392895 0.13444553483807656
0 0.6024033437826541 0.0745829244357213 0.1619644723092999 0.1197252208047105
0 0.790491118077325 0.09519136408243375 0.1452455590386625 0.1393523061825319
0 0.400208986415883 0.0760549558390579 0.1839080459770115 0.1324828263002944
0 0.2058516196447231 0.08488714425907752 0.12539184952978055 0.1364082433758587
0 0.2142110762800418 0.7105004906771345 0.17763845350052246 0.16683022571148184
0 0.44932079414838033 0.7080471050049068 0.28422152560083597 0.1717369970559372
0 0.6859979101358412 0.6997055937193327 0.18495297805642633 0.14131501472031405
0 0.23981191222570533 0.8606476938174681 0.22884012539184953 0.1295387634936212
0 0.48746081504702193 0.8631010794896958 0.2330198537095089 0.13837095191364082
0 0.8787878787878788 0.6913640824337586 0.19644723092998956 0.1364082433758587
0 0.713166144200627 0.8017664376840039 0.2225705329153605 0.09813542688910697
0 0.7262277951933125 0.9121687929342492 0.1922675026123302 0.11874386653581943
0 0.9409613375130617 0.11432777232580962 0.12016718913270637 0.12266928361138371
0 0.9273772204806687 0.2409224730127576 0.14315569487983282 0.12070657507360157
0 0.27638453500522464 0.9573110893032385 0.32497387669801464 0.08145240431795878
0 0.5318704284221526 0.9627085377821394 0.15256008359456635 0.07065750736015702
0 0.7058516196447231 0.9769381746810598 0.16405433646812956 0.04416094210009813
