0 0.3701578192252511 0.5798934753661784 0.23242467718794835 0.17709720372836218
0 0.1284074605451937 0.784953395472703 0.22525107604017217 0.16378162450066577
0 0.07101865136298421 0.59254327563249 0.13629842180774748 0.17310252996005326
0 0.09612625538020086 0.20572569906790947 0.16642754662840745 0.16378162450066577
0 0.28407460545193686 0.1970705725699068 0.1750358680057389 0.151797603195739
0 0.6664275466284074 0.19640479360852198 0.4490674318507891 0.1584553928095872
0 0.37733142037302725 0.05059920106524634 0.2898134863701578 0.10119840213049268
0 0.36872309899569583 0.7683089214380826 0.2898134863701578 0.2103861517976032
0 0.19368723098995697 0.5838881491344874 0.11764705882352941 0.1584553928095872
0 0.08680057388809183 0.3848202396804261 0.1678622668579627 0.15712383488681758
0 0.31563845050215206 0.3774966711051931 0.3012912482065997 0.16378162450066577
0 0.5609756097560976 0.3595206391478029 0.1951219512195122 0.17310252996005326
0 0.8192252510760402 0.36750998668442075 0.3328550932568149 0.15978695073235685
0 0.12410329985652797 0.06857523302263649 0.21951219512195122 0.12117177097203728
0 0.6370157819225251 0.06391478029294274 0.2381635581061693 0.11451398135818908
0 0.8493543758967002 0.07190412782956059 0.18651362984218078 0.09587217043941411
0 0.6642754662840746 0.7103861517976032 0.321377331420373 0.13981358189081225
0 0.890961262553802 0.7063914780292943 0.12625538020086083 0.13715046604527298
0 0.6513629842180775 0.8588548601864181 0.16355810616929697 0.15446071904127828
0 0.8163558106169297 0.859520639147803 0.16929698708751795 0.16910785619174434
