0 0.1467153284671533 0.09140271493212669 0.19416058394160585 0.09230769230769231
0 0.1335766423357664 0.17782805429864254 0.15328467153284672 0.08054298642533937
0 0.10437956204379562 0.24660633484162897 0.08613138686131387 0.05520361990950226
0 0.11751824817518249 0.3226244343891403 0.10072992700729927 0.0660633484162896
0 0.1386861313868613 0.4072398190045249 0.13722627737226278 0.06877828054298643
0 0.3795620437956204 0.07375565610859729 0.22189781021897811 0.07692307692307693
0 0.3605839416058394 0.17104072398190046 0.21021897810218979 0.09954751131221719
0 0.15036496350364964 0.5760180995475113 0.16642335766423358 0.058823529411764705
0 0.13284671532846715 0.6493212669683258 0.14890510948905109 0.05520361990950226
0 0.09781021897810219 0.7289592760180995 0.0905109489051095 0.058823529411764705
0 0.12846715328467154 0.8760180995475113 0.14890510948905109 0.056108597285067875
0 0.34890510948905107 0.5615384615384615 0.19562043795620437 0.08235294117647059
0 0.34087591240875914 0.6429864253393666 0.2 0.07692307692307693
0 0.2941605839416058 0.8683257918552036 0.16496350364963502 0.06425339366515836
0 0.6547445255474452 0.8538461538461538 0.17956204379562044 0.08597285067873303
0 0.4372262773722628 0.8638009049773756 0.13284671532846715 0.08778280542986425
0 0.25985401459854013 0.3950226244343891 0.11386861313868613 0.09683257918552036
0 0.481021897810219 0.38823529411764707 0.2613138686131387 0.09954751131221719
0 0.7262773722627737 0.3769230769230769 0.1678832116788321 0.08778280542986425
0 0.8963503649635036 0.36561085972850677 0.12262773722627737 0.0832579185520362
0 0.5445255474452555 0.13981900452488688 0.12262773722627737 0.09683257918552036
0 0.8364963503649635 0.1262443438914027 0.2656934306569343 0.1076923076923077
0 0.1467153284671533 0.49638009049773757 0.16204379562043797 0.10950226244343891
0 0.5941605839416059 0.055656108597285064 0.21605839416058395 0.07330316742081448
0 0.8255474452554744 0.04343891402714932 0.24671532846715327 0.0579185520361991
0 0.5394160583941606 0.639366515837104 0.13576642335766423 0.08597285067873303
0 0.3627737226277372 0.48733031674208144 0.272992700729927 0.09683257918552036
0 0.7532846715328467 0.5524886877828055 0.2364963503649635 0.09140271493212669
0 0.7072992700729926 0.7090497737556561 0.2116788321167883 0.09140271493212669
0 0.33065693430656934 0.7343891402714933 0.27007299270072993 0.09321266968325792
0 0.32992700729927005 0.31085972850678734 0.23941605839416058 0.08416289592760182
0 0.381021897810219 0.23846153846153847 0.291970802919708 0.08054298642533937
0 0.7226277372262774 0.22941176470588234 0.17518248175182483 0.09502262443438914
0 0.583941605839416 0.23076923076923078 0.10802919708029197 0.09954751131221719
0 0.8861313868613139 0.851131221719457 0.10510948905109489 0.08597285067873303
0 0.1335766423357664 0.9452488687782805 0.1416058394160584 0.07149321266968325
0 0.2751824817518248 0.9411764705882353 0.13576642335766423 0.07239819004524888
0 0.4854014598540146 0.9402714932126697 0.2671532846715328 0.07420814479638009
0 0.872992700729927 0.7769230769230769 0.18686131386861313 0.08597285067873303
0 0.9007299270072993 0.29773755656108597 0.181021897810219 0.0760180995475113
0 0.6299270072992701 0.3067873303167421 0.36642335766423356 0.07058823529411765
0 0.6781021897810219 0.4669683257918552 0.37518248175182484 0.12126696832579185
0 0.8094890510948906 0.6149321266968326 0.28175182481751826 0.10407239819004525
0 0.5299270072992701 0.7167420814479638 0.12846715328467154 0.0832579185520362
0 0.8802919708029197 0.6932126696832579 0.12554744525547445 0.08687782805429864
0 0.10802919708029197 0.797737556561086 0.10802919708029197 0.08778280542986425
0 0.29854014598540146 0.8049773755656109 0.24671532846715327 0.0660633484162896
0 0.5956204379562043 0.7900452488687782 0.3678832116788321 0.06877828054298643
0 0.7094890510948905 0.932579185520362 0.20437956204379562 0.08416289592760182
0 0.5467153284671533 0.4583710407239819 0.10364963503649635 0.04796380090497738
0 0.8846715328467153 0.9158371040723982 0.16642335766423358 0.09049773755656108
0 0.9124087591240876 0.45475113122171945 0.11386861313868613 0.11312217194570136
