0 0.18246187363834424 0.1659815005138746 0.16230936819172112 0.20246659815005139
0 0.4749455337690632 0.12795477903391572 0.3420479302832244 0.1778006166495375
0 0.5010893246187363 0.32425488180883866 0.13507625272331156 0.15313463514902365
0 0.12908496732026145 0.7780061664953751 0.16666666666666666 0.16032887975334018
0 0.3431372549019608 0.7908530318602262 0.18082788671023964 0.18602261048304214
0 0.6666666666666666 0.7867420349434738 0.37037037037037035 0.15313463514902365
0 0.24237472766884532 0.6176772867420349 0.40413943355119825 0.15416238437821173
0 0.5305010893246187 0.6330935251798561 0.16122004357298475 0.16032887975334018
0 0.3752723311546841 0.4748201438848921 0.3431372549019608 0.12949640287769784
0 0.119281045751634 0.4886947584789311 0.1644880174291939 0.1551901336073998
0 0.1568627450980392 0.3381294964028777 0.23965141612200436 0.15416238437821173
0 0.6693899782135077 0.47584789311408016 0.2668845315904139 0.16032887975334018
0 0.7233115468409586 0.11921891058581706 0.17429193899782136 0.18088386433710174
0 0.3562091503267974 0.33042137718396714 0.15468409586056645 0.17163412127440905
0 0.6933551198257081 0.6372045220966084 0.1644880174291939 0.17266187050359713
0 0.8660130718954249 0.6382322713257965 0.19172113289760348 0.1747173689619733
0 0.8823529411764706 0.47533401849948614 0.1655773420479303 0.1551901336073998
0 0.8818082788671024 0.12332990750256938 0.14270152505446623 0.1932168550873587
0 0.7069716775599129 0.29239465570400824 0.2679738562091503 0.16546762589928057
0 0.8779956427015251 0.2949640287769784 0.06971677559912855 0.1397738951695786
0 0.3082788671023965 0.9244604316546763 0.27233115468409586 0.10585817060637205
0 0.08877995642701525 0.895169578622816 0.15359477124183007 0.12538540596094552
0 0.5642701525054467 0.9188078108941419 0.28322440087145967 0.10688591983556012
0 0.8360566448801743 0.9100719424460432 0.2668845315904139 0.12024665981500514
0 0.9569716775599129 0.3001027749229188 0.07080610021786492 0.1500513874614594
