0 0.1643598615916955 0.5015353121801432 0.2433679354094579 0.13101330603889458
0 0.17301038062283736 0.6432958034800409 0.23298731257208766 0.12589559877175024
0 0.17589388696655134 0.7727737973387923 0.2433679354094579 0.12282497441146366
0 0.17647058823529413 0.10644831115660185 0.14763552479815456 0.12077789150460594
0 0.4008073817762399 0.1023541453428864 0.22722029988465975 0.10849539406345957
0 0.7041522491349481 0.0992835209825998 0.31718569780853517 0.10030706243602866
0 0.4596309111880046 0.4749232343909928 0.29411764705882354 0.12077789150460594
0 0.3690888119953864 0.6038894575230297 0.1522491349480969 0.12896622313203684
0 0.5818915801614764 0.6284544524053224 0.20876585928489041 0.15148413510747186
0 0.68800461361015 0.4795291709314227 0.16262975778546712 0.13613101330603888
0 0.14878892733564014 0.887410440122825 0.17993079584775087 0.1105424769703173
0 0.42675893886966554 0.7722620266120778 0.2306805074971165 0.14841351074718526
0 0.7785467128027682 0.7778915046059366 0.28143021914648214 0.14329580348004095
0 0.8685121107266436 0.20726714431934493 0.1314878892733564 0.11156601842374617
0 0.8321799307958477 0.6100307062436029 0.25259515570934254 0.1555783009211873
0 0.8310265282583622 0.4692937563971341 0.11880046136101499 0.10133060388945753
0 0.33217993079584773 0.8787103377686797 0.19377162629757785 0.11361310133060389
0 0.2848904267589389 0.21750255885363357 0.4290657439446367 0.1218014329580348
0 0.5420991926182238 0.8741044012282497 0.19838523644752018 0.1187308085977482
0 0.878316032295271 0.353121801432958 0.25259515570934254 0.13101330603889458
0 0.9584775086505191 0.214431934493347 0.05997693194925029 0.10542476970317298
0 0.660322952710496 0.21340839303991813 0.28719723183391005 0.13817809621289662
0 0.9469434832756632 0.4713408393039918 0.08304498269896193 0.10133060388945753
0 0.7560553633217993 0.8986693961105425 0.24106113033448673 0.09416581371545547
0 0.7998846597462514 0.9677584442169908 0.30103806228373703 0.06038894575230297
