0 0.08727187646233037 0.38284518828451886 0.15301824988301357 0.12253436939629408
0 0.08212447356106692 0.509563658099223 0.1520823584464202 0.12851165570830841
0 0.08493214787084698 0.6303048416019127 0.16612072999532054 0.12851165570830841
0 0.09686476368741226 0.26569037656903766 0.15722976134768366 0.13209802749551702
0 0.09850257370145063 0.13956963538553496 0.12774918109499298 0.12851165570830841
0 0.07884885353299018 0.757919904363419 0.15582592419279365 0.13269575612671847
0 0.07978474496958353 0.8903167961745367 0.14553111839026672 0.14285714285714285
0 0.27702386523163314 0.26060968320382544 0.14599906410856342 0.1159593544530783
0 0.257604117922321 0.3747758517632995 0.1520823584464202 0.10998206814106395
0 0.21899859616284512 0.49910340705319783 0.11979410388394947 0.1315002988643156
