0 0.09645909645909646 0.5492196878751501 0.14407814407814407 0.1788715486194478
0 0.28815628815628813 0.5546218487394958 0.24664224664224665 0.18007202881152462
0 0.5061050061050061 0.5516206482593037 0.17216117216117216 0.19327731092436976
0 0.7777777777777778 0.5288115246098439 0.32967032967032966 0.17647058823529413
0 0.17643467643467645 0.7214885954381752 0.2625152625152625 0.14645858343337334
0 0.36385836385836384 0.7160864345738295 0.14163614163614163 0.16206482593037214
0 0.5598290598290598 0.7118847539015606 0.21855921855921856 0.17767106842737096
0 0.4188034188034188 0.8997599039615847 0.1855921855921856 0.17406962785114047
0 0.7167277167277167 0.8667466986794717 0.36385836385836384 0.21368547418967587
0 0.7393162393162394 0.7040816326530612 0.17704517704517705 0.15726290516206481
0 0.8876678876678876 0.6908763505402161 0.14163614163614163 0.16926770708283315
