0 0.6884498480243161 0.06548536209553159 0.20364741641337386 0.07858243451463791
0 0.13728470111448834 0.18220338983050846 0.1773049645390071 0.08859784283513097
0 0.2983789260385005 0.1721879815100154 0.12462006079027356 0.08705701078582434
0 0.7933130699088146 0.24691833590138676 0.182370820668693 0.07473035439137134
0 0.47011144883485306 0.15408320493066255 0.1945288753799392 0.07395993836671803
0 0.1702127659574468 0.07819722650231124 0.1580547112462006 0.07010785824345146
0 0.3363728470111449 0.07318952234206472 0.1580547112462006 0.08628659476117104
0 0.6180344478216818 0.16024653312788906 0.09523809523809523 0.09090909090909091
0 0.8135764944275583 0.15138674884437597 0.3080040526849038 0.09322033898305085
0 0.9407294832826748 0.2384437596302003 0.11448834853090173 0.07318952234206472
0 0.9108409321175278 0.33089368258859786 0.11144883485309018 0.08243451463790447
0 0.6119554204660588 0.2457627118644068 0.17831813576494426 0.06779661016949153
