0 0.1758147512864494 0.09279430247172182 0.10634648370497427 0.04901550062840385
0 0.225557461406518 0.19731881022203604 0.10120068610634649 0.0427314620863008
0 0.07032590051457976 0.5724759111855886 0.07547169811320754 0.05488060326770004
0 0.06518010291595197 0.6208630079597821 0.06518010291595197 0.03937997486384583
0 0.8057461406518011 0.1860075408462505 0.28387650085763294 0.04775869291998324
0 0.5900514579759862 0.3521156263091747 0.1183533447684391 0.0540427314620863
0 0.6993996569468267 0.34960201089233345 0.10205831903945112 0.0540427314620863
0 0.5077186963979416 0.5992878089652284 0.19725557461406518 0.04566401340594889
0 0.0823327615780446 0.7142857142857143 0.08919382504288165 0.05362379555927943
0 0.258147512864494 0.7082111436950147 0.09090909090909091 0.047339757017176375
0 0.2521440823327616 0.758902387934646 0.11149228130360206 0.047339757017176375
0 0.11149228130360206 0.7609970674486803 0.1680960548885077 0.04566401340594889
0 0.8186106346483705 0.7358609132802681 0.30617495711835335 0.05488060326770004
0 0.8284734133790738 0.6906158357771262 0.2332761578044597 0.04566401340594889
0 0.6295025728987993 0.6964809384164223 0.11663807890222985 0.048177628822790114
0 0.26972555746140653 0.09049015500628405 0.10034305317324185 0.055299539170506916
0 0.3687821612349914 0.08755760368663594 0.09948542024013722 0.05194805194805195
0 0.46054888507718694 0.08734813573523251 0.09090909090909091 0.05488060326770004
0 0.5248713550600344 0.08190196899874319 0.03773584905660377 0.04482614160033515
0 0.5909090909090909 0.07980728948470885 0.09433962264150944 0.043150397989107664
0 0.6736706689536878 0.07813154587348135 0.09005145797598628 0.0397989107666527
0 0.7928816466552315 0.07938835358190197 0.16037735849056603 0.03812316715542522
0 0.0741852487135506 0.09761206535400084 0.10034305317324185 0.050272308336824466
0 0.11320754716981132 0.15165479681608715 0.18181818181818182 0.05446166736489317
0 0.2868782161234991 0.14558022622538752 0.19125214408233276 0.05488060326770004
0 0.43524871355060035 0.13866778382907416 0.10548885077186965 0.04859656472559699
0 0.5330188679245284 0.13678257226644325 0.09348198970840481 0.04482614160033515
0 0.619639794168096 0.13343108504398826 0.08662092624356775 0.04901550062840385
0 0.7096912521440824 0.13699204021784667 0.09691252144082332 0.04608294930875576
0 0.8108919382504288 0.1384583158776707 0.11063464837049743 0.04901550062840385
0 0.8906518010291595 0.13887725178047758 0.06775300171526587 0.04985337243401759
0 0.1312178387650086 0.45915374947633014 0.19897084048027444 0.05362379555927943
0 0.45411663807890223 0.4537075827398408 0.16552315608919382 0.05194805194805195
0 0.7135506003430532 0.44930875576036866 0.2915951972555746 0.05236698785085882
0 0.06646655231560893 0.5094260578131546 0.07461406518010291 0.04608294930875576
0 0.13679245283018868 0.5090071219103477 0.057461406518010294 0.044407205697528276
0 0.2307032590051458 0.5104733975701717 0.10291595197255575 0.05236698785085882
0 0.3357632933104631 0.5071219103477168 0.09862778730703259 0.05320485965647256
0 0.43739279588336194 0.5052366987850859 0.1097770154373928 0.05278592375366569
0 0.5415951972555746 0.5041893590280687 0.10205831903945112 0.0540427314620863
0 0.6389365351629502 0.5006284038542103 0.09948542024013722 0.055299539170506916
0 0.7444253859348199 0.4962295768747382 0.11492281303602059 0.05236698785085882
0 0.8499142367066895 0.49204021784666946 0.09605488850771869 0.05320485965647256
0 0.3850771869639794 0.5617930456640134 0.1423670668953688 0.05865102639296188
0 0.8040308747855918 0.547130289065773 0.26329331046312177 0.05278592375366569
0 0.9052315608919382 0.5839966485127775 0.1620926243567753 0.04524507750314202
0 0.6985420240137221 0.5936321742773356 0.1843910806174957 0.04608294930875576
0 0.07718696397941681 0.6640134059488898 0.0823327615780446 0.0469208211143695
0 0.2362778730703259 0.6550062840385421 0.1792452830188679 0.06493506493506493
0 0.42710120068610635 0.6535400083787181 0.22469982847341338 0.06451612903225806
0 0.7165523156089194 0.6436950146627566 0.3439108061749571 0.07163803937997486
0 0.346483704974271 0.757017176372015 0.08061749571183534 0.056137410976120655
0 0.09819897084048028 0.19627147046501886 0.14665523156089194 0.04398826979472141
0 0.31432246998284735 0.19019689987431923 0.08490566037735849 0.04021784666945957
0 0.41337907375643224 0.17720988688730624 0.0823327615780446 0.031839128613322165
0 0.5047169811320755 0.19103477167993296 0.2890222984562607 0.055299539170506916
0 0.05274442538593482 0.36300795978215333 0.06775300171526587 0.04985337243401759
0 0.13765008576329332 0.35965647255969835 0.10377358490566038 0.05320485965647256
0 0.24271012006861065 0.3558860494344365 0.11320754716981132 0.05655634687892752
0 0.35291595197255576 0.35693338919145373 0.11578044596912522 0.06786761625471303
0 0.48027444253859347 0.35714285714285715 0.10120068610634649 0.0640971931294512
0 0.5381646655231561 0.40301633850020946 0.08662092624356775 0.0427314620863008
0 0.6157804459691252 0.4025974025974026 0.07890222984562607 0.04608294930875576
0 0.7246998284734134 0.39882697947214074 0.15265866209262435 0.051110180142438205
0 0.44768439108061747 0.7434017595307918 0.10120068610634649 0.026392961876832845
0 0.5265866209262435 0.7496857980728948 0.27615780445969124 0.06158357771260997
0 0.9202401372212693 0.4868035190615836 0.0634648370497427 0.05948889819857562
0 0.9764150943396226 0.47821533305404273 0.05060034305317324 0.04566401340594889
0 0.3421955403087479 0.6041055718475073 0.13893653516295026 0.04189359028068706
0 0.3602058319039451 0.7056975282781734 0.09948542024013722 0.04482614160033515
