0 0.09767641996557659 0.11529411764705882 0.10757314974182444 0.11764705882352941
0 0.2723752151462995 0.12431372549019608 0.10585197934595525 0.12941176470588237
0 0.12048192771084337 0.44941176470588234 0.1566265060240964 0.1584313725490196
0 0.16092943201376936 0.7305882352941176 0.13080895008605853 0.15137254901960784
0 0.47332185886402756 0.7129411764705882 0.20137693631669534 0.1396078431372549
0 0.8119621342512908 0.6909803921568628 0.3072289156626506 0.14588235294117646
0 0.6949225473321858 0.5513725490196079 0.29690189328743544 0.1568627450980392
0 0.17598967297762477 0.28941176470588237 0.2762478485370052 0.16941176470588235
0 0.4380378657487091 0.27215686274509804 0.14113597246127366 0.1349019607843137
0 0.7349397590361446 0.2635294117647059 0.30120481927710846 0.12392156862745098
0 0.8248709122203098 0.11333333333333333 0.21256454388984508 0.1419607843137255
0 0.6179001721170396 0.11529411764705882 0.17555938037865748 0.15529411764705883
0 0.4246987951807229 0.5694117647058824 0.24010327022375216 0.15058823529411763
0 0.1703958691910499 0.5894117647058823 0.22719449225473323 0.13411764705882354
0 0.40490533562822717 0.41333333333333333 0.2607573149741824 0.15215686274509804
0 0.8192771084337349 0.9211764705882353 0.20481927710843373 0.13568627450980392
0 0.6226333907056799 0.9384313725490196 0.14371772805507746 0.11843137254901961
0 0.41824440619621345 0.11803921568627451 0.1927710843373494 0.12941176470588237
0 0.6992254733218589 0.4015686274509804 0.28141135972461273 0.1411764705882353
0 0.46342512908777966 0.8247058823529412 0.23493975903614459 0.12941176470588237
0 0.6962134251290878 0.8074509803921569 0.22719449225473323 0.12941176470588237
0 0.9423407917383821 0.5349019607843137 0.09122203098106713 0.17098039215686275
0 0.9023235800344234 0.796078431372549 0.19707401032702238 0.1380392156862745
0 0.37478485370051634 0.9333333333333333 0.21256454388984508 0.11607843137254902
0 0.9182444061962134 0.39019607843137255 0.1721170395869191 0.14666666666666667
