0 0.34959893048128343 0.06453362255965293 0.22058823529411764 0.10954446854663774
0 0.5467914438502673 0.05151843817787419 0.15775401069518716 0.09436008676789588
0 0.8669786096256684 0.05856832971800434 0.196524064171123 0.11062906724511931
0 0.7707219251336899 0.1447939262472885 0.08155080213903744 0.10303687635574837
0 0.6316844919786097 0.2754880694143167 0.09759358288770054 0.10412147505422993
0 0.45788770053475936 0.2781995661605206 0.24197860962566844 0.12472885032537961
0 0.5508021390374331 0.8156182212581344 0.3342245989304813 0.12364425162689804
0 0.10160427807486631 0.8492407809110629 0.16042780748663102 0.1301518438177874
0 0.9084224598930482 0.4061822125813449 0.07620320855614973 0.1442516268980477
0 0.7439839572192514 0.4067245119305857 0.2339572192513369 0.14533622559652928
0 0.8689839572192514 0.8085683297180043 0.1657754010695187 0.1399132321041215
0 0.13703208556149732 0.0737527114967462 0.2018716577540107 0.12364425162689804
0 0.6504010695187166 0.15672451193058567 0.1483957219251337 0.13774403470715835
0 0.1804812834224599 0.27765726681127983 0.3155080213903743 0.13665943600867678
0 0.7754010695187166 0.2727765726681128 0.15240641711229946 0.11822125813449023
0 0.12967914438502673 0.41323210412147504 0.22192513368983957 0.14099783080260303
0 0.29812834224598933 0.4094360086767896 0.13368983957219252 0.15509761388286333
0 0.12098930481283422 0.556941431670282 0.19117647058823528 0.12906724511930587
0 0.8723262032085561 0.5509761388286334 0.2018716577540107 0.13449023861171366
0 0.2947860962566845 0.6957700650759219 0.3462566844919786 0.1442516268980477
0 0.5675133689839572 0.6968546637744034 0.21256684491978609 0.1334056399132321
0 0.733957219251337 0.6908893709327549 0.13903743315508021 0.1475054229934924
0 0.8502673796791443 0.6822125813449024 0.09358288770053476 0.1279826464208243
0 0.6370320855614974 0.5607375271149675 0.27406417112299464 0.13882863340563992
0 0.3602941176470588 0.5591106290672451 0.27406417112299464 0.1334056399132321
0 0.27807486631016043 0.8313449023861171 0.21657754010695188 0.1399132321041215
0 0.26871657754010697 0.9425162689804772 0.5213903743315508 0.09978308026030369
0 0.7032085561497327 0.9148590021691974 0.35294117647058826 0.10737527114967461
0 0.9124331550802139 0.15130151843817788 0.14304812834224598 0.12472885032537961
0 0.7025401069518716 0.050433839479392624 0.15106951871657753 0.09436008676789588
0 0.4939839572192513 0.41106290672451196 0.26871657754010697 0.16052060737527116
0 0.9331550802139037 0.913232104121475 0.13101604278074866 0.14099783080260303
