0 0.30175077239958803 0.24392041267501843 0.203913491246138 0.08695652173913043
0 0.38877445932028837 0.39388356669123065 0.09989701338825953 0.07000736919675755
0 0.32286302780638515 0.48563006632277084 0.15756951596292482 0.079587324981577
0 0.309989701338826 0.5803242446573323 0.1709577754891864 0.08179808400884303
0 0.37126673532440785 0.7387619749447311 0.13903192584963955 0.07295504789977893
0 0.2996910401647786 0.89240972733972 0.13594232749742532 0.0604274134119381
0 0.30072090628218334 0.9554163596168017 0.10710607621009269 0.0449521002210759
0 0.5386199794026777 0.8839351510685335 0.18331616889804325 0.07737656595431099
0 0.5262615859938208 0.9509948415622698 0.17507723995880536 0.06705969049373618
0 0.6307929969104017 0.7324981577008106 0.184346035015448 0.09874723655121592
0 0.3063851699279094 0.660280029476787 0.15345005149330587 0.06927044952100221
0 0.6230690010298661 0.2247605011053795 0.07826982492276004 0.0899042004421518
0 0.49691040164778577 0.31577008106116433 0.1678681771369722 0.08032424465733234
0 0.568486096807415 0.3997789240972734 0.18949536560247168 0.0950626381724392
0 0.7533470648815654 0.3036109064112012 0.18846549948506694 0.08548268238761975
0 0.698249227600412 0.9392041267501843 0.07826982492276004 0.07000736919675755
0 0.5200823892893924 0.2273397199705232 0.12358393408856849 0.09653647752394989
0 0.49742533470648814 0.5674281503316139 0.17507723995880536 0.08106116433308769
0 0.49691040164778577 0.1389093588798821 0.21730175077239958 0.0847457627118644
0 0.18640576725025745 0.1606484893146647 0.17507723995880536 0.08843036109064112
0 0.18331616889804325 0.4918938835666912 0.1380020597322348 0.08327192336035372
0 0.16168898043254376 0.5788504053058217 0.14212152420185376 0.08621960206337509
0 0.15653964984552007 0.6669123065585851 0.14830072090628219 0.08106116433308769
0 0.21009268795056643 0.7512896094325718 0.18125643666323377 0.08621960206337509
0 0.11534500514933059 0.24797347089167282 0.14418125643666324 0.08032424465733234
0 0.06797116374871266 0.49263080324244657 0.08650875386199794 0.08179808400884303
0 0.0592173017507724 0.1584377302873987 0.0607621009268795 0.08548268238761975
0 0.7116374871266735 0.6400147383935151 0.19773429454170957 0.09801031687546058
0 0.6766220391349125 0.4745762711864407 0.1956745623069001 0.09874723655121592
0 0.08753861997940268 0.8426676492262344 0.07209062821833162 0.07295504789977893
0 0.21524201853759012 0.8349299926308033 0.18331616889804325 0.0707442888725129
0 0.08290422245108137 0.7582903463522476 0.07723995880535531 0.0899042004421518
0 0.751287332646756 0.2144436256448047 0.18022657054582905 0.1016949152542373
0 0.19258496395468588 0.4019896831245394 0.15653964984552007 0.09801031687546058
0 0.07518022657054584 0.4038319823139278 0.082389289392379 0.09137803979366249
0 0.06436663233779609 0.5803242446573323 0.07723995880535531 0.09064112011790715
0 0.057157569515962924 0.6691230655858511 0.0690010298661174 0.09137803979366249
0 0.08753861997940268 0.9086219602063376 0.06591143151390319 0.05305821665438467
0 0.49588053553038103 0.6484893146647015 0.17610710607621008 0.10022107590272661
0 0.6287332646755922 0.5490051584377302 0.09165808444902163 0.08400884303610906
0 0.778063851699279 0.5478997789240972 0.2070030895983522 0.09064112011790715
0 0.7003089598352215 0.13080324244657332 0.19979402677651906 0.08621960206337509
0 0.06694129763130793 0.07663964627855564 0.08032955715756952 0.08106116433308769
0 0.16683831101956745 0.07406042741341194 0.12564366632337795 0.0759027266028003
0 0.345005149330587 0.06595431098010317 0.1400617919670443 0.08769344141488578
0 0.46807415036045313 0.06263817243920412 0.12049433573635428 0.08106116433308769
0 0.5885684860968075 0.05232129697862933 0.05870236869207003 0.09137803979366249
0 0.082389289392379 0.3238761974944731 0.11122554067971163 0.06853352984524687
0 0.21730175077239958 0.3201915991156964 0.15447991761071062 0.06853352984524687
0 0.3357363542739444 0.31945467943994105 0.082389289392379 0.07000736919675755
0 0.8501544799176107 0.9303610906411202 0.19052523171987643 0.10685335298452468
0 0.08959835221421215 0.9624170965364776 0.09680741503604531 0.0604274134119381
0 0.49433573635427397 0.4797347089167281 0.16889804325437693 0.09432571849668386
