0 0.0662751677852349 0.24186390532544377 0.10067114093959731 0.0645956607495069
0 0.0662751677852349 0.1284516765285996 0.06208053691275168 0.060650887573964495
0 0.20679530201342283 0.05793885601577909 0.1098993288590604 0.0616370808678501
0 0.20553691275167785 0.1259861932938856 0.10738255033557047 0.0675542406311637
0 0.1820469798657718 0.29930966469428005 0.09731543624161074 0.05621301775147929
0 0.19463087248322147 0.363905325443787 0.10067114093959731 0.06804733727810651
0 0.08263422818791946 0.3685897435897436 0.09479865771812081 0.07248520710059171
0 0.05662751677852349 0.3039940828402367 0.06291946308724833 0.05571992110453649
0 0.053691275167785234 0.4630177514792899 0.06208053691275168 0.055226824457593686
0 0.06208053691275168 0.5251479289940828 0.06208053691275168 0.05226824457593689
0 0.08263422818791946 0.602810650887574 0.09479865771812081 0.0645956607495069
0 0.08221476510067115 0.6708579881656804 0.08221476510067115 0.06854043392504931
0 0.09018456375838926 0.7847633136094675 0.12332214765100671 0.07149901380670612
0 0.0700503355704698 0.882396449704142 0.0662751677852349 0.0675542406311637
0 0.21098993288590603 0.8870808678500987 0.10486577181208054 0.07692307692307693
0 0.2273489932885906 0.7788461538461539 0.10067114093959731 0.08136094674556213
0 0.22651006711409397 0.6609960552268245 0.09899328859060402 0.07149901380670612
0 0.2311241610738255 0.5860453648915187 0.10318791946308725 0.06854043392504931
0 0.20889261744966442 0.5175049309664694 0.10067114093959731 0.06360946745562131
0 0.20343959731543623 0.4511834319526627 0.10318791946308725 0.0631163708086785
0 0.06208053691275168 0.0633629191321499 0.06375838926174497 0.051775147928994084
0 0.7265100671140939 0.0611439842209073 0.12583892617449666 0.0641025641025641
0 0.8863255033557047 0.0648422090729783 0.1686241610738255 0.0695266272189349
0 0.7520973154362416 0.2980769230769231 0.1401006711409396 0.05473372781065089
0 0.9223993288590604 0.2988165680473373 0.14848993288590603 0.0621301775147929
0 0.9014261744966443 0.5194773175542406 0.17869127516778524 0.0616370808678501
0 0.9182046979865772 0.4578402366863905 0.14513422818791946 0.057692307692307696
0 0.9026845637583892 0.5813609467455622 0.1593959731543624 0.0621301775147929
0 0.7596476510067114 0.5877712031558185 0.09983221476510067 0.05917159763313609
0 0.7512583892617449 0.5253944773175543 0.1098993288590604 0.0645956607495069
0 0.7705536912751678 0.46055226824457596 0.12835570469798657 0.0611439842209073
0 0.3187919463087248 0.058678500986193295 0.10234899328859061 0.0670611439842209
0 0.4337248322147651 0.8875739644970414 0.10738255033557047 0.047337278106508875
0 0.34354026845637586 0.5927021696252466 0.09479865771812081 0.07199211045364892
0 0.5419463087248322 0.5848126232741617 0.24664429530201343 0.07988165680473373
0 0.5113255033557047 0.05670611439842209 0.2827181208053691 0.07790927021696252
0 0.438758389261745 0.3030078895463511 0.06879194630872483 0.06360946745562131
0 0.3447986577181208 0.5170118343195266 0.13926174496644295 0.04980276134122288
0 0.4798657718120805 0.5177514792899408 0.1040268456375839 0.055226824457593686
0 0.7328020134228188 0.9511834319526628 0.0964765100671141 0.0611439842209073
0 0.7286073825503355 0.7778599605522682 0.08808724832214765 0.0626232741617357
0 0.18330536912751677 0.23422090729783038 0.12835570469798657 0.0621301775147929
0 0.5687919463087249 0.8944773175542406 0.1610738255033557 0.0631163708086785
0 0.3414429530201342 0.3624260355029586 0.18288590604026847 0.06607495069033531
0 0.34563758389261745 0.23397435897435898 0.19798657718120805 0.06656804733727811
0 0.48825503355704697 0.23175542406311636 0.09395973154362416 0.07396449704142012
0 0.47273489932885904 0.3634122287968442 0.09312080536912752 0.0631163708086785
0 0.3125 0.45488165680473375 0.10151006711409397 0.0655818540433925
0 0.3250838926174497 0.8902859960552268 0.11661073825503356 0.0655818540433925
0 0.7512583892617449 0.8348126232741617 0.10654362416107382 0.06903353057199212
0 0.7550335570469798 0.12130177514792899 0.08892617449664429 0.05621301775147929
0 0.8485738255033557 0.11661735700197239 0.09479865771812081 0.04388560157790927
0 0.9253355704697986 0.17406311637080868 0.08053691275167785 0.054240631163708086
0 0.6015100671140939 0.23274161735700197 0.13590604026845637 0.07495069033530571
0 0.7307046979865772 0.23471400394477318 0.12751677852348994 0.0670611439842209
0 0.8968120805369127 0.23323471400394477 0.18456375838926176 0.05917159763313609
0 0.37080536912751677 0.6609960552268245 0.20302013422818793 0.07149901380670612
0 0.5096476510067114 0.6619822485207101 0.08808724832214765 0.07347140039447732
0 0.635486577181208 0.6486686390532544 0.15016778523489932 0.06360946745562131
0 0.7600671140939598 0.6442307692307693 0.09060402684563758 0.05571992110453649
0 0.8540268456375839 0.6407790927021696 0.09228187919463088 0.04881656804733728
0 0.7818791946308725 0.7056213017751479 0.15100671140939598 0.06903353057199212
0 0.8984899328859061 0.7120315581854043 0.09060402684563758 0.07396449704142012
0 0.8875838926174496 0.8900394477317555 0.15436241610738255 0.05917159763313609
0 0.6434563758389261 0.4593195266272189 0.07718120805369127 0.060650887573964495
0 0.48070469798657717 0.4561143984220907 0.24161073825503357 0.07495069033530571
0 0.600251677852349 0.35601577909270216 0.1669463087248322 0.05226824457593689
0 0.739513422818792 0.355276134122288 0.10822147651006711 0.05374753451676528
0 0.839765100671141 0.35231755424063116 0.09228187919463088 0.04783037475345168
0 0.7235738255033557 0.4072978303747535 0.13842281879194632 0.048323471400394474
0 0.8523489932885906 0.40458579881656803 0.09899328859060402 0.04980276134122288
0 0.8259228187919463 0.17307692307692307 0.11996644295302013 0.0611439842209073
0 0.9408557046979866 0.125 0.0964765100671141 0.05473372781065089
0 0.3213087248322148 0.29980276134122286 0.16275167785234898 0.0641025641025641
0 0.3523489932885906 0.1232741617357002 0.18120805369127516 0.0670611439842209
0 0.575503355704698 0.125 0.2651006711409396 0.060650887573964495
0 0.35947986577181207 0.7751479289940828 0.17533557046979867 0.07988165680473373
0 0.5608221476510067 0.7773668639053254 0.24412751677852348 0.07544378698224852
0 0.8766778523489933 0.772189349112426 0.2197986577181208 0.06903353057199212
0 0.9014261744966443 0.8333333333333334 0.15855704697986578 0.0601577909270217
0 0.8821308724832215 0.9541420118343196 0.1669463087248322 0.0670611439842209
0 0.6904362416107382 0.1765285996055227 0.14597315436241612 0.05128205128205128
0 0.9488255033557047 0.6437376725838264 0.09899328859060402 0.059664694280078895
0 0.6333892617449665 0.7095660749506904 0.14597315436241612 0.0641025641025641
0 0.7290268456375839 0.8932445759368837 0.1593959731543624 0.05670611439842209
0 0.9412751677852349 0.35404339250493094 0.11241610738255034 0.04437869822485207
