0 0.9019607843137255 0.13006756756756757 0.11072664359861592 0.16554054054054054
0 0.6251441753171857 0.2195945945945946 0.1453287197231834 0.15315315315315314
0 0.8269896193771626 0.22578828828828829 0.27450980392156865 0.13626126126126126
0 0.15974625144175317 0.10022522522522523 0.17416378316032297 0.13288288288288289
0 0.12975778546712802 0.8074324324324325 0.22029988465974626 0.17792792792792791
0 0.3500576701268743 0.8271396396396397 0.23414071510957324 0.23085585585585586
0 0.68800461361015 0.7736486486486487 0.12341407151095732 0.14414414414414414
0 0.9002306805074971 0.7584459459459459 0.10957324106113034 0.16554054054054054
0 0.3206459054209919 0.09121621621621621 0.15916955017301038 0.16216216216216217
0 0.5184544405997693 0.0670045045045045 0.25259515570934254 0.12725225225225226
0 0.5461361014994233 0.7798423423423423 0.16724336793540945 0.17004504504504506
0 0.7941176470588235 0.7612612612612613 0.10265282583621683 0.16216216216216217
0 0.7848904267589388 0.9149774774774775 0.11418685121107267 0.11824324324324324
0 0.7497116493656286 0.08558558558558559 0.2029988465974625 0.1554054054054054
