0 0.11885245901639344 0.08740831295843521 0.11475409836065574 0.11124694376528117
0 0.11612021857923498 0.4278728606356968 0.16939890710382513 0.17114914425427874
0 0.4077868852459016 0.40525672371638144 0.3483606557377049 0.1430317848410758
0 0.1885245901639344 0.6644254278728606 0.31420765027322406 0.1136919315403423
0 0.3422131147540984 0.2597799511002445 0.21448087431693988 0.15770171149144255
0 0.5887978142076503 0.24449877750611246 0.2978142076502732 0.18337408312958436
0 0.4494535519125683 0.6894865525672371 0.19672131147540983 0.15892420537897312
0 0.3825136612021858 0.8447432762836186 0.1830601092896175 0.1466992665036675
0 0.6646174863387978 0.8380195599022005 0.3702185792349727 0.16992665036674817
0 0.6892076502732241 0.38875305623471884 0.2336065573770492 0.15892420537897312
0 0.8381147540983607 0.09596577017114914 0.16256830601092895 0.14058679706601468
0 0.7547814207650273 0.6742053789731052 0.4248633879781421 0.19193154034229828
0 0.44330601092896177 0.08985330073349633 0.2937158469945355 0.14058679706601468
0 0.662568306010929 0.08863080684596578 0.17486338797814208 0.13080684596577016
0 0.7780054644808743 0.5189486552567237 0.31830601092896177 0.12591687041564792
0 0.15505464480874318 0.8343520782396088 0.19808743169398907 0.1430317848410758
0 0.2527322404371585 0.08924205378973105 0.14207650273224043 0.12469437652811736
0 0.8729508196721312 0.37286063569682154 0.16939890710382513 0.16381418092909536
0 0.11475409836065574 0.9425427872860636 0.08196721311475409 0.07823960880195599
0 0.3825136612021858 0.9547677261613692 0.30601092896174864 0.07579462102689487
0 0.6407103825136612 0.9627139364303179 0.21311475409836064 0.06723716381418093
