0 0.3444206008583691 0.13813813813813813 0.148068669527897 0.12212212212212212
0 0.5595493562231759 0.13863863863863865 0.13841201716738197 0.15315315315315314
0 0.1786480686695279 0.15315315315315314 0.1684549356223176 0.15215215215215216
0 0.1432403433476395 0.44094094094094094 0.1405579399141631 0.17517517517517517
0 0.22478540772532188 0.28678678678678676 0.286480686695279 0.13513513513513514
0 0.13948497854077252 0.7727727727727728 0.1888412017167382 0.16416416416416416
0 0.3953862660944206 0.4174174174174174 0.34227467811158796 0.16416416416416416
0 0.6824034334763949 0.4029029029029029 0.21888412017167383 0.15915915915915915
0 0.8814377682403434 0.3978978978978979 0.1791845493562232 0.12112112112112113
0 0.3283261802575107 0.7732732732732732 0.1759656652360515 0.14114114114114115
0 0.5928111587982833 0.7547547547547547 0.36802575107296137 0.14214214214214213
0 0.44206008583690987 0.6216216216216216 0.1781115879828326 0.11411411411411411
0 0.8385193133047211 0.6076076076076076 0.16416309012875535 0.13613613613613615
0 0.4340128755364807 0.24274274274274274 0.09120171673819742 0.08308308308308308
0 0.6196351931330472 0.2697697697697698 0.20708154506437768 0.11711711711711711
0 0.76931330472103 0.25675675675675674 0.04721030042918455 0.06906906906906907
0 0.64431330472103 0.6216216216216216 0.2349785407725322 0.13813813813813813
0 0.19098712446351931 0.6221221221221221 0.31759656652360513 0.15515515515515516
0 0.411480686695279 0.8848848848848849 0.2907725321888412 0.12612612612612611
0 0.8149141630901288 0.8633633633633634 0.1684549356223176 0.15915915915915915
0 0.6453862660944206 0.8633633633633634 0.1555793991416309 0.15515515515515516
0 0.9436695278969958 0.8363363363363363 0.11266094420600858 0.21921921921921922
0 0.8540772532188842 0.27927927927927926 0.11802575107296137 0.11211211211211211
0 0.16201716738197425 0.9184184184184184 0.18240343347639484 0.13113113113113112
0 0.9506437768240343 0.28128128128128127 0.07725321888412018 0.1021021021021021
0 0.878755364806867 0.4944944944944945 0.19957081545064378 0.1041041041041041
0 0.7140557939914163 0.12912912912912913 0.1684549356223176 0.15815815815815815
0 0.851931330472103 0.12912912912912913 0.10515021459227468 0.1781781781781782
0 0.9425965665236051 0.13413413413413414 0.07618025751072961 0.16616616616616617
