0 0.27144535840188017 0.2614035087719298 0.22326674500587543 0.18596491228070175
0 0.2579318448883666 0.4649122807017544 0.20329024676850763 0.19298245614035087
0 0.19800235017626322 0.6736842105263158 0.18683901292596944 0.18947368421052632
0 0.3789659224441833 0.6666666666666666 0.18213866039952997 0.19649122807017544
0 0.5887191539365453 0.6543859649122807 0.24676850763807284 0.19298245614035087
0 0.818448883666275 0.6432748538011696 0.20799059929494712 0.19181286549707602
0 0.699177438307873 0.23859649122807017 0.5334900117508813 0.25029239766081873
0 0.5017626321974148 0.4619883040935672 0.17861339600470036 0.20350877192982456
0 0.7714453584018801 0.45263157894736844 0.36780258519388953 0.21052631578947367
0 0.36310223266745006 0.8555555555555555 0.1645123384253819 0.12280701754385964
0 0.154524089306698 0.8421052631578947 0.27379553466509987 0.14502923976608187
0 0.5564042303172738 0.8584795321637427 0.22209165687426558 0.18947368421052632
0 0.8190364277320799 0.7923976608187134 0.209165687426557 0.1064327485380117
