0 0.16684549356223177 0.08194444444444444 0.2628755364806867 0.1398148148148148
0 0.4533261802575107 0.06898148148148148 0.3229613733905579 0.11574074074074074
0 0.2092274678111588 0.20972222222222223 0.2982832618025751 0.14166666666666666
0 0.7848712446351931 0.4324074074074074 0.3572961373390558 0.1425925925925926
0 0.7644849785407726 0.3175925925925926 0.3165236051502146 0.11666666666666667
0 0.1791845493562232 0.8425925925925926 0.2532188841201717 0.10555555555555556
0 0.3830472103004292 0.8425925925925926 0.16523605150214593 0.1259259259259259
0 0.7033261802575107 0.8226851851851852 0.14914163090128754 0.15833333333333333
0 0.5434549356223176 0.8305555555555556 0.1834763948497854 0.14444444444444443
0 0.1298283261802575 0.6370370370370371 0.19527896995708155 0.1925925925925926
0 0.7494635193133047 0.1837962962962963 0.34012875536480686 0.1175925925925926
0 0.6872317596566524 0.07175925925925926 0.13197424892703863 0.09351851851851851
0 0.869098712446352 0.07962962962962963 0.21888412017167383 0.10185185185185185
0 0.3626609442060086 0.3300925925925926 0.15879828326180256 0.1398148148148148
0 0.15987124463519314 0.3314814814814815 0.21244635193133046 0.12222222222222222
0 0.13465665236051502 0.4722222222222222 0.15343347639484978 0.14814814814814814
0 0.619098712446352 0.6976851851851852 0.11158798283261803 0.11388888888888889
0 0.43776824034334766 0.7194444444444444 0.14377682403433475 0.13333333333333333
0 0.8701716738197425 0.5583333333333333 0.22103004291845493 0.13148148148148148
0 0.3165236051502146 0.46944444444444444 0.18240343347639484 0.15
0 0.6062231759656652 0.5694444444444444 0.3218884120171674 0.15
0 0.3406652360515021 0.5773148148148148 0.21351931330472104 0.16574074074074074
