0 0.6409287257019438 0.1467065868263473 0.12203023758099352 0.1086398631308811
0 0.822354211663067 0.14328485885372114 0.18466522678185746 0.0949529512403764
0 0.29049676025917925 0.14927288280581694 0.24838012958963282 0.0932420872540633
0 0.10637149028077754 0.15098374679213003 0.11555075593952484 0.09666381522668947
0 0.0988120950323974 0.25278015397775877 0.11339092872570194 0.10008554319931566
0 0.25 0.24935842600513258 0.1630669546436285 0.10008554319931566
0 0.40442764578833695 0.24422583404619333 0.14578833693304535 0.10692899914456801
0 0.5286177105831533 0.2399486740804106 0.11123110151187905 0.10179640718562874
0 0.6160907127429806 0.3468776732249786 0.15442764578833693 0.10521813515825491
0 0.4605831533477322 0.35372112917023096 0.15226781857451405 0.09837467921300257
0 0.8650107991360692 0.3169375534644996 0.1879049676025918 0.12745936698032506
0 0.6528077753779697 0.44610778443113774 0.22786177105831534 0.12061591103507271
0 0.8903887688984882 0.4255774165953807 0.13714902807775378 0.11035072711719418
0 0.44600431965442766 0.45637296834901625 0.1900647948164147 0.11035072711719418
0 0.1511879049676026 0.6804961505560307 0.17062634989200864 0.10008554319931566
0 0.15334773218142547 0.8849443969204448 0.20518358531317496 0.10521813515825491
0 0.3353131749460043 0.8926432848588537 0.1673866090712743 0.0932420872540633
0 0.49622030237580994 0.8969204448246364 0.1587473002159827 0.10179640718562874
0 0.6398488120950324 0.8926432848588537 0.132829373650108 0.10692899914456801
0 0.37365010799136067 0.7882805816937554 0.28293736501079914 0.11206159110350727
0 0.6943844492440605 0.7840034217279727 0.1857451403887689 0.11719418306244654
0 0.8709503239740821 0.7745936698032506 0.1717062634989201 0.1086398631308811
0 0.3353131749460043 0.6830624465355004 0.13714902807775378 0.11206159110350727
0 0.484341252699784 0.6856287425149701 0.13930885529157666 0.09666381522668947
0 0.6247300215982722 0.6856287425149701 0.14146868250539957 0.10008554319931566
0 0.15658747300215983 0.5641573994867408 0.20302375809935205 0.1360136869118905
0 0.3250539956803456 0.5701454234388366 0.17278617710583152 0.11035072711719418
0 0.2661987041036717 0.45209580838323354 0.1306695464362851 0.10521813515825491
0 0.11825053995680346 0.4508126603934987 0.11123110151187905 0.09409751924721985
0 0.7078833693304536 0.5615911035072711 0.1587473002159827 0.14798973481608213
0 0.8860691144708424 0.5350727117194183 0.1976241900647948 0.14114627887082976
0 0.5118790496760259 0.5688622754491018 0.2267818574514039 0.1283147989734816
0 0.7057235421166307 0.23738237810094098 0.26457883369330454 0.0949529512403764
0 0.908207343412527 0.2172797262617622 0.1468682505399568 0.1009409751924722
0 0.1376889848812095 0.35286569717707444 0.17602591792656588 0.10179640718562874
0 0.2958963282937365 0.3502994011976048 0.18142548596112312 0.09666381522668947
0 0.7996760259179265 0.6753635585970915 0.17602591792656588 0.10350727117194183
0 0.769438444924406 0.8819503849443969 0.12419006479481641 0.09923011120615911
0 0.1879049676025918 0.9486740804106074 0.2915766738660907 0.06672369546621043
0 0.38444924406047515 0.9653550042771599 0.10151187904967603 0.04704875962360992
0 0.5912526997840173 0.9644995722840034 0.24298056155507558 0.045337895637296836
0 0.14416846652267817 0.77972626176219 0.18034557235421167 0.11548331907613345
