0 0.17548906789413118 0.07409224730127575 0.23130034522439585 0.12266928361138371
0 0.4608745684695052 0.07212953876349362 0.31645569620253167 0.11285574092247301
0 0.285385500575374 0.27625122669283614 0.2899884925201381 0.1422963689892051
0 0.2571921749136939 0.4342492639842983 0.1714614499424626 0.14033366045142295
0 0.3187571921749137 0.5716388616290481 0.3130034522439586 0.12070657507360157
0 0.15765247410817032 0.7011776251226692 0.28308400460299193 0.12855740922473013
0 0.6593785960874569 0.7203140333660452 0.18411967779056387 0.155053974484789
0 0.5166858457997698 0.43572129538763493 0.333716915995397 0.155053974484789
0 0.07077100115074798 0.29489695780176645 0.08400460299194476 0.12266928361138371
0 0.05581127733026467 0.42443572129538765 0.07940161104718067 0.11285574092247301
0 0.043153049482163405 0.563297350343474 0.07479861910241657 0.1099116781157998
0 0.5454545454545454 0.5755642787046124 0.18181818181818182 0.11678115799803729
0 0.6852704257767549 0.5794896957801766 0.1047180667433832 0.12266928361138371
0 0.6628308400460299 0.8596663395485771 0.31530494821634064 0.13150147203140333
0 0.358457997698504 0.8763493621197253 0.20828538550057538 0.14327772325809618
0 0.4436133486766398 0.7296368989205103 0.2773302646720368 0.16388616290480865
0 0.6829689298043728 0.08047105004906771 0.14154200230149597 0.15112855740922473
0 0.7934407364787112 0.42885181550539747 0.1760644418872267 0.18645731108930325
0 0.8872266973532796 0.27428851815505395 0.1334867663981588 0.14622178606476938
0 0.8222094361334867 0.7168792934249264 0.1714614499424626 0.1521099116781158
0 0.9367088607594937 0.7158979391560353 0.09896432681242807 0.14622178606476938
0 0.9338319907940161 0.4185475956820412 0.12082853855005754 0.13444553483807656
0 0.8469505178365938 0.07556427870461237 0.18181818181818182 0.13150147203140333
0 0.0949367088607595 0.8493621197252208 0.11392405063291139 0.1069676153091266
0 0.503452243958573 0.25711481844946027 0.11392405063291139 0.07065750736015702
0 0.6352128883774454 0.2718351324828263 0.3958573072497123 0.1589793915603533
0 0.13578826237054084 0.9666339548577036 0.15880322209436135 0.0647693817468106
0 0.3084004602991945 0.9587831207065751 0.12888377445339472 0.04906771344455348
0 0.46490218642117376 0.9690873405299313 0.19332566168009205 0.04808635917566242
