0 0.11926605504587157 0.08969641214351426 0.11416921508664628 0.0984360625574977
0 0.2930682976554536 0.09521619135234591 0.1111111111111111 0.10579576816927323
0 0.4709480122324159 0.09613615455381785 0.20998980632008155 0.11683532658693652
0 0.6850152905198776 0.09613615455381785 0.20998980632008155 0.12787488500459981
0 0.8873598369011213 0.09935602575896964 0.1946992864424057 0.1343146274149034
0 0.09021406727828746 0.20561177552897883 0.09480122324159021 0.10947562097516099
0 0.3129459734964322 0.20653173873045078 0.27726809378185524 0.10027598896044158
0 0.11365953109072376 0.7272309107635695 0.1559633027522936 0.14811407543698252
0 0.2930682976554536 0.7410303587856486 0.2069317023445464 0.12051517939282429
0 0.6386340468909276 0.735050597976081 0.5005096839959225 0.13615455381784727
0 0.18093781855249746 0.3187672493100276 0.2884811416921509 0.12051517939282429
0 0.9184505606523955 0.3091076356945722 0.12436289500509684 0.15639374425023
0 0.1488277268093782 0.8564857405703772 0.23037716615698267 0.1140754369825207
0 0.33231396534148827 0.8578656853725851 0.15086646279306828 0.09659613615455381
0 0.7038735983690112 0.9420423183072677 0.37003058103975534 0.08463661453541858
0 0.7104994903160041 0.21343146274149033 0.17329255861365953 0.09935602575896964
0 0.8572884811416922 0.20975160993560257 0.12436289500509684 0.10303587856485741
0 0.7915392456676861 0.3091076356945722 0.14169215086646278 0.14351425942962281
0 0.6055045871559633 0.3233670653173873 0.1671763506625892 0.14811407543698252
0 0.42099898063200814 0.33026678932842685 0.20998980632008155 0.1343146274149034
0 0.49184505606523954 0.8546458141674333 0.19877675840978593 0.10671573137074516
0 0.7237512742099899 0.8505059797608095 0.29561671763506625 0.12235510579576817
0 0.4938837920489297 0.19319227230910763 0.0744138634046891 0.045998160073597055
0 0.5377166156982671 0.2046918123275069 0.17023445463812437 0.10579576816927323
0 0.1564729867482161 0.937902483900644 0.11926605504587157 0.046918123275068994
0 0.2900101936799184 0.9517019319227231 0.4169215086646279 0.08739650413983441
