0 0.05975049244911359 0.26843398876404495 0.05121470781352593 0.042485955056179775
0 0.11096520026263952 0.2636938202247191 0.05778069599474721 0.04353932584269663
0 0.07846355876559422 0.3061797752808989 0.09258043335521995 0.042134831460674156
0 0.06467498358502954 0.47735252808988765 0.06762967826657912 0.046699438202247194
0 0.12803676953381485 0.47559691011235955 0.0695994747209455 0.046699438202247194
0 0.17957977675640183 0.47191011235955055 0.046618516086671044 0.042134831460674156
0 0.26001313197636244 0.4631320224719101 0.12081418253447143 0.04915730337078652
0 0.10636900853578464 0.8558637640449438 0.10636900853578464 0.055126404494382025
0 0.19960604070912671 0.8523525280898876 0.09980302035456336 0.055126404494382025
0 0.3026920551543007 0.8495435393258427 0.10636900853578464 0.050912921348314606
0 0.09750492449113592 0.7661516853932584 0.10439921208141825 0.04985955056179775
0 0.17957977675640183 0.7622893258426966 0.07550886408404466 0.04915730337078652
0 0.2521339461588969 0.7601825842696629 0.0984898227183191 0.05196629213483146
0 0.087655942219304 0.7234901685393258 0.09520682862770848 0.042485955056179775
0 0.6487196323046619 0.8321629213483146 0.12738017071569271 0.05056179775280899
0 0.7744583059750493 0.8223314606741573 0.13066316480630336 0.05688202247191011
0 0.8962573867367039 0.8153089887640449 0.1221273801707157 0.05688202247191011
0 0.6414970453053185 0.7471910112359551 0.13525935653315824 0.06390449438202248
0 0.7698621142481944 0.7356039325842697 0.12409717662508207 0.061095505617977525
0 0.8939592908732764 0.7257724719101124 0.12409717662508207 0.05688202247191011
0 0.4592908732764281 0.4533005617977528 0.09389363099146422 0.04143258426966292
0 0.9067629678266579 0.4376755617977528 0.14313854235062376 0.046699438202247194
0 0.30860144451739985 0.4195926966292135 0.08535784635587657 0.04985955056179775
0 0.37458962573867366 0.42099719101123595 0.06631648063033486 0.059691011235955056
0 0.5584372948128693 0.40941011235955055 0.09783322390019698 0.05337078651685393
0 0.1851608667104399 0.2559691011235955 0.10636900853578464 0.0449438202247191
0 0.2764281024294156 0.2542134831460674 0.0984898227183191 0.0449438202247191
0 0.38739330269205513 0.2498244382022472 0.12738017071569271 0.04459269662921348
0 0.22390019697964544 0.1386938202247191 0.0840446487196323 0.0449438202247191
0 0.324688115561392 0.13377808988764045 0.12409717662508207 0.04915730337078652
0 0.5745239658568615 0.13553370786516855 0.11162179908076166 0.04073033707865169
0 0.6946815495732108 0.13816713483146068 0.12606697307944845 0.03686797752808989
0 0.8873933026920552 0.13816713483146068 0.08601444517399869 0.038974719101123594
0 0.048260013131976365 0.18609550561797752 0.04136572554169402 0.037219101123595506
0 0.09619172685489166 0.1818820224719101 0.0623768877216021 0.037921348314606744
0 0.16119500984898227 0.17661516853932585 0.09783322390019698 0.03581460674157303
0 0.24655285620485884 0.17345505617977527 0.07682206172028891 0.03581460674157303
0 0.35423506237688773 0.16959269662921347 0.1437951411687459 0.037921348314606744
0 0.572554169402495 0.2480688202247191 0.08010505581089954 0.04037921348314607
0 0.6454366382140512 0.2442064606741573 0.07747866053841103 0.04037921348314607
0 0.716677609980302 0.24280196629213482 0.07813525935653316 0.03827247191011236
0 0.08634274458305975 0.8110955056179775 0.07550886408404466 0.04143258426966292
0 0.06992777413000656 0.602001404494382 0.07288246881155613 0.04037921348314607
0 0.07813525935653316 0.6420294943820225 0.08273145108338804 0.05021067415730337
0 0.15331582403151675 0.636060393258427 0.08076165462902167 0.04318820224719101
0 0.22948128693368353 0.6278089887640449 0.07550886408404466 0.04564606741573034
0 0.3345370978332239 0.6221910112359551 0.1372291529875246 0.05196629213483146
0 0.07156927117531188 0.6841643258426966 0.06565988181221274 0.03616573033707865
0 0.14576493762311227 0.5949789325842697 0.08535784635587657 0.04389044943820225
0 0.14674983585029547 0.6781952247191011 0.08995403808273145 0.046699438202247194
0 0.07518056467498359 0.558813202247191 0.08864084044648719 0.04389044943820225
0 0.06762967826657912 0.5179073033707865 0.05778069599474721 0.04143258426966292
0 0.1618516086671044 0.42907303370786515 0.05975049244911359 0.04845505617977528
0 0.3217334208798424 0.33128511235955055 0.07879185817465528 0.050912921348314606
0 0.3942875902823375 0.32952949438202245 0.06631648063033486 0.04389044943820225
0 0.5528562048588312 0.3261938202247191 0.09323703217334209 0.042134831460674156
0 0.170059093893631 0.8089887640449438 0.10111621799080761 0.042134831460674156
0 0.2892317793827971 0.8007373595505618 0.13985554826001312 0.04459269662921348
0 0.3890347997373605 0.8007373595505618 0.05975049244911359 0.04459269662921348
0 0.4592908732764281 0.7954705056179775 0.08338804990151018 0.05021067415730337
0 0.5423506237688772 0.7937148876404494 0.0984898227183191 0.04810393258426966
0 0.6319763624425476 0.7924859550561798 0.08995403808273145 0.04564606741573034
0 0.6690741956664478 0.4023876404494382 0.12869336835193695 0.04985955056179775
0 0.7971109652002626 0.39905196629213485 0.133946158896914 0.046699438202247194
0 0.9018384766907419 0.39712078651685395 0.09783322390019698 0.04143258426966292
0 0.417596848325673 0.8442766853932584 0.14182534471437952 0.04810393258426966
0 0.5344714379514117 0.8407654494382022 0.0984898227183191 0.04459269662921348
0 0.7094550229809586 0.785814606741573 0.07682206172028891 0.04424157303370786
0 0.7793827971109653 0.7800210674157303 0.07616546290216678 0.04389044943820225
0 0.8558765594221931 0.7715941011235955 0.09652002626395273 0.04810393258426966
0 0.9231779382797111 0.7658005617977528 0.0551543007222587 0.04915730337078652
0 0.9737360472751149 0.7596558988764045 0.048588312541037425 0.05301966292134831
0 0.15955351280367697 0.7210323033707865 0.056467498358502954 0.04389044943820225
0 0.2206172028890348 0.7157654494382022 0.07879185817465528 0.042485955056179775
0 0.30433355219960606 0.7120786516853933 0.09783322390019698 0.04424157303370786
0 0.39658568614576495 0.7094452247191011 0.09061063690085358 0.0488061797752809
0 0.4799737360472751 0.706811797752809 0.08798424162836507 0.04564606741573034
0 0.5692711753118844 0.7006671348314607 0.10111621799080761 0.047401685393258425
0 0.6536441234405778 0.699438202247191 0.07682206172028891 0.04564606741573034
0 0.7435981615233093 0.692064606741573 0.10702560735390676 0.04845505617977528
0 0.8266579120157583 0.6845154494382022 0.066973079448457 0.042485955056179775
0 0.2623112278397899 0.6715238764044944 0.15036112934996718 0.050912921348314606
0 0.37097833223900195 0.6652036516853933 0.07353906762967827 0.0488061797752809
0 0.4514116874589626 0.6604634831460674 0.08864084044648719 0.051264044943820225
0 0.2504924491135916 0.5844452247191011 0.13985554826001312 0.047401685393258425
0 0.3525935653315824 0.5798806179775281 0.0695994747209455 0.04108146067415731
0 0.4323703217334209 0.5760182584269663 0.09783322390019698 0.04950842696629214
0 0.139198949441891 0.5547752808988764 0.060407091267235716 0.04985955056179775
0 0.21043992120814184 0.5502106741573034 0.08470124753775443 0.042134831460674156
0 0.2902166776099803 0.5428370786516854 0.07222586999343401 0.047050561797752806
0 0.3690085357846356 0.5396769662921348 0.09717662508207485 0.04424157303370786
0 0.4478003939592909 0.5363412921348315 0.08141825344714379 0.03827247191011236
0 0.5459619172685489 0.5291432584269663 0.12278397898883782 0.04143258426966292
0 0.13755745239658568 0.5143960674157303 0.08601444517399869 0.04002808988764045
0 0.912344057780696 0.5475772471910112 0.09652002626395273 0.050912921348314606
0 0.9284307288246881 0.6376404494382022 0.08667104399212082 0.05337078651685393
0 0.21470781352593565 0.5052668539325843 0.08273145108338804 0.04073033707865169
0 0.29152987524622453 0.5019311797752809 0.09323703217334209 0.04318820224719101
0 0.37918581746552854 0.496313202247191 0.0912672357189757 0.04389044943820225
0 0.5351280367695338 0.16959269662921347 0.08273145108338804 0.03441011235955056
0 0.6467498358502954 0.17029494382022473 0.13788575180564674 0.03160112359550562
0 0.783322390019698 0.1701193820224719 0.12869336835193695 0.03195224719101124
0 0.15068942875902824 0.29827949438202245 0.07419566644780039 0.04178370786516854
0 0.24622455679579777 0.2951193820224719 0.1247537754432042 0.03967696629213483
0 0.3890347997373605 0.28967696629213485 0.07419566644780039 0.0351123595505618
0 0.4560078791858175 0.28774578651685395 0.06106369008535785 0.03686797752808989
0 0.22948128693368353 0.4220505617977528 0.08864084044648719 0.04845505617977528
0 0.07879185817465528 0.39009831460674155 0.08535784635587657 0.04073033707865169
0 0.5134602757715037 0.2870435393258427 0.0551543007222587 0.03686797752808989
0 0.8010505581089954 0.24245084269662923 0.0984898227183191 0.03686797752808989
0 0.9038082731451084 0.24332865168539325 0.11359159553512804 0.042837078651685394
0 0.06664478003939593 0.22296348314606743 0.07025607353906763 0.047050561797752806
0 0.12442547603414314 0.21962780898876405 0.06894287590282337 0.04459269662921348
0 0.5285620485883126 0.6118328651685393 0.1103086014445174 0.045997191011235956
0 0.6254103742613263 0.6076193820224719 0.08732764281024294 0.04459269662921348
0 0.9113591595535128 0.6815308988764045 0.1247537754432042 0.04915730337078652
0 0.11359159553512804 0.9139747191011236 0.1247537754432042 0.05196629213483146
0 0.22193040052527904 0.9097612359550562 0.0984898227183191 0.054775280898876406
0 0.33946158896913986 0.9078300561797753 0.14707813525935653 0.05933988764044944
0 0.5640183847669075 0.8958918539325843 0.2613263296126067 0.07338483146067416
0 0.7357189757058438 0.8918539325842697 0.08207485226526592 0.04915730337078652
0 0.8276428102429416 0.8827247191011236 0.11359159553512804 0.05196629213483146
0 0.9244911359159553 0.8732443820224719 0.09061063690085358 0.05337078651685393
0 0.18680236375574524 0.21646769662921347 0.07419566644780039 0.042485955056179775
0 0.24523965856861457 0.21576544943820225 0.058437294812869335 0.03616573033707865
0 0.08699934340118187 0.3458567415730337 0.103086014445174 0.05056179775280899
0 0.16414970453053185 0.34041432584269665 0.07747866053841103 0.050912921348314606
0 0.2406434668417597 0.33672752808988765 0.09258043335521995 0.051264044943820225
0 0.7186474064346684 0.5516151685393258 0.03217334208798424 0.020365168539325844
0 0.7744583059750493 0.5547752808988764 0.18581746552856204 0.05196629213483146
0 0.6487196323046619 0.5637289325842697 0.07222586999343401 0.04459269662921348
0 0.1372291529875246 0.3851825842696629 0.05252790544977019 0.042837078651685394
0 0.2025607353906763 0.3825491573033708 0.08601444517399869 0.04459269662921348
0 0.2728168089297439 0.37780898876404495 0.05581089954038083 0.03581460674157303
0 0.319763624425476 0.3734199438202247 0.061720288903479976 0.04108146067415731
0 0.37852921864740646 0.37219101123595505 0.05712409717662508 0.03932584269662921
0 0.4425476034143139 0.36622191011235955 0.09061063690085358 0.04564606741573034
0 0.5160866710439921 0.367626404494382 0.06434668417596848 0.03932584269662921
0 0.5577806959947472 0.449438202247191 0.10702560735390676 0.04002808988764045
0 0.664806303348654 0.44452247191011235 0.10965200262639527 0.04073033707865169
0 0.7688772160210111 0.4410112359550562 0.0695994747209455 0.03581460674157303
0 0.2931713722915299 0.21155196629213482 0.04924491135915955 0.03686797752808989
0 0.34931057124097176 0.21137640449438203 0.06828627708470125 0.04002808988764045
0 0.896585686145765 0.2052317415730337 0.09520682862770848 0.033356741573033706
0 0.6204858831254104 0.20646067415730338 0.0984898227183191 0.04073033707865169
0 0.7586999343401182 0.28616573033707865 0.07944845699277742 0.042837078651685394
0 0.8299409061063691 0.28581460674157305 0.08010505581089954 0.042134831460674156
0 0.5682862770847013 0.3649929775280899 0.04267892317793828 0.04037921348314607
0 0.6149047931713723 0.36464185393258425 0.054497701904136574 0.03686797752808989
