0 0.13915857605177995 0.12350119904076738 0.12297734627831715 0.10631494804156674
0 0.28802588996763756 0.11550759392486011 0.1423948220064725 0.10471622701838529
0 0.0674217907227616 0.36211031175059955 0.104638619201726 0.09592326139088729
0 0.2858683926645092 0.35571542765787373 0.284789644012945 0.1135091926458833
0 0.598705501618123 0.12390087929656275 0.28047464940668826 0.11510791366906475
0 0.05717367853290183 0.6322941646682654 0.08845738942826321 0.1135091926458833
0 0.4174757281553398 0.6378896882494005 0.25026968716289105 0.11510791366906475
0 0.6655879180151025 0.6302957633892886 0.2459546925566343 0.14148681055155876
0 0.8667745415318231 0.6191047162270183 0.1499460625674218 0.13029576338928858
0 0.30151024811218985 0.8741007194244604 0.2405609492988134 0.09992006394884093
0 0.517259978425027 0.8848920863309353 0.19956850053937433 0.11830535571542766
0 0.7108953613807982 0.8752997601918465 0.18770226537216828 0.1135091926458833
0 0.6407766990291263 0.7629896083133493 0.15102481121898598 0.11590727418065548
0 0.8015102481121898 0.12310151878497202 0.13807982740021574 0.1135091926458833
0 0.9266450916936354 0.11670663469224621 0.1186623516720604 0.1278976818545164
0 0.7357065803667745 0.23820943245403678 0.1423948220064725 0.11510791366906475
0 0.5145631067961165 0.34972022382094325 0.1704422869471413 0.12709832134292565
0 0.6682847896440129 0.35291766586730616 0.13268608414239483 0.11750599520383694
0 0.8203883495145631 0.3521183053557154 0.13915857605177995 0.09192645883293366
0 0.2912621359223301 0.4864108713029576 0.20711974110032363 0.1398880895283773
0 0.48651564185544766 0.4832134292565947 0.19848975188781015 0.14308553157474022
0 0.6504854368932039 0.4904076738609113 0.12081984897518878 0.1223021582733813
0 0.7578209277238404 0.4712230215827338 0.13052858683926646 0.11910471622701839
0 0.8473570658036678 0.24100719424460432 0.11326860841423948 0.11750599520383694
0 0.7799352750809061 0.7581934452438049 0.1423948220064725 0.13029576338928858
0 0.40722761596548 0.11670663469224621 0.12837108953613807 0.1135091926458833
0 0.46871628910463864 0.23501199040767387 0.4002157497303128 0.12629896083133493
0 0.3818770226537217 0.7597921662669864 0.38403451995685006 0.13828936850519585
0 0.19363538295577132 0.6366906474820144 0.1930960086299892 0.11270983213429256
0 0.10841423948220065 0.8713029576338929 0.1866235167206041 0.12629896083133493
0 0.9077669902912622 0.473621103117506 0.17367853290183388 0.14148681055155876
0 0.9115426105717368 0.762589928057554 0.1488673139158576 0.11510791366906475
0 0.9687162891046386 0.6107114308553158 0.05825242718446602 0.13589128697042366
0 0.9509169363538296 0.34932054356514786 0.10679611650485436 0.10711430855315747
0 0.9509169363538296 0.23421262989608313 0.09816612729234088 0.11031175059952038
0 0.8613807982740022 0.8776978417266187 0.12837108953613807 0.10871302957633892
0 0.24487594390507011 0.9608313349320543 0.1553398058252427 0.07833733013589128
0 0.41585760517799353 0.9644284572342127 0.19956850053937433 0.07434052757793765
0 0.5598705501618123 0.9728217426059153 0.08414239482200647 0.0639488409272582
0 0.6763754045307443 0.9688249400479616 0.14023732470334413 0.06554756195043965
0 0.802049622437972 0.9624300559552358 0.13052858683926646 0.060751398880895285
0 0.9137001078748651 0.9564348521183054 0.10787486515641856 0.058353317346123104
