0 0.29782833505687695 0.6030640668523677 0.17580144777662876 0.17548746518105848
0 0.6654601861427094 0.8997214484679665 0.17476732161323683 0.14856081708449395
0 0.8624612202688728 0.8909006499535748 0.21923474663908996 0.14206128133704735
0 0.48138572905894517 0.6123491179201486 0.125129265770424 0.181058495821727
0 0.7378490175801448 0.6012070566388115 0.24922440537745605 0.15506035283194058
0 0.19441571871768357 0.7502321262766946 0.2688728024819028 0.1392757660167131
0 0.4565667011375388 0.7567316620241411 0.2595656670113754 0.14484679665738162
0 0.8660806618407446 0.7246982358402971 0.2533609100310238 0.16434540389972144
0 0.14581178903826267 0.1457753017641597 0.1923474663908997 0.14484679665738162
0 0.35470527404343327 0.14763231197771587 0.18200620475698034 0.20055710306406685
0 0.704239917269907 0.1425255338904364 0.16339193381592554 0.14206128133704735
0 0.8510858324715616 0.15877437325905291 0.13029989658738367 0.1745589600742804
0 0.5196483971044468 0.13834726090993502 0.20165460186142709 0.1541318477251625
0 0.4301964839710445 0.8978644382544104 0.29162357807652534 0.14484679665738162
0 0.16752843846949328 0.8918291550603529 0.2378490175801448 0.14391829155060354
0 0.13391933815925544 0.6025998142989787 0.15201654601861428 0.16898792943361188
0 0.656670113753878 0.7539461467038069 0.16132368148914167 0.14298978644382543
