0 0.6025219298245614 0.07519157088122605 0.15899122807017543 0.10440613026819924
0 0.43530701754385964 0.07423371647509579 0.17543859649122806 0.11015325670498084
0 0.7741228070175439 0.07902298850574713 0.17982456140350878 0.12739463601532566
0 0.6633771929824561 0.20881226053639848 0.1425438596491228 0.12835249042145594
0 0.19078947368421054 0.09195402298850575 0.3092105263157895 0.13984674329501914
0 0.4588815789473684 0.21264367816091953 0.2708333333333333 0.13984674329501914
0 0.1650219298245614 0.23802681992337166 0.30153508771929827 0.1503831417624521
0 0.16337719298245615 0.4774904214559387 0.2543859649122807 0.11398467432950192
0 0.6957236842105263 0.45306513409961685 0.16337719298245615 0.11685823754789272
0 0.825109649122807 0.44588122605363983 0.10197368421052631 0.13122605363984674
0 0.17324561403508773 0.953544061302682 0.2543859649122807 0.08141762452107279
0 0.7395833333333334 0.9458812260536399 0.20723684210526316 0.09674329501915709
0 0.1600877192982456 0.7777777777777778 0.25219298245614036 0.12260536398467432
0 0.38377192982456143 0.4631226053639847 0.19517543859649122 0.12739463601532566
0 0.4303728070175439 0.771551724137931 0.26644736842105265 0.1024904214559387
0 0.8349780701754386 0.18773946360153257 0.16557017543859648 0.08237547892720307
0 0.8596491228070176 0.3218390804597701 0.16447368421052633 0.1417624521072797
0 0.6485745614035088 0.3314176245210728 0.18311403508771928 0.13984674329501914
0 0.46765350877192985 0.33860153256704983 0.18530701754385964 0.14655172413793102
0 0.10087719298245613 0.367816091954023 0.16885964912280702 0.11877394636015326
0 0.8212719298245614 0.757183908045977 0.2807017543859649 0.1024904214559387
0 0.18201754385964913 0.8726053639846744 0.26096491228070173 0.10919540229885058
0 0.16228070175438597 0.5804597701149425 0.2565789473684211 0.10344827586206896
0 0.47368421052631576 0.5727969348659003 0.3706140350877193 0.10919540229885058
0 0.71875 0.5670498084291188 0.11074561403508772 0.11685823754789272
0 0.8519736842105263 0.560823754789272 0.1513157894736842 0.10440613026819924
0 0.42872807017543857 0.8625478927203065 0.23684210526315788 0.11206896551724138
0 0.6178728070175439 0.8472222222222222 0.14583333333333334 0.12931034482758622
0 0.8305921052631579 0.8467432950191571 0.28399122807017546 0.1053639846743295
0 0.5460526315789473 0.453544061302682 0.13815789473684212 0.09865900383141762
0 0.9616228070175439 0.5598659003831418 0.07456140350877193 0.1024904214559387
0 0.16831140350877194 0.6781609195402298 0.27521929824561403 0.09770114942528736
0 0.5553728070175439 0.6762452107279694 0.24232456140350878 0.09003831417624521
0 0.8081140350877193 0.6661877394636015 0.27631578947368424 0.1024904214559387
