0 0.31486068111455107 0.2320455671124319 0.1195046439628483 0.05993065874195146
0 0.47213622291021673 0.2283308568598316 0.09845201238390093 0.06537890044576523
0 0.856656346749226 0.22337790985636455 0.20495356037151702 0.06042595344229817
0 0.08297213622291022 0.23972263496780585 0.09535603715170278 0.06141654284299158
0 0.1804953560371517 0.23303615651312531 0.06749226006191951 0.0629024269440317
0 0.34055727554179566 0.29271916790490343 0.08792569659442724 0.06934125804853888
0 0.09318885448916409 0.35066864784546803 0.11578947368421053 0.06240713224368499
0 0.19938080495356036 0.3548786527984151 0.08668730650154799 0.05398712233779099
0 0.27337461300309596 0.3526498266468549 0.06130030959752322 0.05646359583952452
0 0.3588235294117647 0.35438335809806837 0.10835913312693499 0.06191183754333829
0 0.4569659442724458 0.35240217929668155 0.08173374613003095 0.06587419514611194
0 0.538390092879257 0.34744923229321445 0.08730650154798762 0.0638930163447251
0 0.6145510835913313 0.3472015849430411 0.04891640866873065 0.0633977216443784
0 0.7247678018575852 0.3424962852897474 0.1628482972136223 0.070827142149579
0 0.8854489164086687 0.3405151064883606 0.1585139318885449 0.07379891035165924
0 0.07151702786377709 0.4110946012877662 0.07368421052631578 0.05943536404160475
0 0.05386996904024768 0.47573055968301137 0.04086687306501548 0.06191183754333829
0 0.17430340557275542 0.41233283803863297 0.13808049535603714 0.0629024269440317
0 0.165015479876161 0.47325408618127784 0.15665634674922602 0.06092124814264487
0 0.32136222910216716 0.47052996532937097 0.16470588235294117 0.06636948984645864
0 0.3263157894736842 0.41183754333828626 0.1721362229102167 0.05596830113917781
0 0.5015479876160991 0.46433878157503716 0.14241486068111456 0.05993065874195146
0 0.143343653250774 0.12134720158494304 0.21981424148606812 0.05844477464091134
0 0.2888544891640867 0.11738484398216939 0.06749226006191951 0.06934125804853888
0 0.3606811145510836 0.11763249133234274 0.07368421052631578 0.05299653293709757
0 0.5201238390092879 0.11367013372956909 0.21795665634674924 0.05894006934125805
0 0.7021671826625387 0.11144130757800892 0.13498452012383902 0.06636948984645864
0 0.8569659442724458 0.1109460128776622 0.18080495356037152 0.06042595344229817
0 0.6396284829721363 0.1743437345220406 0.14489164086687306 0.05646359583952452
0 0.8368421052631579 0.16319960376423973 0.2260061919504644 0.06884596334819218
0 0.5532507739938081 0.2838038632986627 0.16408668730650156 0.06141654284299158
0 0.865015479876161 0.27513620604259537 0.19442724458204336 0.05993065874195146
0 0.6693498452012384 0.45988112927191677 0.1956656346749226 0.06488360574541853
0 0.8613003095975232 0.454432887568103 0.19442724458204336 0.07478949975235265
0 0.4761609907120743 0.529470034670629 0.14241486068111456 0.06240713224368499
0 0.16563467492260062 0.29370975730559684 0.2718266253869969 0.06141654284299158
0 0.6077399380804953 0.4063893016344725 0.19752321981424148 0.05299653293709757
0 0.7857585139318886 0.4034175334323923 0.1634674922600619 0.0470529965329371
0 0.5238390092879257 0.6926696384348687 0.07554179566563468 0.06488360574541853
0 0.6015479876160991 0.6909361069836553 0.09226006191950464 0.06537890044576523
0 0.6925696594427244 0.6909361069836553 0.09969040247678018 0.06934125804853888
0 0.8489164086687306 0.6884596334819217 0.2154798761609907 0.06438831104507181
0 0.8588235294117647 0.6359583952451708 0.18823529411764706 0.05151064883605745
0 0.8498452012383901 0.5812283308568599 0.15417956656346749 0.05299653293709757
0 0.6297213622291021 0.58345715700842 0.1585139318885449 0.06240713224368499
0 0.45572755417956656 0.5864289252105003 0.12507739938080495 0.06636948984645864
0 0.32136222910216716 0.5864289252105003 0.10030959752321982 0.06835066864784546
0 0.8374613003095975 0.05052005943536404 0.08111455108359134 0.0633977216443784
0 0.451702786377709 0.05646359583952452 0.1021671826625387 0.05745418524021793
0 0.3479876160990712 0.5289747399702823 0.11764705882352941 0.05745418524021793
