0 0.13431269674711438 0.459211732355637 0.161594963273872 0.15032080659945005
0 0.39087093389296956 0.4376718606782768 0.20461699895068206 0.15490375802016498
0 0.7245540398740818 0.42896425297891844 0.391395592864638 0.15582034830430797
0 0.12749213011542498 0.6127406049495875 0.1248688352570829 0.15307057745187902
0 0.13431269674711438 0.7438130155820348 0.2098635886673662 0.10174152153987168
0 0.7266526757607555 0.7204399633363886 0.18153200419727178 0.11732355637030248
0 0.21143756558237145 0.18835930339138404 0.30325288562434416 0.11824014665444546
0 0.5508919202518363 0.05545371219065078 0.14270724029380902 0.12007332722273144
0 0.6673662119622246 0.05453712190650779 0.10283315844700944 0.12190650779101742
0 0.8499475341028332 0.06003666361136572 0.2602308499475341 0.11824014665444546
0 0.35939139559286465 0.736480293308891 0.24239244491080797 0.12190650779101742
0 0.5634837355718783 0.7282309807516041 0.1720881427072403 0.12923923006416133
0 0.29275970619097585 0.5820348304307974 0.16369359916054566 0.14115490375802017
0 0.4842602308499475 0.5898258478460129 0.21511017838405036 0.15307057745187902
0 0.8252885624344176 0.576076993583868 0.2088142707240294 0.15490375802016498
0 0.657922350472193 0.5820348304307974 0.13641133263378805 0.15948670944087992
0 0.835781741867786 0.2901008249312557 0.20671563483735572 0.12557286892758937
0 0.5981112277019937 0.28780934922089824 0.2770199370409234 0.14482126489459213
0 0.4737670514165792 0.16498625114573787 0.2402938090241343 0.10632447296058661
0 0.3824763903462749 0.05728689275893675 0.21511017838405036 0.10907424381301559
0 0.17785939139559287 0.056370302474793764 0.18572927597061908 0.0999083409715857
0 0.7649527806925498 0.1691109074243813 0.36096537250786986 0.10174152153987168
0 0.8824763903462749 0.7080659945004583 0.1385099685204617 0.1384051329055912
0 0.1657922350472193 0.8208065994500459 0.13011542497376705 0.07424381301558204
0 0.2607555089192025 0.8446379468377635 0.35991605456453307 0.13473877176901924
0 0.5776495278069255 0.8345554537121906 0.28226652675760755 0.10540788267644363
0 0.12749213011542498 0.9321723189734189 0.19202518363064008 0.08249312557286893
0 0.3095487932843652 0.9404216315307058 0.19727177334732424 0.08799266727772685
0 0.5372507869884575 0.9381301558203483 0.22875131164742918 0.09440879926672777
0 0.7392444910807975 0.9303391384051329 0.18363064008394545 0.11365719523373052
0 0.8342077649527807 0.8194317140238313 0.2539349422875131 0.11915673693858846
0 0.959601259181532 0.5357470210815766 0.07869884575026233 0.1457378551787351
