0 0.12382978723404256 0.21631736526946108 0.16085106382978723 0.29790419161676646
0 0.12212765957446808 0.4513473053892216 0.14893617021276595 0.15119760479041916
0 0.6919148936170213 0.39221556886227543 0.10042553191489362 0.2155688622754491
0 0.683404255319149 0.16991017964071856 0.23319148936170211 0.25299401197604793
0 0.8940425531914894 0.16541916167664672 0.1574468085106383 0.25
0 0.4472340425531915 0.1781437125748503 0.17106382978723406 0.2964071856287425
0 0.3123404255319149 0.18338323353293412 0.09702127659574468 0.29191616766467066
0 0.8859574468085106 0.39146706586826346 0.21106382978723404 0.18113772455089822
0 0.48808510638297875 0.41916167664670656 0.25446808510638297 0.20359281437125748
0 0.5042553191489362 0.7791916167664671 0.2 0.18712574850299402
0 0.4621276595744681 0.6025449101796407 0.3131914893617021 0.21107784431137724
0 0.8651063829787234 0.7470059880239521 0.15574468085106383 0.16467065868263472
0 0.66 0.5479041916167665 0.0825531914893617 0.09580838323353294
0 0.7072340425531914 0.5733532934131736 0.19404255319148936 0.2155688622754491
0 0.8774468085106383 0.5703592814371258 0.16851063829787233 0.19161676646706588
