0 0.34809523809523807 0.5033167495854063 0.16666666666666666 0.08236594803758983
0 0.48857142857142855 0.5046987285793256 0.07809523809523809 0.09286898839137644
0 0.6195238095238095 0.5069098949695965 0.15904761904761905 0.08402432283029299
0 0.2123809523809524 0.5080154781647319 0.09714285714285714 0.07849640685461581
0 0.13857142857142857 0.07048092868988391 0.20476190476190476 0.09342177998894417
0 0.4195238095238095 0.07131011608623548 0.28476190476190477 0.09176340519624102
0 0.7923809523809524 0.061083471531232725 0.2704761904761905 0.0845771144278607
0 0.1295238095238095 0.1498065229408513 0.1219047619047619 0.055279159756771695
0 0.21761904761904763 0.15146489773355445 0.07142857142857142 0.0619126589275843
0 0.37333333333333335 0.144555002763958 0.19238095238095237 0.06246545052515202
0 0.8171428571428572 0.13073521282476505 0.23809523809523808 0.07904919845218353
0 0.11666666666666667 0.2283029297954671 0.17238095238095238 0.07739082365948037
0 0.2561904761904762 0.22360420121614152 0.08952380952380952 0.07241569928137093
0 0.39 0.2064676616915423 0.16285714285714287 0.07904919845218353
0 0.5752380952380952 0.2017689331122167 0.1523809523809524 0.08402432283029299
0 0.6928571428571428 0.2064676616915423 0.08285714285714285 0.06688778330569375
0 0.8133333333333334 0.20536207849640686 0.1219047619047619 0.07462686567164178
0 0.9514285714285714 0.19872857932559426 0.06857142857142857 0.07573244886677723
0 0.14095238095238094 0.31785516860143725 0.14666666666666667 0.08402432283029299
0 0.3171428571428571 0.30127142067440577 0.2342857142857143 0.08844665561083472
0 0.48714285714285716 0.291044776119403 0.09238095238095238 0.06357103372028745
0 0.6057142857142858 0.2882808181315644 0.14857142857142858 0.07904919845218353
0 0.7347619047619047 0.28883360972913213 0.06 0.08015478164731896
0 0.8547619047619047 0.2788833609729132 0.13428571428571429 0.0945273631840796
0 0.10809523809523809 0.5052515201768933 0.10952380952380952 0.08291873963515754
0 0.7947619047619048 0.49834162520729686 0.19523809523809524 0.0945273631840796
0 0.19428571428571428 0.5862354892205639 0.25333333333333335 0.07904919845218353
0 0.8628571428571429 0.5621890547263682 0.22476190476190477 0.09839690436705362
0 0.16333333333333333 0.6741293532338308 0.21619047619047618 0.09231619679380873
0 0.33904761904761904 0.6766169154228856 0.10095238095238095 0.09176340519624102
0 0.4685714285714286 0.6710889994472085 0.12571428571428572 0.10281923714759536
0 0.5852380952380952 0.6622443338861249 0.10380952380952381 0.09950248756218906
0 0.700952380952381 0.6506357103372029 0.14095238095238094 0.07407407407407407
0 0.8442857142857143 0.6531232725262576 0.1380952380952381 0.09563294637921503
0 0.8185714285714286 0.7946379215035931 0.26761904761904765 0.0912106135986733
0 0.6976190476190476 0.9657269209508016 0.1380952380952381 0.06744057490326147
0 0.8661904761904762 0.9596462133775566 0.1895238095238095 0.07407407407407407
0 0.0919047619047619 0.8283582089552238 0.12857142857142856 0.07683803206191266
0 0.26 0.8217247097844113 0.23238095238095238 0.0779436152570481
0 0.18095238095238095 0.8922056384742952 0.1980952380952381 0.06301824212271974
0 0.34904761904761905 0.8977335544499724 0.15142857142857144 0.06744057490326147
0 0.49476190476190474 0.8938640132669984 0.16476190476190475 0.07960199004975124
0 0.6323809523809524 0.8869541182974019 0.15047619047619049 0.07573244886677723
0 0.7566666666666667 0.892758430071863 0.11142857142857143 0.07739082365948037
0 0.8885714285714286 0.8841901603095633 0.18857142857142858 0.09673852957435047
0 0.1880952380952381 0.9566058595909342 0.19142857142857142 0.06025428413488115
0 0.36 0.9640685461580984 0.1523809523809524 0.05306799336650083
0 0.5161904761904762 0.9690436705362079 0.19047619047619047 0.05306799336650083
