0 0.21213872832369943 0.1261780104712042 0.2208092485549133 0.1769633507853403
0 0.4213872832369942 0.13403141361256546 0.1676300578034682 0.16963350785340314
0 0.15606936416184972 0.2994764397905759 0.13872832369942195 0.1486910994764398
0 0.38034682080924853 0.293717277486911 0.24508670520231213 0.14345549738219895
0 0.14219653179190753 0.5539267015706806 0.18034682080924855 0.15287958115183245
0 0.3202312138728324 0.5523560209424084 0.17572254335260115 0.13926701570680627
0 0.5115606936416185 0.5507853403141362 0.176878612716763 0.12774869109947645
0 0.6890173410404624 0.5486910994764398 0.16878612716763006 0.12984293193717278
0 0.8734104046242774 0.5314136125654451 0.2115606936416185 0.13926701570680627
0 0.23699421965317918 0.681151832460733 0.353757225433526 0.10157068062827225
0 0.1375722543352601 0.8366492146596859 0.14797687861271677 0.14031413612565444
0 0.3023121387283237 0.8382198952879581 0.1283236994219653 0.16649214659685863
0 0.5017341040462427 0.8329842931937173 0.22658959537572254 0.12879581151832462
0 0.8115606936416185 0.8287958115183246 0.30520231213872834 0.1581151832460733
0 0.6011560693641619 0.12094240837696335 0.19653179190751446 0.14973821989528796
0 0.8335260115606936 0.10575916230366492 0.2682080924855491 0.1256544502617801
0 0.49710982658959535 0.6916230366492147 0.17109826589595376 0.13507853403141362
0 0.7104046242774567 0.6774869109947644 0.26242774566473986 0.14659685863874344
0 0.7745664739884393 0.4041884816753927 0.23352601156069364 0.14659685863874344
0 0.6664739884393064 0.2753926701570681 0.35028901734104045 0.18010471204188483
0 0.9179190751445087 0.6670157068062827 0.15260115606936417 0.1486910994764398
