0 0.8437067773167358 0.7366412213740458 0.21023513139695713 0.13994910941475827
0 0.6701244813278008 0.7633587786259542 0.14246196403872752 0.13486005089058525
0 0.3893499308437068 0.09351145038167939 0.36099585062240663 0.16412213740458015
0 0.8755186721991701 0.08842239185750636 0.11065006915629322 0.14376590330788805
0 0.6846473029045643 0.089058524173028 0.22959889349930843 0.16539440203562342
0 0.06915629322268327 0.2951653944020356 0.11894882434301521 0.15776081424936386
0 0.26556016597510373 0.27989821882951654 0.26832641770401106 0.178117048346056
0 0.47717842323651455 0.2703562340966921 0.1908713692946058 0.1717557251908397
0 0.7448132780082988 0.2608142493638677 0.3499308437067773 0.1806615776081425
0 0.11756569847856155 0.4440203562340967 0.1825726141078838 0.13740458015267176
0 0.2863070539419087 0.4402035623409669 0.20470262793914246 0.15521628498727735
0 0.13623789764868602 0.6081424936386769 0.21991701244813278 0.15776081424936386
0 0.5096818810511756 0.6106870229007634 0.330567081604426 0.1628498727735369
0 0.1355463347164592 0.7703562340966921 0.1991701244813278 0.19720101781170485
0 0.3091286307053942 0.7697201017811705 0.20885200553250347 0.16539440203562342
0 0.48824343015214383 0.7709923664122137 0.23236514522821577 0.16793893129770993
0 0.8208852005532503 0.5966921119592875 0.3029045643153527 0.1628498727735369
0 0.1078838174273859 0.12659033078880408 0.1632088520055325 0.15903307888040713
0 0.6286307053941909 0.43320610687022904 0.5048409405255878 0.1743002544529262
0 0.9294605809128631 0.4306615776081425 0.1078838174273859 0.1692111959287532
0 0.843015214384509 0.8797709923664122 0.12033195020746888 0.07506361323155217
