0 0.5535947712418301 0.15625 0.29673202614379085 0.18990384615384615
0 0.1084967320261438 0.1466346153846154 0.16993464052287582 0.16346153846153846
0 0.5836601307189543 0.3425480769230769 0.30718954248366015 0.18269230769230768
0 0.14313725490196078 0.8780048076923077 0.2261437908496732 0.20793269230769232
0 0.36470588235294116 0.9032451923076923 0.19084967320261437 0.17427884615384615
0 0.7091503267973857 0.8864182692307693 0.4196078431372549 0.1814903846153846
0 0.2065359477124183 0.6412259615384616 0.4130718954248366 0.17427884615384615
0 0.08627450980392157 0.328125 0.18823529411764706 0.21875
0 0.31633986928104574 0.34314903846153844 0.25620915032679736 0.20793269230769232
0 0.49084967320261436 0.6995192307692307 0.1738562091503268 0.20432692307692307
0 0.8196078431372549 0.17127403846153846 0.19869281045751633 0.17427884615384615
0 0.7098039215686275 0.6935096153846154 0.26666666666666666 0.2091346153846154
0 0.918954248366013 0.7139423076923077 0.16470588235294117 0.22596153846153846
0 0.2777777777777778 0.15084134615384615 0.23660130718954248 0.1622596153846154
0 0.8490196078431372 0.47896634615384615 0.28627450980392155 0.15504807692307693
