0 0.6363636363636364 0.3194291986827662 0.21645021645021645 0.1668496158068057
0 0.8555194805194806 0.3150384193194292 0.2435064935064935 0.18221734357848518
0 0.7445887445887446 0.8874862788144896 0.40476190476190477 0.16575192096597147
0 0.19534632034632035 0.8863885839736553 0.1396103896103896 0.132821075740944
0 0.4053030303030303 0.8841931942919868 0.14393939393939395 0.15477497255762898
0 0.8446969696969697 0.6514818880351262 0.27164502164502163 0.17892425905598244
0 0.34145021645021645 0.31668496158068055 0.2067099567099567 0.11306256860592755
0 0.17316017316017315 0.48902305159165754 0.16017316017316016 0.16575192096597147
0 0.1958874458874459 0.7535675082327113 0.19480519480519481 0.150384193194292
0 0.4296536796536797 0.4659714599341383 0.37012987012987014 0.150384193194292
0 0.6931818181818182 0.4807903402854007 0.22186147186147187 0.16245883644346873
0 0.8760822510822511 0.49286498353457736 0.16125541125541126 0.15148188803512624
0 0.6704545454545454 0.756860592755214 0.32142857142857145 0.11525795828759605
