0 0.15011415525114155 0.305365296803653 0.1541095890410959 0.1541095890410959
0 0.396689497716895 0.2968036529680365 0.2705479452054795 0.16666666666666666
0 0.7374429223744292 0.329337899543379 0.1004566210045662 0.1495433789954338
0 0.11358447488584475 0.4977168949771689 0.10159817351598173 0.1963470319634703
0 0.23687214611872145 0.4948630136986301 0.17922374429223745 0.18835616438356165
0 0.5057077625570776 0.4714611872146119 0.3401826484018265 0.182648401826484
0 0.7876712328767124 0.4805936073059361 0.2465753424657534 0.17579908675799086
0 0.1329908675799087 0.6792237442922374 0.16095890410958905 0.17579908675799086
0 0.3493150684931507 0.6769406392694064 0.24885844748858446 0.20776255707762556
0 0.1375570776255708 0.12442922374429223 0.11073059360730593 0.19863013698630136
0 0.16210045662100456 0.8744292237442922 0.19863013698630136 0.1643835616438356
0 0.3270547945205479 0.8692922374429224 0.1449771689497717 0.1678082191780822
0 0.5188356164383562 0.8476027397260274 0.21575342465753425 0.1449771689497717
0 0.8835616438356164 0.2968036529680365 0.1689497716894977 0.1917808219178082
