0 0.39138134592680046 0.6671763506625892 0.3270365997638725 0.1620795107033639
0 0.16765053128689492 0.8287461773700305 0.3116883116883117 0.17329255861365953
0 0.640495867768595 0.6503567787971458 0.18536009445100354 0.17737003058103976
0 0.436245572609209 0.8353720693170235 0.21369539551357733 0.17227319062181448
0 0.12987012987012986 0.664118246687054 0.1959858323494687 0.1783893985728848
0 0.8518299881936245 0.6539245667686034 0.23258559622195984 0.1396534148827727
0 0.9391971664698937 0.8144750254841998 0.1357733175914994 0.15698267074413863
0 0.667060212514758 0.7996941896024465 0.16292798110979928 0.08256880733944955
0 0.7095631641086186 0.8195718654434251 0.33530106257378983 0.18144750254842
0 0.49173553719008267 0.9531090723751274 0.17591499409681227 0.07951070336391437
0 0.7868949232585596 0.9434250764525994 0.3837072018890201 0.10091743119266056
