0 0.10472610096670247 0.10088888888888889 0.08055853920515575 0.13244444444444445
0 0.35660580021482274 0.07022222222222223 0.1439312567132116 0.09066666666666667
0 0.6954887218045113 0.18222222222222223 0.11707841031149302 0.10666666666666667
0 0.41407089151450055 0.192 0.23737916219119226 0.11911111111111111
0 0.5821697099892589 0.18711111111111112 0.10741138560687433 0.11822222222222223
0 0.11815252416756176 0.5457777777777778 0.2083780880773362 0.11555555555555555
0 0.32706766917293234 0.5453333333333333 0.19871106337271752 0.1111111111111111
0 0.48281417830290013 0.5386666666666666 0.12996777658431793 0.12977777777777777
0 0.21535982814178303 0.07422222222222222 0.14070891514500536 0.104
0 0.7416756176154672 0.31333333333333335 0.09344790547798067 0.12711111111111112
0 0.5354457572502686 0.07111111111111111 0.2158968850698174 0.13155555555555556
0 0.575187969924812 0.30933333333333335 0.24167561761546724 0.1351111111111111
0 0.8635875402792696 0.31466666666666665 0.11600429645542427 0.14755555555555555
0 0.15467239527389903 0.21422222222222223 0.26852846401718583 0.13333333333333333
0 0.1004296455424275 0.3408888888888889 0.17293233082706766 0.14133333333333334
0 0.3200859291084855 0.32622222222222225 0.2663802363050483 0.1368888888888889
0 0.10687432867883996 0.6408888888888888 0.15574650912996776 0.11733333333333333
0 0.3098818474758324 0.6622222222222223 0.2158968850698174 0.12266666666666666
0 0.4527389903329753 0.6542222222222223 0.08485499462943072 0.11911111111111111
0 0.8211600429645542 0.6564444444444445 0.31901181525241673 0.1448888888888889
0 0.7733619763694952 0.7777777777777778 0.2814178302900107 0.11555555555555555
0 0.7126745435016112 0.424 0.1686358754027927 0.11022222222222222
0 0.8877551020408163 0.424 0.19011815252416756 0.10666666666666667
0 0.8216970998925887 0.18577777777777776 0.1310418904403867 0.10666666666666667
0 0.7755102040816326 0.07111111111111111 0.24060150375939848 0.12622222222222224
0 0.6192266380236305 0.5031111111111111 0.09774436090225563 0.06933333333333333
0 0.7620837808807733 0.536 0.4242749731471536 0.12088888888888889
