0 0.115625 0.0979572887650882 0.17767857142857144 0.16248839368616527
0 0.3825892857142857 0.08124419684308264 0.29375 0.1606313834726091
0 0.8138392857142858 0.680594243268338 0.3098214285714286 0.18198700092850512
0 0.8035714285714286 0.5037140204271123 0.3464285714285714 0.20891364902506965
0 0.44910714285714287 0.49442896935933145 0.36607142857142855 0.23119777158774374
0 0.684375 0.08310120705663882 0.24732142857142858 0.13649025069637882
0 0.8683035714285714 0.08495821727019498 0.12767857142857142 0.14020427112349118
0 0.6401785714285714 0.2711234911792015 0.14285714285714285 0.18384401114206128
0 0.8544642857142857 0.26508820798514393 0.16607142857142856 0.18662952646239556
0 0.41160714285714284 0.26740947075208915 0.275 0.2191272051996286
0 0.13973214285714286 0.26648096564531104 0.2294642857142857 0.19312906220984216
0 0.15625 0.5023212627669452 0.2125 0.19127205199628597
