0 0.15234822451317298 0.09257679180887372 0.2313860252004582 0.09812286689419795
0 0.39347079037800686 0.08148464163822526 0.25773195876288657 0.11518771331058021
0 0.5824742268041238 0.07721843003412969 0.12714776632302405 0.11860068259385666
0 0.711340206185567 0.07593856655290103 0.11225658648339061 0.11604095563139932
0 0.8384879725085911 0.07124573378839591 0.12600229095074456 0.0947098976109215
0 0.6025200458190149 0.18088737201365188 0.16036655211912945 0.08191126279863481
0 0.8356242840778924 0.1689419795221843 0.27605956471935855 0.09385665529010238
0 0.9444444444444444 0.06271331058020478 0.07903780068728522 0.08959044368600683
0 0.07789232531500573 0.28668941979522183 0.12142038946162657 0.10068259385665529
0 0.2376861397479954 0.28284982935153585 0.18671248568155785 0.09982935153583618
0 0.3865979381443299 0.27687713310580203 0.1156930126002291 0.0947098976109215
0 0.5120274914089347 0.2717576791808874 0.12600229095074456 0.08959044368600683
0 0.6260022909507446 0.26578498293515357 0.12027491408934708 0.08617747440273038
0 0.736540664375716 0.2619453924914676 0.09392898052691867 0.07679180887372014
0 0.6323024054982818 0.34982935153583616 0.13974799541809851 0.09044368600682594
0 0.8344788087056129 0.3506825938566553 0.25773195876288657 0.09897610921501707
0 0.7989690721649485 0.454778156996587 0.1156930126002291 0.08020477815699659
0 0.07331042382588775 0.46544368600682595 0.10767468499427263 0.0810580204778157
0 0.0572737686139748 0.5844709897610921 0.09621993127147767 0.08020477815699659
0 0.07846506300114547 0.7824232081911263 0.140893470790378 0.09215017064846416
0 0.19072164948453607 0.5806313993174061 0.1729667812142039 0.09129692832764505
0 0.33906071019473083 0.5802047781569966 0.13287514318442153 0.10068259385665529
0 0.44902634593356244 0.5738054607508533 0.08247422680412371 0.0878839590443686
0 0.5498281786941581 0.5674061433447098 0.10767468499427263 0.09556313993174062
0 0.6958762886597938 0.5575938566552902 0.18442153493699887 0.09300341296928327
0 0.8493699885452463 0.5469283276450512 0.10423825887743414 0.09556313993174062
0 0.2468499427262314 0.7764505119453925 0.18900343642611683 0.09385665529010238
0 0.4289805269186712 0.773037542662116 0.1729667812142039 0.09044368600682594
0 0.5675830469644902 0.768344709897611 0.09278350515463918 0.09129692832764505
0 0.7164948453608248 0.761518771331058 0.1981672394043528 0.09129692832764505
0 0.9129438717067583 0.7598122866894198 0.12142038946162657 0.1015358361774744
0 0.08419243986254296 0.8831058020477816 0.12714776632302405 0.10068259385665529
0 0.5882016036655212 0.6591296928327645 0.13860252004581902 0.09300341296928327
0 0.8092783505154639 0.6514505119453925 0.2829324169530355 0.11006825938566553
0 0.7623138602520045 0.8720136518771331 0.12714776632302405 0.1075085324232082
0 0.9117983963344788 0.8720136518771331 0.16036655211912945 0.10921501706484642
0 0.31844215349369986 0.4718430034129693 0.2016036655211913 0.09215017064846416
0 0.48109965635738833 0.4667235494880546 0.12142038946162657 0.09385665529010238
0 0.645475372279496 0.45861774744027306 0.18900343642611683 0.08959044368600683
0 0.9507445589919816 0.5409556313993175 0.08476517754868271 0.08703071672354949
0 0.3087056128293242 0.8656143344709898 0.09736540664375716 0.08959044368600683
0 0.44788087056128295 0.8694539249146758 0.19014891179839633 0.10580204778156997
0 0.6219931271477663 0.8694539249146758 0.16953035509736541 0.10580204778156997
0 0.20217640320733105 0.8707337883959044 0.12485681557846506 0.09641638225255973
0 0.22508591065292097 0.6766211604095563 0.11798396334478808 0.09726962457337884
0 0.3900343642611684 0.6770477815699659 0.21191294387170675 0.1015358361774744
0 0.17353951890034364 0.4684300341296928 0.1111111111111111 0.10580204778156997
0 0.8665521191294387 0.2619453924914676 0.1729667812142039 0.08703071672354949
0 0.9398625429553265 0.443259385665529 0.12256586483390607 0.1015358361774744
