0 0.36559679037111337 0.08145814581458145 0.10932798395185557 0.11971197119711971
0 0.462888665997994 0.22547254725472549 0.17753259779338015 0.15931593159315932
0 0.30641925777331996 0.21782178217821782 0.14343029087261785 0.126012601260126
0 0.18756268806419257 0.6521152115211521 0.2708124373119358 0.1323132313231323
0 0.5341023069207623 0.900990099009901 0.26980942828485455 0.162016201620162
0 0.8234704112337011 0.8937893789378938 0.28284854563691075 0.16021602160216022
0 0.21614844533600802 0.7641764176417641 0.3901705115346038 0.126012601260126
0 0.7321965897693079 0.6287128712871287 0.16850551654964896 0.11071107110711072
0 0.42076228686058176 0.644014401440144 0.19558676028084251 0.13771377137713772
0 0.4724172517552658 0.7664266426642664 0.1283851554663992 0.12151215121512152
0 0.6780341023069207 0.7560756075607561 0.28084252758274825 0.12421242124212421
0 0.89518555667001 0.7583258325832584 0.16950852557673018 0.11071107110711072
0 0.5812437311935807 0.6359135913591359 0.1334002006018054 0.1269126912691269
0 0.6429287863590772 0.23582358235823583 0.13640922768304914 0.1278127812781278
0 0.10832497492477432 0.08595859585958596 0.18254764292878636 0.1341134113411341
0 0.6078234704112337 0.0783078307830783 0.2748244734202608 0.126012601260126
0 0.10381143430290872 0.23402340234023403 0.15747241725175526 0.162016201620162
0 0.8686058174523571 0.6228622862286228 0.10631895687061184 0.12061206120612061
0 0.24072216649949849 0.9000900090009001 0.29889669007021064 0.1152115211521152
