0 0.1408898305084746 0.1719056974459725 0.17796610169491525 0.14734774066797643
0 0.12076271186440678 0.3280943025540275 0.1504237288135593 0.13555992141453832
0 0.1350635593220339 0.49263261296660116 0.15572033898305085 0.13457760314341846
0 0.17690677966101695 0.6463654223968566 0.2288135593220339 0.1237721021611002
0 0.3739406779661017 0.32711198428290766 0.2288135593220339 0.1512770137524558
0 0.350635593220339 0.50049115913556 0.2648305084745763 0.14243614931237722
0 0.7701271186440678 0.1468565815324165 0.2478813559322034 0.14636542239685657
0 0.6546610169491526 0.30893909626719057 0.288135593220339 0.15618860510805502
0 0.596927966101695 0.47838899803536344 0.21716101694915255 0.15520628683693516
0 0.861228813559322 0.46660117878192536 0.2478813559322034 0.14145383104125736
0 0.4375 0.1444007858546169 0.3771186440677966 0.17288801571709234
0 0.4528601694915254 0.6340864440078585 0.2934322033898305 0.1856581532416503
0 0.7123940677966102 0.6444007858546169 0.23622881355932204 0.137524557956778
0 0.9110169491525424 0.6331041257367387 0.1652542372881356 0.16404715127701375
0 0.6393008474576272 0.7858546168958742 0.4798728813559322 0.14538310412573674
0 0.8834745762711864 0.3118860510805501 0.13559322033898305 0.09332023575638507
0 0.9390889830508474 0.13998035363457761 0.0836864406779661 0.07760314341846758
