0 0.06078824315297261 0.2095449880260007 0.0841683366733467 0.04413274033527198
0 0.1486305945223781 0.20150530277112555 0.1008684034736139 0.046527540198426275
0 0.06279225116900468 0.24598015737256243 0.07214428857715431 0.03900102634279849
0 0.1629926519706079 0.23811152925076975 0.1282565130260521 0.04036948340745809
0 0.045090180360721446 0.1674649332877181 0.05678022712090848 0.0386589120766336
0 0.11690046760187041 0.16353061922682177 0.0895123580494322 0.04310639753677729
0 0.06546426185704743 0.3575094081423195 0.07080828323313293 0.03968525487512829
0 0.24649298597194388 0.34450906602805337 0.07214428857715431 0.04310639753677729
0 0.33867735470941884 0.3416010947656517 0.1229124916499666 0.0386589120766336
0 0.08082832331329326 0.28173109818679437 0.08817635270541083 0.04344851180294218
0 0.15831663326653306 0.27505986999657883 0.08817635270541083 0.041737940472117686
0 0.05978623914495658 0.3207321245295929 0.06212424849699399 0.035921997947314405
0 0.12692050768203073 0.31782415326719127 0.07615230460921844 0.04036948340745809
0 0.15497661990647962 0.35032500855285664 0.11088844355377421 0.04447485460143688
0 0.06245824983299933 0.3958262059527882 0.06346025384101536 0.0369483407458091
0 0.11389445557782231 0.3917208347588094 0.052772211088844355 0.04036948340745809
0 0.16867067468269872 0.3888128634964078 0.07682030728122913 0.03934314060896339
0 0.251503006012024 0.3857338351009237 0.11155644622578491 0.045501197399931574
0 0.23480293921175685 0.45552514539856315 0.07548430193720775 0.035237769414984604
0 0.3376753507014028 0.4476565172767704 0.12625250501002003 0.04276428327061239
0 0.3974615898463594 0.48152582962709545 0.10153640614562458 0.04071159767362299
0 0.30360721442885774 0.48768388641806365 0.09018036072144289 0.0379746835443038
0 0.21643286573146292 0.49196031474512486 0.08684034736138944 0.0376325692781389
0 0.4515698062792251 0.5578173109818679 0.10821643286573146 0.042080054738282587
0 0.5344021376085505 0.5554225111187137 0.0614562458249833 0.0386589120766336
0 0.33266533066132264 0.5641464249059186 0.12558450233800936 0.05131713992473486
0 0.15865063460253842 0.5747519671570305 0.24916499665998665 0.06021211084502224
0 0.09752839011356046 0.6217926787547041 0.11088844355377421 0.04344851180294218
0 0.12391449565798263 0.9373930892918235 0.14762859051436206 0.04310639753677729
0 0.2548430193720775 0.9375641464249059 0.11690046760187041 0.0366062264796442
0 0.10487641950567803 0.883167978104687 0.11623246492985972 0.03934314060896339
0 0.19472277889111556 0.879746835443038 0.07414829659318638 0.0379746835443038
0 0.28256513026052105 0.8732466643859049 0.10554442217768871 0.041395826205952786
0 0.3834335337341349 0.8681149503934315 0.09619238476953908 0.04823811152925077
0 0.06813627254509018 0.43243243243243246 0.07615230460921844 0.0383167978104687
0 0.19973279893119572 0.1599384194320903 0.08684034736138944 0.0386589120766336
0 0.11122244488977956 0.689873417721519 0.11289245156980628 0.05576462538487855
0 0.12725450901803606 0.7680465275401984 0.1516366065464262 0.05336982552172426
0 0.2535070140280561 0.7553882996920972 0.1062124248496994 0.04242216900444749
0 0.6523046092184369 0.7382825863838522 0.07147628590514363 0.041737940472117686
0 0.6092184368737475 0.8147451248717071 0.10420841683366733 0.046185425932261374
0 0.11790247160988644 0.842114266164899 0.1289245156980628 0.041395826205952786
0 0.24916499665998665 0.8373246664385905 0.12558450233800936 0.045501197399931574
0 0.7361389445557782 0.7297297297297297 0.12024048096192384 0.05473828258638385
0 0.041750167000668005 0.1312008210742388 0.05410821643286573 0.02976394115634622
0 0.09853039412157649 0.1288060212110845 0.0781563126252505 0.03181662675333562
0 0.1599866399465598 0.12230585015395141 0.052772211088844355 0.035237769414984604
0 0.3046092184368738 0.6052001368457065 0.10821643286573146 0.04036948340745809
0 0.40480961923847697 0.5961341087923366 0.09752839011356046 0.03318508381799521
0 0.49432197728790916 0.5903181662675333 0.0895123580494322 0.03386931235032501
0 0.5921843687374749 0.5834758809442354 0.11556446225784903 0.0379746835443038
0 0.6803607214428857 0.5824495381457406 0.06880427521710086 0.03318508381799521
0 0.3132932531730127 0.6377009921313719 0.058784235136940546 0.03352719808416011
0 0.38877755511022044 0.6289770783441669 0.09218436873747494 0.041395826205952786
0 0.48730794923179693 0.6250427642832707 0.10220440881763528 0.04036948340745809
0 0.603874415497662 0.6214505644885392 0.13092852371409486 0.03934314060896339
0 0.4004676018704075 0.6676359904208006 0.072812291249165 0.04276428327061239
0 0.489311957247829 0.6625042764283271 0.08884435537742151 0.041395826205952786
0 0.5778223112892451 0.6595963051659254 0.0788243152972612 0.0383167978104687
0 0.8486973947895792 0.7244269586041738 0.11690046760187041 0.05371193978788916
0 0.9352037408149633 0.7162162162162162 0.0788243152972612 0.04823811152925077
0 0.36305945223780894 0.7901128977078344 0.09819639278557114 0.041395826205952786
0 0.4712758851035404 0.7825863838522067 0.12090848363393454 0.04071159767362299
0 0.6082164328657315 0.7747177557304139 0.15564462257849032 0.0366062264796442
0 0.3837675350701403 0.7505986999657885 0.16633266533066132 0.05131713992473486
0 0.5327321309285237 0.738966814916182 0.1289245156980628 0.052001368457064656
0 0.1569806279225117 0.4278138898392063 0.10420841683366733 0.0386589120766336
0 0.2535070140280561 0.4196031474512487 0.09552438209752839 0.035237769414984604
0 0.07414829659318638 0.46322271638727336 0.08283233132932531 0.03352719808416011
0 0.15297261189044756 0.4594594594594595 0.08016032064128256 0.03421142661648991
0 0.20440881763527055 0.6199110502907971 0.10821643286573146 0.052001368457064656
0 0.08283233132932531 0.811666096476223 0.05076820307281229 0.037290455011974
0 0.134936539746159 0.8079028395484091 0.05076820307281229 0.03318508381799521
0 0.23914495657982632 0.7986657543619569 0.1509686038744155 0.045501197399931574
0 0.7401469605878424 0.7690728703386931 0.11088844355377421 0.0376325692781389
0 0.8523714094856379 0.76257269928156 0.12024048096192384 0.04379062606910708
