0 0.3929282868525896 0.07358490566037736 0.19820717131474103 0.12452830188679245
0 0.6369521912350598 0.07830188679245283 0.19820717131474103 0.12264150943396226
0 0.22310756972111553 0.09764150943396227 0.10557768924302789 0.08962264150943396
0 0.853585657370518 0.0820754716981132 0.24900398406374502 0.1169811320754717
0 0.29382470119521914 0.20047169811320756 0.30876494023904383 0.12169811320754717
0 0.5587649402390438 0.18584905660377357 0.25298804780876494 0.14528301886792452
0 0.7569721115537849 0.19858490566037737 0.14741035856573706 0.15
0 0.2201195219123506 0.3443396226415094 0.16135458167330677 0.12452830188679245
0 0.40836653386454186 0.3278301886792453 0.21912350597609562 0.14245283018867924
0 0.5861553784860558 0.33537735849056605 0.16235059760956175 0.12735849056603774
0 0.7335657370517928 0.3471698113207547 0.15438247011952191 0.13584905660377358
0 0.8829681274900398 0.3466981132075472 0.15438247011952191 0.12547169811320755
0 0.22808764940239043 0.4693396226415094 0.20717131474103587 0.11226415094339623
0 0.17878486055776893 0.8433962264150944 0.20019920318725098 0.1641509433962264
0 0.3386454183266932 0.8495283018867924 0.14342629482071714 0.14056603773584905
0 0.44770916334661354 0.8476415094339622 0.07470119521912351 0.15188679245283018
0 0.549800796812749 0.8514150943396226 0.10358565737051793 0.14433962264150943
0 0.6603585657370518 0.8254716981132075 0.10358565737051793 0.12075471698113208
0 0.7833665338645418 0.8339622641509434 0.14641434262948208 0.15471698113207547
0 0.920816733067729 0.8127358490566038 0.14442231075697212 0.1330188679245283
0 0.4860557768924303 0.46650943396226413 0.3107569721115538 0.1311320754716981
0 0.20717131474103587 0.9556603773584905 0.23107569721115537 0.06792452830188679
0 0.4218127490039841 0.9537735849056603 0.14043824701195218 0.08867924528301886
0 0.897410358565737 0.20141509433962265 0.13346613545816732 0.1481132075471698
0 0.9721115537848606 0.2037735849056604 0.045816733067729085 0.13584905660377358
0 0.8675298804780877 0.44669811320754715 0.17131474103585656 0.10471698113207548
0 0.7470119521912351 0.5202830188679245 0.24701195219123506 0.16886792452830188
0 0.9327689243027888 0.5528301886792453 0.13844621513944222 0.14150943396226415
0 0.5911354581673307 0.9566037735849057 0.17629482071713148 0.07924528301886792
0 0.796812749003984 0.9495283018867925 0.17729083665338646 0.08396226415094339
