0 0.2417534722222222 0.12418537291817523 0.18836805555555555 0.13830557566980448
0 0.3116319444444444 0.278783490224475 0.234375 0.11006517016654598
0 0.5798611111111112 0.279507603186097 0.22743055555555555 0.12889210716871832
0 0.8125 0.25887038377986965 0.21006944444444445 0.10789283128167994
0 0.0998263888888889 0.280231716147719 0.16493055555555555 0.11296162201303403
0 0.10894097222222222 0.4073135409123823 0.1467013888888889 0.10065170166545981
0 0.2630208333333333 0.4268645908761767 0.18229166666666666 0.13685734974656047
0 0.4761284722222222 0.39862418537291816 0.1154513888888889 0.11513396089790007
0 0.10807291666666667 0.5409123823316437 0.1623263888888889 0.12020275162925416
0 0.3394097222222222 0.5459811730629979 0.21354166666666666 0.12454742939898625
0 0.71875 0.4109341057204924 0.2152777777777778 0.11947863866763216
0 0.9088541666666666 0.4055032585083273 0.1857638888888889 0.10861694424330195
0 0.6336805555555556 0.5438088341781318 0.3350694444444444 0.11875452570601014
0 0.8871527777777778 0.5488776249094859 0.2048611111111111 0.12889210716871832
0 0.6875 0.14373642288196958 0.09895833333333333 0.11223750905141203
0 0.8363715277777778 0.13758146270818247 0.19010416666666666 0.11440984793627806
