0 0.19054307116104868 0.05132037867463876 0.15262172284644196 0.06178375685102142
0 0.06788389513108614 0.05480817140009965 0.08146067415730338 0.06576980568011959
0 0.07911985018726592 0.2730443447932237 0.09644194756554307 0.0687593423019432
0 0.40870786516853935 0.17090184354758345 0.09269662921348315 0.060787244643746886
0 0.829119850187266 0.4033383158943697 0.13764044943820225 0.07424015944195317
0 0.5145131086142322 0.41728948679621325 0.09269662921348315 0.06327852516193323
0 0.8661048689138576 0.5610363726955655 0.16104868913857678 0.07972097658196313
0 0.5739700374531835 0.5759840558046836 0.13295880149812733 0.07274539113104135
0 0.8618913857677902 0.7369207772795217 0.13764044943820225 0.08071748878923767
0 0.8497191011235955 0.9197807673143996 0.12453183520599251 0.07772795216741404
0 0.6329588014981273 0.7516193323368211 0.1198501872659176 0.07722969606377678
0 0.5159176029962547 0.7546088689586448 0.09925093632958802 0.06626806178375685
0 0.08707865168539326 0.6694070752366716 0.1441947565543071 0.07424015944195317
0 0.49391385767790263 0.046836073741903336 0.17696629213483145 0.06576980568011959
0 0.8698501872659176 0.18136522172396613 0.11235955056179775 0.053811659192825115
0 0.7387640449438202 0.19681116093672146 0.13108614232209737 0.06975585450921774
0 0.5552434456928839 0.17065271549576483 0.1797752808988764 0.06427503736920777
0 0.3651685393258427 0.26332835077229694 0.18726591760299627 0.06327852516193323
0 0.5655430711610487 0.26731439960139514 0.20786516853932585 0.07324364723467862
0 0.30711610486891383 0.42326856003986046 0.2153558052434457 0.0981564524165421
0 0.10861423220973783 0.4282511210762332 0.1760299625468165 0.09118086696562033
0 0.25749063670411987 0.671898355754858 0.19850187265917604 0.07125062282012955
0 0.48782771535580527 0.92700548081714 0.10861423220973783 0.06726457399103139
0 0.43679775280898875 0.5754857997010463 0.09269662921348315 0.060787244643746886
0 0.6769662921348315 0.04434479322371699 0.18726591760299627 0.0637767812655705
0 0.8300561797752809 0.04384653712007972 0.11704119850187265 0.0637767812655705
0 0.2654494382022472 0.17488789237668162 0.18445692883895132 0.10861983059292477
0 0.3160112359550562 0.7553562531141006 0.22940074906367042 0.09068261086198307
0 0.08707865168539326 0.7640757349277528 0.15543071161048688 0.0931738913801694
0 0.29728464419475653 0.9314897857498754 0.21629213483146068 0.10014947683109118
0 0.7387640449438202 0.6571998006975586 0.09176029962546817 0.09865470852017937
0 0.8412921348314607 0.6519681116093672 0.08895131086142322 0.08320876930742402
0 0.09082397003745318 0.17663178873941207 0.15355805243445692 0.10712506228201295
0 0.33614232209737827 0.04982561036372696 0.13295880149812733 0.07075236671649228
0 0.20177902621722846 0.2670652715495765 0.14887640449438203 0.0787244643746886
0 0.824438202247191 0.25884404583956155 0.2687265917602996 0.07722969606377678
0 0.40823970037453183 0.3256103637269557 0.16666666666666666 0.07822620827105133
0 0.5894194756554307 0.33781763826606875 0.1544943820224719 0.07772795216741404
0 0.9171348314606742 0.3328350772296961 0.13576779026217228 0.07772795216741404
0 0.10018726591760299 0.5901843547583457 0.12921348314606743 0.08320876930742402
0 0.2860486891385768 0.591429995017439 0.17696629213483145 0.09068261086198307
0 0.5341760299625468 0.5 0.3155430711610487 0.08221225710014948
0 0.5341760299625468 0.6656701544593921 0.3061797752808989 0.09466865969108122
0 0.800561797752809 0.4920279023418037 0.19850187265917604 0.09018435475834578
0 0.9377340823970037 0.4798206278026906 0.11142322097378277 0.08570004982561036
0 0.9424157303370787 0.6425012456402591 0.09269662921348315 0.07025411061285501
0 0.11142322097378277 0.8465371200797209 0.15730337078651685 0.0687593423019432
0 0.2897940074906367 0.8447932237169905 0.19382022471910113 0.08320876930742402
0 0.4803370786516854 0.8420528151469856 0.20786516853932585 0.10164424514200299
0 0.7139513108614233 0.8318385650224215 0.23127340823970038 0.10214250124564025
0 0.8993445692883895 0.8325859491778774 0.11891385767790262 0.09566517189835576
0 0.11844569288389513 0.9364723467862481 0.1151685393258427 0.09417040358744394
0 0.1151685393258427 0.5124564025909317 0.15355805243445692 0.0752366716492277
0 0.9363295880149812 0.0465869456900847 0.0898876404494382 0.0622820129546587
0 0.6615168539325843 0.10139511709018435 0.2743445692883895 0.06826108619830593
0 0.9068352059925093 0.1096163428001993 0.11704119850187265 0.07274539113104135
0 0.7532771535580525 0.3273542600896861 0.18445692883895132 0.0737419033383159
