0 0.15029239766081873 0.15587529976019185 0.10877192982456141 0.17266187050359713
0 0.1672514619883041 0.34292565947242204 0.20116959064327486 0.18465227817745802
0 0.3894736842105263 0.33393285371702636 0.2432748538011696 0.15227817745803357
0 0.1935672514619883 0.5323741007194245 0.27251461988304093 0.15587529976019185
0 0.17134502923976608 0.6924460431654677 0.2023391812865497 0.15467625899280577
0 0.39239766081871347 0.6834532374100719 0.16257309941520467 0.17266187050359713
0 0.7263157894736842 0.6642685851318945 0.4304093567251462 0.1774580335731415
0 0.16198830409356726 0.8567146282973621 0.17660818713450294 0.16906474820143885
0 0.4502923976608187 0.13609112709832133 0.3953216374269006 0.22422062350119903
0 0.5128654970760234 0.8393285371702638 0.40350877192982454 0.15827338129496402
0 0.8555555555555555 0.8015587529976019 0.2795321637426901 0.20503597122302158
0 0.6912280701754386 0.5053956834532374 0.38362573099415204 0.2290167865707434
0 0.9245614035087719 0.46402877697841727 0.1111111111111111 0.1630695443645084
0 0.7637426900584795 0.12589928057553956 0.19883040935672514 0.20863309352517986
0 0.9198830409356725 0.1528776978417266 0.1111111111111111 0.12829736211031176
0 0.5994152046783626 0.2667865707434053 0.12280701754385964 0.10431654676258993
0 0.7426900584795322 0.29856115107913667 0.45614035087719296 0.19424460431654678
