0 0.11776061776061776 0.1689873417721519 0.20205920205920205 0.19873417721518988
0 0.379021879021879 0.15126582278481013 0.29987129987129985 0.1759493670886076
0 0.6763191763191764 0.13164556962025317 0.27413127413127414 0.2
0 0.15315315315315314 0.35632911392405064 0.22651222651222652 0.23164556962025318
0 0.5160875160875161 0.3449367088607595 0.47104247104247104 0.19873417721518988
0 0.22972972972972974 0.7373417721518988 0.3256113256113256 0.25949367088607594
0 0.4980694980694981 0.7335443037974684 0.21364221364221364 0.23417721518987342
0 0.7812097812097812 0.7265822784810126 0.3861003861003861 0.2481012658227848
0 0.8391248391248392 0.35 0.18532818532818532 0.20126582278481012
0 0.8661518661518661 0.5208860759493671 0.2084942084942085 0.1810126582278481
0 0.8861003861003861 0.13734177215189874 0.15572715572715573 0.1962025316455696
0 0.9517374517374517 0.33987341772151897 0.09137709137709138 0.18354430379746836
