0 0.3247480403135498 0.24942528735632183 0.1881298992161254 0.16551724137931034
0 0.10526315789473684 0.271264367816092 0.14781634938409854 0.167816091954023
0 0.1674132138857783 0.09712643678160919 0.23404255319148937 0.1367816091954023
0 0.13325867861142218 0.7850574712643679 0.22620380739081747 0.21149425287356322
0 0.38521836506159013 0.8051724137931034 0.2620380739081747 0.23103448275862068
0 0.5912653975363942 0.09080459770114943 0.13213885778275475 0.16551724137931034
0 0.7054871220604704 0.10057471264367816 0.10526315789473684 0.14597701149425288
0 0.5139977603583427 0.23620689655172414 0.15677491601343785 0.16896551724137931
0 0.40369540873460247 0.09022988505747126 0.24300111982082867 0.13908045977011493
0 0.616461366181411 0.7718390804597701 0.21388577827547592 0.1482758620689655
0 0.776595744680851 0.7603448275862069 0.10414333706606943 0.12758620689655173
0 0.9003359462486002 0.7557471264367817 0.12989921612541994 0.1367816091954023
0 0.7262038073908175 0.924712643678161 0.1511758118701008 0.1367816091954023
0 0.8561030235162373 0.9126436781609195 0.11086226203807391 0.14022988505747128
0 0.7631578947368421 0.24310344827586206 0.26539753639417696 0.16896551724137931
