0 0.11621621621621622 0.09900990099009901 0.12 0.07768469154607768
0 0.27513513513513516 0.07806549885757806 0.21297297297297296 0.10891089108910891
0 0.47621621621621624 0.05407463823305408 0.19783783783783784 0.10814927646610815
0 0.6486486486486487 0.04683929931454684 0.1362162162162162 0.08758568164508758
0 0.8005405405405406 0.045316070068545315 0.18054054054054053 0.06778370144706779
0 0.09783783783783784 0.19878141660319879 0.15675675675675677 0.12642802741812642
0 0.2562162162162162 0.18507235338918507 0.14486486486486486 0.10205635948210205
0 0.44432432432432434 0.17364813404417365 0.23783783783783785 0.130997715156131
0 0.6843243243243243 0.14623000761614624 0.26594594594594595 0.12033511043412033
0 0.8540540540540541 0.13594821020563594 0.11243243243243244 0.10738766184310738
0 0.09783783783783784 0.34615384615384615 0.14162162162162162 0.13785224676313784
0 0.28162162162162163 0.333968012185834 0.21081081081081082 0.11348057882711349
0 0.5167567567567568 0.3316831683168317 0.24432432432432433 0.10891089108910891
0 0.7610810810810811 0.33054074638233055 0.16648648648648648 0.1172886519421173
0 0.061621621621621624 0.45925361766945927 0.07351351351351351 0.08073115003808073
0 0.20108108108108108 0.4584920030464585 0.22054054054054054 0.09291698400609291
0 0.4183783783783784 0.45734958111195734 0.22486486486486487 0.10586443259710586
0 0.6118918918918919 0.44706778370144706 0.1318918918918919 0.12185833968012186
0 0.8237837837837838 0.43373952779893377 0.2918918918918919 0.12414318354912414
0 0.05027027027027027 0.5651180502665651 0.08108108108108109 0.09291698400609291
0 0.18756756756756757 0.5521706016755522 0.1935135135135135 0.09444021325209444
0 0.3854054054054054 0.535034272658035 0.21297297297297296 0.1012947448591013
0 0.54 0.5373191165270373 0.11567567567567567 0.09672505712109672
0 0.6827027027027027 0.5346534653465347 0.16108108108108107 0.1051028179741051
0 0.8751351351351352 0.5201827875095202 0.2281081081081081 0.10662604722010663
0 0.4518918918918919 0.7623762376237624 0.21837837837837837 0.10205635948210205
0 0.6843243243243243 0.7600913937547601 0.20756756756756756 0.1172886519421173
0 0.8540540540540541 0.7574257425742574 0.1318918918918919 0.11195734958111196
0 0.9383783783783783 0.13175932977913177 0.07135135135135136 0.10053313023610053
0 0.5264864864864864 0.2421934501142422 0.0972972972972973 0.07006854531607007
0 0.6751351351351351 0.23686214775323686 0.13945945945945945 0.08377760853008377
0 0.8583783783783784 0.23153084539223154 0.10810810810810811 0.08225437928408226
0 0.9556756756756757 0.2319116527037319 0.07135135135135136 0.07235338918507235
0 0.14540540540540542 0.6610814927646611 0.1891891891891892 0.12338156892612338
0 0.31351351351351353 0.6565118050266565 0.15783783783783784 0.12795125666412796
0 0.4837837837837838 0.6367098248286367 0.19567567567567568 0.08073115003808073
0 0.6427027027027027 0.6393754760091394 0.10270270270270271 0.09824828636709824
0 0.7691891891891892 0.6321401370906321 0.11783783783783784 0.11271896420411272
0 0.8935135135135135 0.6237623762376238 0.10702702702702703 0.1051028179741051
0 0.5010810810810811 0.8701447067783702 0.267027027027027 0.09824828636709824
0 0.754054054054054 0.8792840822543793 0.23675675675675675 0.11652703731911652
0 0.9264864864864865 0.8339680121858339 0.10810810810810811 0.06702208682406702
