0 0.6861904761904762 0.05140961857379768 0.14 0.08291873963515754
0 0.34904761904761905 0.0666113875069099 0.11142857142857143 0.08678828081813156
0 0.15 0.08291873963515754 0.18761904761904763 0.09176340519624102
0 0.0838095238095238 0.18352681039248203 0.10285714285714286 0.09286898839137644
0 0.3242857142857143 0.2523493642896628 0.11523809523809524 0.06357103372028745
0 0.49047619047619045 0.24405749032614704 0.15428571428571428 0.06799336650082918
0 0.11190476190476191 0.36014372581536763 0.13428571428571429 0.0779436152570481
0 0.6880952380952381 0.9110005527915975 0.11333333333333333 0.09176340519624102
0 0.35619047619047617 0.9068546158098397 0.17333333333333334 0.09673852957435047
0 0.21 0.17661691542288557 0.1742857142857143 0.09894969596462133
0 0.40476190476190477 0.16721945826423437 0.16952380952380952 0.09673852957435047
0 0.7790476190476191 0.14483139856274185 0.26666666666666666 0.10171365395245992
0 0.6285714285714286 0.23383084577114427 0.1219047619047619 0.07739082365948037
0 0.7790476190476191 0.22802653399668324 0.17904761904761904 0.07241569928137093
0 0.15 0.5862354892205639 0.1895238095238095 0.0812603648424544
0 0.37333333333333335 0.5702045328911001 0.22476190476190477 0.09231619679380873
0 0.11666666666666667 0.679657269209508 0.16095238095238096 0.0978441127694859
0 0.32095238095238093 0.6661138750690989 0.22666666666666666 0.08734107241569929
0 0.49952380952380954 0.6550580431177446 0.1380952380952381 0.08512990602542841
0 0.8395238095238096 0.892758430071863 0.16666666666666666 0.08844665561083472
0 0.7209523809523809 0.810668877833057 0.24761904761904763 0.0779436152570481
0 0.46190476190476193 0.8233830845771144 0.22095238095238096 0.07683803206191266
0 0.5880952380952381 0.5630182421227198 0.19142857142857142 0.0945273631840796
0 0.7642857142857142 0.5588723051409619 0.16476190476190475 0.09618573797678276
0 0.7985714285714286 0.3888888888888889 0.18 0.09563294637921503
0 0.6223809523809524 0.3946932006633499 0.08666666666666667 0.07407407407407407
0 0.13380952380952382 0.49502487562189057 0.15523809523809523 0.06357103372028745
0 0.36 0.48009950248756217 0.11238095238095239 0.06578220011055833
0 0.4895238095238095 0.47761194029850745 0.1619047619047619 0.08844665561083472
0 0.8752380952380953 0.04975124378109453 0.16952380952380952 0.08955223880597014
0 0.07666666666666666 0.2664455500276396 0.06571428571428571 0.05638474295190713
0 0.20142857142857143 0.2614704256495301 0.12857142857142856 0.06965174129353234
0 0.9195238095238095 0.2177998894416805 0.0980952380952381 0.07407407407407407
0 0.32 0.33996683250414594 0.2838095238095238 0.08402432283029299
0 0.5385714285714286 0.3208955223880597 0.16476190476190475 0.07904919845218353
0 0.6719047619047619 0.31205085682697625 0.11333333333333333 0.08236594803758983
0 0.4828571428571429 0.3969043670536208 0.19047619047619047 0.07517965726920951
0 0.6523809523809524 0.476506357103372 0.12380952380952381 0.07186290768380321
0 0.810952380952381 0.4660033167495854 0.20666666666666667 0.08844665561083472
0 0.6604761904761904 0.6442786069651741 0.1895238095238095 0.0912106135986733
0 0.8319047619047619 0.6428966279712548 0.16095238095238096 0.08844665561083472
0 0.11333333333333333 0.759812050856827 0.12380952380952381 0.053620784964068545
0 0.23238095238095238 0.7603648424543947 0.1180952380952381 0.0812603648424544
0 0.3961904761904762 0.7520729684908789 0.2019047619047619 0.08347153123272526
0 0.5647619047619048 0.7435046987285793 0.15428571428571428 0.08402432283029299
0 0.7204761904761905 0.7385295743504698 0.15333333333333332 0.07186290768380321
0 0.8552380952380952 0.7305140961857379 0.11428571428571428 0.07020453289110005
0 0.08047619047619048 0.8347153123272526 0.08095238095238096 0.06301824212271974
0 0.18571428571428572 0.8269762299613046 0.14285714285714285 0.07186290768380321
0 0.919047619047619 0.8037589828634605 0.14095238095238094 0.08070757324488667
0 0.08571428571428572 0.9259259259259259 0.13904761904761906 0.09950248756218906
0 0.19428571428571428 0.9228855721393034 0.09142857142857143 0.05583195135433942
0 0.919047619047619 0.5486456605859591 0.15428571428571428 0.1077943615257048
0 0.9576190476190476 0.4596462133775567 0.08476190476190476 0.07020453289110005
