0 0.11958266452648475 0.12770897832817338 0.15569823434991975 0.20278637770897834
0 0.37479935794542535 0.141640866873065 0.33547351524879615 0.24303405572755418
0 0.6621187800963082 0.13544891640866874 0.23274478330658105 0.23993808049535603
0 0.8940609951845907 0.11145510835913312 0.1958266452648475 0.20743034055727555
0 0.13723916532905298 0.40789473684210525 0.2231139646869984 0.23684210526315788
0 0.5465489566613162 0.3715170278637771 0.5922953451043339 0.22291021671826625
0 0.5425361155698234 0.7848297213622291 0.37881219903691815 0.23529411764705882
0 0.19341894060995185 0.7925696594427245 0.33226324237560195 0.23529411764705882
0 0.9028892455858748 0.7739938080495357 0.1781701444622793 0.2043343653250774
0 0.5369181380417335 0.5433436532507739 0.3290529695024077 0.19814241486068113
0 0.8146067415730337 0.5386996904024768 0.24879614767255218 0.21052631578947367
0 0.9149277688603531 0.3715170278637771 0.15409309791332262 0.17956656346749225
