0 0.1860599078341014 0.24578059071729957 0.1716589861751152 0.16244725738396623
0 0.43836405529953915 0.25263713080168776 0.24308755760368664 0.1930379746835443
0 0.8554147465437788 0.22046413502109705 0.15092165898617513 0.16877637130801687
0 0.1359447004608295 0.4899789029535865 0.16589861751152074 0.17405063291139242
0 0.3824884792626728 0.48417721518987344 0.32027649769585254 0.1729957805907173
0 0.17684331797235023 0.6882911392405063 0.24308755760368664 0.1571729957805907
0 0.43317972350230416 0.6951476793248945 0.2488479262672811 0.1540084388185654
0 0.1445852534562212 0.9029535864978903 0.16705069124423963 0.14556962025316456
0 0.32430875576036866 0.915084388185654 0.16244239631336405 0.14873417721518986
0 0.7073732718894009 0.9055907172995781 0.4055299539170507 0.18459915611814345
0 0.663594470046083 0.24261603375527427 0.2073732718894009 0.21729957805907174
0 0.6451612903225806 0.5210970464135021 0.20967741935483872 0.15611814345991562
0 0.6952764976958525 0.6930379746835443 0.2868663594470046 0.17932489451476794
0 0.8248847926267281 0.5126582278481012 0.1728110599078341 0.16033755274261605
0 0.7874423963133641 0.3760548523206751 0.21774193548387097 0.1529535864978903
