0 0.1295585412667946 0.21968503937007874 0.15163147792706333 0.10236220472440945
0 0.2989443378119002 0.21181102362204723 0.16410748560460653 0.08976377952755905
0 0.12044145873320537 0.06811023622047244 0.13915547024952016 0.1062992125984252
0 0.45057581573896355 0.2137795275590551 0.13723608445297505 0.09527559055118111
0 0.17802303262955854 0.7448818897637796 0.23128598848368523 0.13543307086614173
0 0.13483685220729366 0.518503937007874 0.16602687140115163 0.1283464566929134
0 0.744721689059501 0.5082677165354331 0.2437619961612284 0.13937007874015747
0 0.1300383877159309 0.4019685039370079 0.15259117082533588 0.1047244094488189
0 0.2840690978886756 0.402755905511811 0.16698656429942418 0.1236220472440945
0 0.45633397312859886 0.41653543307086616 0.17178502879078694 0.09921259842519685
0 0.1343570057581574 0.6334645669291339 0.15355086372360843 0.1078740157480315
0 0.3397312859884837 0.6299212598425197 0.26103646833013433 0.13228346456692913
0 0.5479846449136276 0.6354330708661418 0.1381957773512476 0.12125984251968504
0 0.2677543186180422 0.05905511811023622 0.10940499040307101 0.10236220472440945
0 0.3603646833013436 0.05433070866141732 0.10268714011516315 0.09763779527559055
0 0.5071976967370442 0.04921259842519685 0.1871401151631478 0.09212598425196851
0 0.6708253358925144 0.05393700787401575 0.1324376199616123 0.09212598425196851
0 0.8152591170825336 0.05669291338582677 0.13723608445297505 0.08031496062992126
0 0.40978886756238003 0.13070866141732285 0.1785028790786948 0.07244094488188976
0 0.5571017274472169 0.131496062992126 0.1199616122840691 0.07401574803149606
0 0.6948176583493282 0.13385826771653545 0.12667946257197696 0.09291338582677165
0 0.8536468330134357 0.13070866141732285 0.16602687140115163 0.09606299212598425
0 0.5950095969289827 0.2141732283464567 0.16122840690978887 0.09448818897637795
0 0.753358925143954 0.22362204724409449 0.15547024952015356 0.08661417322834646
0 0.8901151631477927 0.2169291338582677 0.14683301343570057 0.09370078740157481
0 0.11708253358925144 0.3098425196850394 0.14779270633397312 0.08582677165354331
0 0.2504798464491363 0.30236220472440944 0.14971209213051823 0.08818897637795275
0 0.4083493282149712 0.315748031496063 0.09884836852207293 0.11181102362204724
0 0.5302303262955854 0.3153543307086614 0.09884836852207293 0.1031496062992126
0 0.8555662188099808 0.30669291338582677 0.10268714011516315 0.07952755905511812
0 0.5978886756238004 0.3901574803149606 0.10940499040307101 0.1047244094488189
0 0.722168905950096 0.6429133858267716 0.21017274472168906 0.1204724409448819
0 0.8977927063339731 0.6350393700787401 0.16986564299424184 0.1015748031496063
0 0.4059500959692898 0.7511811023622047 0.21305182341650672 0.12755905511811025
0 0.5940499040307101 0.761023622047244 0.16314779270633398 0.1015748031496063
0 0.8210172744721689 0.7496062992125985 0.2523992322456814 0.12125984251968504
0 0.15499040307101727 0.8665354330708661 0.1928982725527831 0.1346456692913386
0 0.376679462571977 0.8736220472440945 0.23704414587332054 0.1204724409448819
0 0.5911708253358925 0.8744094488188976 0.15355086372360843 0.13622047244094487
0 0.7821497120921305 0.8744094488188976 0.21689059500959693 0.13937007874015747
0 0.7768714011516314 0.3901574803149606 0.2696737044145873 0.09212598425196851
0 0.9539347408829175 0.38661417322834646 0.09021113243761997 0.09921259842519685
