0 0.24199743918053776 0.2331639135959339 0.28169014084507044 0.17153748411689962
0 0.6632522407170295 0.20648030495552733 0.20998719590268886 0.18932655654383734
0 0.16261203585147246 0.4548919949174079 0.24327784891165172 0.19822109275730623
0 0.7496798975672215 0.44599745870393903 0.1882202304737516 0.17280813214739518
0 0.2323943661971831 0.6423125794155019 0.37772087067861715 0.17916137229987295
0 0.8668373879641486 0.20330368487928843 0.23815620998719592 0.18297331639135958
0 0.4737516005121639 0.4434561626429479 0.3892445582586428 0.21601016518424396
0 0.7605633802816901 0.6156289707750953 0.36619718309859156 0.17407878017789072
0 0.2176696542893726 0.8602287166454892 0.2919334186939821 0.22617534942820838
0 0.6357234314980794 0.8265565438373571 0.5364916773367477 0.2121982210927573
0 0.9238156209987196 0.4243964421855146 0.15492957746478872 0.20838627700127066
0 0.9359795134443022 0.8017789072426937 0.08194622279129321 0.18043202033036848
