0 0.18176605504587157 0.4571984435797665 0.16628440366972477 0.12840466926070038
0 0.4048165137614679 0.433852140077821 0.25229357798165136 0.10505836575875487
0 0.6049311926605505 0.42315175097276264 0.1341743119266055 0.10116731517509728
0 0.09174311926605505 0.20233463035019456 0.13761467889908258 0.1264591439688716
0 0.36525229357798167 0.1614785992217899 0.338302752293578 0.12062256809338522
0 0.12041284403669725 0.3205252918287938 0.1811926605504587 0.10992217898832685
0 0.34059633027522934 0.3044747081712062 0.16743119266055045 0.122568093385214
0 0.5498853211009175 0.29815175097276264 0.26490825688073394 0.12159533073929961
0 0.739105504587156 0.2845330739299611 0.11353211009174312 0.10214007782101167
0 0.1381880733944954 0.0632295719844358 0.24885321100917432 0.09922178988326848
0 0.4139908256880734 0.05155642023346303 0.17660550458715596 0.10311284046692606
0 0.8228211009174312 0.05009727626459144 0.24426605504587157 0.10214007782101167
0 0.680045871559633 0.1609922178988327 0.29357798165137616 0.14883268482490272
0 0.05963302752293578 0.47616731517509725 0.07568807339449542 0.12159533073929961
0 0.7809633027522935 0.42266536964980544 0.22935779816513763 0.10797665369649806
0 0.9420871559633027 0.4173151750972763 0.11811926605504587 0.10505836575875487
0 0.2368119266055046 0.5642023346303502 0.3658256880733945 0.10894941634241245
0 0.5584862385321101 0.5695525291828794 0.28440366972477066 0.11575875486381323
0 0.5458715596330275 0.7261673151750972 0.17889908256880735 0.11964980544747082
0 0.7930045871559633 0.7217898832684825 0.16857798165137614 0.11089494163424124
