0 0.1335995085995086 0.25861604738826066 0.09643734643734644 0.04227248249865374
0 0.12592137592137592 0.2938879913839526 0.0945945945945946 0.03204092622509424
0 0.12407862407862408 0.32848680667743674 0.10933660933660934 0.03769520732364028
0 0.13605651105651106 0.36631663974151857 0.11855036855036855 0.03796445880452343
0 0.12837837837837837 0.40212708669897684 0.12039312039312039 0.041733979536887456
0 0.12377149877149878 0.4421109316101239 0.10995085995085994 0.03823371028540657
0 0.11855036855036855 0.4772482498653743 0.11056511056511056 0.03527194399569197
0 0.11455773955773955 0.5086160473882606 0.11486486486486487 0.033925686591276254
0 0.1121007371007371 0.541868605277329 0.1160933660933661 0.036348949919224556
0 0.1167076167076167 0.5796984383414109 0.10319410319410319 0.04254173397953689
0 0.11056511056511056 0.6206246634356489 0.11056511056511056 0.04092622509423802
0 0.11087223587223587 0.6569736133548735 0.11363636363636363 0.03984921917070544
0 0.11148648648648649 0.7000538502961766 0.1160933660933661 0.04954227248249865
0 0.38144963144963145 0.3315831987075929 0.05036855036855037 0.03042541733979537
0 0.39864864864864863 0.3657781367797523 0.05036855036855037 0.03796445880452343
