0 0.7841043890865955 0.6703056768558951 0.265717674970344 0.2205240174672489
0 0.37544483985765126 0.6735807860262009 0.23606168446026096 0.14847161572052403
0 0.20344009489916964 0.27729257641921395 0.20521945432977462 0.2074235807860262
0 0.19217081850533807 0.6872270742358079 0.1376037959667853 0.14519650655021835
0 0.14116251482799524 0.5125545851528385 0.20640569395017794 0.19541484716157206
0 0.36180308422301305 0.5065502183406113 0.18505338078291814 0.18995633187772926
0 0.8748517200474496 0.25109170305676853 0.18861209964412812 0.15938864628820962
0 0.6708185053380783 0.2418122270742358 0.21945432977461446 0.2019650655021834
0 0.4638196915776987 0.2521834061135371 0.20166073546856464 0.18777292576419213
0 0.6453143534994069 0.4606986899563319 0.3036773428232503 0.1812227074235808
0 0.5563463819691578 0.6839519650655022 0.12099644128113879 0.18013100436681223
