0 0.1536050156739812 0.37905982905982905 0.11494252873563218 0.09487179487179487
0 0.14942528735632185 0.25811965811965815 0.11076280041797283 0.08376068376068375
0 0.03605015673981191 0.3752136752136752 0.05956112852664577 0.08376068376068375
0 0.04231974921630094 0.25256410256410255 0.06165099268547544 0.07094017094017094
0 0.47910135841170326 0.16025641025641027 0.13897596656217345 0.08974358974358974
0 0.05956112852664577 0.0547008547008547 0.09195402298850575 0.08205128205128205
0 0.17607105538140022 0.15256410256410258 0.11180773249738767 0.06923076923076923
0 0.06321839080459771 0.16196581196581197 0.09508881922675026 0.08461538461538462
0 0.05590386624869383 0.8760683760683761 0.09299895506792058 0.08376068376068375
0 0.23249738766980146 0.8782051282051282 0.12016718913270637 0.09316239316239316
0 0.27533960292580983 0.7747863247863248 0.12016718913270637 0.08632478632478632
0 0.29780564263322884 0.6756410256410257 0.11912225705329153 0.09487179487179487
0 0.306687565308255 0.5756410256410256 0.11598746081504702 0.09316239316239316
0 0.40177638453500525 0.4653846153846154 0.09090909090909091 0.09658119658119659
0 0.27586206896551724 0.4705128205128205 0.13375130616509928 0.10341880341880341
0 0.4258098223615465 0.5756410256410256 0.11180773249738767 0.06923076923076923
0 0.4158829676071055 0.673931623931624 0.0961337513061651 0.0829059829059829
0 0.4555903866248694 0.7705128205128206 0.20689655172413793 0.07606837606837606
0 0.6138975966562173 0.7683760683760684 0.07628004179728318 0.08034188034188035
0 0.8526645768025078 0.961965811965812 0.16091954022988506 0.05042735042735043
0 0.719435736677116 0.958974358974359 0.09508881922675026 0.05982905982905983
0 0.5924764890282131 0.9572649572649573 0.16091954022988506 0.06153846153846154
0 0.14681295715778475 0.48205128205128206 0.12434691745036573 0.08376068376068375
0 0.26750261233019856 0.3713675213675214 0.10658307210031348 0.09316239316239316
0 0.31452455590386624 0.1623931623931624 0.148380355276907 0.09914529914529914
0 0.7586206896551724 0.1581196581196581 0.18599791013584116 0.0905982905982906
0 0.7272727272727273 0.367948717948718 0.11494252873563218 0.08461538461538462
0 0.8913270637408568 0.367948717948718 0.18599791013584116 0.10170940170940171
0 0.04597701149425287 0.5816239316239317 0.07314524555903866 0.0811965811965812
0 0.04493207941483804 0.6829059829059829 0.05851619644723093 0.07179487179487179
0 0.04231974921630094 0.7794871794871795 0.07001044932079414 0.07863247863247863
0 0.044409613375130615 0.4888888888888889 0.08463949843260188 0.09914529914529914
0 0.632183908045977 0.46794871794871795 0.14211076280041798 0.08803418803418804
0 0.7267502612330199 0.7700854700854701 0.109717868338558 0.07863247863247863
0 0.25914315569487983 0.052564102564102565 0.13375130616509928 0.08974358974358974
0 0.46394984326018807 0.055982905982905985 0.28213166144200624 0.09658119658119659
0 0.786833855799373 0.05299145299145299 0.367816091954023 0.08717948717948718
0 0.5381400208986415 0.3683760683760684 0.27586206896551724 0.10085470085470086
0 0.5240334378265413 0.5726495726495726 0.10762800417972831 0.09230769230769231
0 0.9242424242424242 0.1623931623931624 0.11598746081504702 0.1111111111111111
0 0.26854754440961337 0.2653846153846154 0.14420062695924765 0.12051282051282051
0 0.45768025078369906 0.2670940170940171 0.24660397074190177 0.12393162393162394
0 0.6551724137931034 0.25769230769230766 0.16300940438871472 0.09658119658119659
0 0.7899686520376176 0.2517094017094017 0.10867293625914315 0.09487179487179487
0 0.6112852664576802 0.6705128205128205 0.2612330198537095 0.09487179487179487
0 0.6076280041797283 0.15256410256410258 0.11598746081504702 0.10170940170940171
0 0.3390804597701149 0.8683760683760684 0.09926854754440961 0.08547008547008547
0 0.44357366771159873 0.864957264957265 0.12434691745036573 0.09230769230769231
0 0.5543364681295716 0.864957264957265 0.13479623824451412 0.08717948717948718
0 0.7413793103448276 0.8735042735042735 0.2560083594566353 0.12136752136752137
0 0.91901776384535 0.8636752136752137 0.09090909090909091 0.08803418803418804
0 0.5073145245559039 0.4675213675213675 0.12225705329153605 0.0905982905982906
0 0.8568443051201672 0.7696581196581197 0.148380355276907 0.08974358974358974
0 0.6844305120167189 0.5747863247863247 0.08359456635318704 0.09829059829059829
0 0.9629049111807733 0.47094017094017093 0.05747126436781609 0.08205128205128205
0 0.8918495297805643 0.2465811965811966 0.09717868338557993 0.10170940170940171
0 0.9623824451410659 0.24700854700854702 0.05642633228840126 0.09230769230769231
