0 0.08218707015130675 0.12279635258358662 0.12448418156808803 0.07781155015197569
0 0.07702888583218707 0.19544072948328267 0.13067400275103164 0.07112462006079028
0 0.0811554332874828 0.2714285714285714 0.13892709766162312 0.06747720364741641
0 0.0811554332874828 0.34194528875379937 0.1265474552957359 0.07720364741641338
0 0.0859697386519945 0.4231003039513678 0.14030261348005502 0.07416413373860183
0 0.09594222833562586 0.5006079027355623 0.14786795048143053 0.08449848024316109
0 0.09559834938101788 0.5817629179331307 0.14442916093535077 0.07781155015197569
0 0.08975240715268226 0.6641337386018237 0.109353507565337 0.08449848024316109
0 0.2297111416781293 0.1972644376899696 0.17744154057771663 0.08814589665653495
0 0.23143053645116918 0.28085106382978725 0.1574965612104539 0.0790273556231003
0 0.19841815680880331 0.3443768996960486 0.14236588720770288 0.06869300911854104
0 0.22558459422283356 0.42644376899696046 0.17744154057771663 0.08085106382978724
0 0.23555708390646493 0.5033434650455927 0.13823933975240715 0.08267477203647416
0 0.23143053645116918 0.5945288753799393 0.15061898211829436 0.08996960486322189
0 0.2063273727647868 0.6738601823708207 0.15405777166437415 0.09665653495440729
0 0.5914718019257221 0.18328267477203647 0.12517193947730398 0.08085106382978724
0 0.5883768913342503 0.382370820668693 0.14236588720770288 0.1033434650455927
0 0.592503438789546 0.2817629179331307 0.13823933975240715 0.10151975683890578
0 0.594222833562586 0.47811550151975685 0.13480055020632736 0.08814589665653495
0 0.5921595598349381 0.5583586626139818 0.13067400275103164 0.08936170212765958
0 0.5952544704264099 0.6513677811550151 0.1203576341127923 0.08936170212765958
0 0.6000687757909215 0.7325227963525835 0.11072902338376892 0.08267477203647416
0 0.4033700137551582 0.2851063829787234 0.1891334250343879 0.0911854103343465
0 0.32221458046767537 0.3507598784194529 0.10110041265474554 0.07051671732522796
0 0.44601100412654743 0.3696048632218845 0.15474552957359008 0.08753799392097264
0 0.4126547455295736 0.44285714285714284 0.20082530949105915 0.07598784194528875
0 0.6997936726272352 0.18753799392097265 0.09147180192572214 0.09300911854103343
