0 0.1189402480270575 0.191016333938294 0.10935738444193913 0.09346642468239565
0 0.1161217587373168 0.2908348457350272 0.1104847801578354 0.08983666061705989
0 0.1730552423900789 0.0866606170598911 0.14768883878241262 0.11887477313974591
0 0.3269447576099211 0.08076225045372051 0.1555806087936866 0.13430127041742287
0 0.5152198421645998 0.05898366606170599 0.2209695603156708 0.11252268602540835
0 0.798196166854566 0.06851179673321234 0.3359639233370913 0.11343012704174228
0 0.1939120631341601 0.37840290381125224 0.2976324689966178 0.10163339382940109
0 0.6860202931228861 0.3502722323049002 0.19729425028184894 0.11252268602540835
0 0.1589627959413754 0.8421052631578947 0.20067643742953778 0.132486388384755
0 0.40529875986471253 0.824410163339383 0.3032694475760992 0.12250453720508167
0 0.6031567080045096 0.8112522686025408 0.08793686583990981 0.10344827586206896
0 0.7051860202931229 0.8067150635208712 0.1161217587373168 0.10707803992740472
0 0.8714768883878241 0.7971869328493648 0.21195039458850057 0.11524500907441017
0 0.1713641488162345 0.927858439201452 0.20969560315670802 0.08802177858439202
0 0.5231116121758738 0.9242286751361162 0.18940248027057496 0.12250453720508167
0 0.36583990980834274 0.9337568058076225 0.1386696730552424 0.0998185117967332
0 0.12344983089064261 0.4804900181488203 0.161217587373168 0.09709618874773139
0 0.17812852311161217 0.574410163339383 0.2705749718151071 0.09437386569872959
0 0.5022547914317925 0.5685117967332124 0.2762119503945885 0.10617059891107078
0 0.8015783540022547 0.5549001814882033 0.3179255918827508 0.09346642468239565
0 0.4295377677564825 0.27223230490018147 0.29312288613303267 0.13430127041742287
0 0.6803833145434047 0.24319419237749546 0.2040586245772266 0.10163339382940109
0 0.7322435174746336 0.16787658802177857 0.2807215332581736 0.10163339382940109
0 0.13641488162344984 0.6592558983666061 0.21645997745208567 0.08802177858439202
0 0.3883878241262683 0.6683303085299456 0.27395715896279593 0.08983666061705989
0 0.6324689966178129 0.6606170598911071 0.20969560315670802 0.11252268602540835
0 0.8207440811724915 0.6510889292196007 0.18038331454340473 0.11705989110707804
0 0.8742953776775648 0.35571687840290384 0.1882750845546787 0.09074410163339383
0 0.741826381059752 0.4627949183303085 0.22322435174746336 0.10526315789473684
0 0.8776775648252536 0.24591651542649728 0.2040586245772266 0.09618874773139746
0 0.4306651634723788 0.1628856624319419 0.17812852311161217 0.08802177858439202
0 0.4588500563697858 0.36569872958257715 0.2547914317925592 0.08711433756805807
0 0.32919954904171367 0.4750453720508167 0.20969560315670802 0.09891107078039928
0 0.528184892897407 0.4677858439201452 0.1995490417136415 0.10798548094373865
0 0.9227733934611049 0.455989110707804 0.14543404735062007 0.09891107078039928
0 0.9532130777903044 0.6460980036297641 0.09582863585118377 0.11070780399274047
