0 0.22495183044315992 0.12564102564102564 0.1416184971098266 0.10358974358974359
0 0.5631021194605009 0.25794871794871793 0.1069364161849711 0.16512820512820514
0 0.888728323699422 0.24461538461538462 0.2186897880539499 0.15487179487179487
0 0.1960500963391137 0.7251282051282051 0.12427745664739884 0.1517948717948718
0 0.4576107899807322 0.7323076923076923 0.14258188824662812 0.14153846153846153
0 0.7066473988439307 0.72 0.3304431599229287 0.13128205128205128
0 0.37235067437379576 0.6056410256410256 0.09152215799614644 0.1158974358974359
0 0.7124277456647399 0.09282051282051282 0.27071290944123316 0.13435897435897437
0 0.2894990366088632 0.2564102564102564 0.25722543352601157 0.09230769230769231
0 0.5279383429672447 0.5887179487179487 0.06936416184971098 0.14153846153846153
0 0.7745664739884393 0.5969230769230769 0.3140655105973025 0.13333333333333333
0 0.197495183044316 0.5907692307692308 0.12138728323699421 0.12102564102564102
0 0.19171483622350674 0.8764102564102564 0.19460500963391136 0.15692307692307692
0 0.3603082851637765 0.8923076923076924 0.13680154142581888 0.14153846153846153
0 0.21628131021194605 0.48923076923076925 0.17822736030828518 0.12102564102564102
0 0.42485549132947975 0.11076923076923077 0.2003853564547206 0.18461538461538463
0 0.2119460500963391 0.38051282051282054 0.15028901734104047 0.14153846153846153
0 0.7003853564547207 0.2548717948717949 0.17148362235067438 0.15487179487179487
0 0.5019267822736031 0.882051282051282 0.12716763005780346 0.16615384615384615
0 0.41040462427745666 0.4112820512820513 0.17148362235067438 0.09641025641025641
0 0.6454720616570327 0.3943589743589744 0.3140655105973025 0.12410256410256411
0 0.8651252408477842 0.3964102564102564 0.12138728323699421 0.13435897435897437
0 0.6488439306358381 0.8528205128205129 0.17822736030828518 0.11384615384615385
0 0.819364161849711 0.8487179487179487 0.1628131021194605 0.13641025641025642
0 0.9344894026974951 0.8364102564102565 0.06358381502890173 0.13641025641025642
0 0.7345857418111753 0.9543589743589743 0.16859344894026976 0.07897435897435898
0 0.5178227360308285 0.4979487179487179 0.4325626204238921 0.09948717948717949
0 0.8145472061657033 0.5056410256410256 0.10115606936416185 0.11897435897435897
0 0.9633911368015414 0.40102564102564103 0.0789980732177264 0.11076923076923077
