0 0.18190567853705486 0.7776744186046511 0.22906641000962463 0.13953488372093023
0 0.8628488931665063 0.8674418604651163 0.2088546679499519 0.1330232558139535
0 0.7786333012512031 0.12232558139534884 0.15591915303176132 0.15534883720930232
0 0.39701636188642925 0.7762790697674419 0.15495668912415783 0.12186046511627907
0 0.53609239653513 0.7772093023255814 0.109720885466795 0.1386046511627907
0 0.6573628488931665 0.7320930232558139 0.09817131857555342 0.07627906976744186
0 0.7820019249278152 0.7223255813953489 0.3763233878729548 0.2
0 0.5553416746871992 0.8944186046511627 0.4157844080846968 0.1758139534883721
0 0.8195380173243504 0.25302325581395346 0.15495668912415783 0.12093023255813953
0 0.11693936477382098 0.2302325581395349 0.1126082771896054 0.12744186046511627
0 0.17228103946102022 0.10790697674418605 0.17324350336862368 0.1172093023255814
0 0.35418671799807505 0.10744186046511628 0.20596727622714148 0.1702325581395349
0 0.5279114533205005 0.11348837209302326 0.17805582290664101 0.13395348837209303
