0 0.6325301204819277 0.2510504201680672 0.16976998904709747 0.17857142857142858
0 0.7798466593647316 0.2494747899159664 0.13362541073384446 0.1796218487394958
0 0.18400876232201532 0.45168067226890757 0.29353778751369114 0.1638655462184874
0 0.4008762322015334 0.45588235294117646 0.15772179627601315 0.15336134453781514
0 0.5569550930996714 0.4485294117647059 0.1588170865279299 0.17016806722689076
0 0.6916757940854327 0.4564075630252101 0.07119386637458927 0.16911764705882354
0 0.7929901423877328 0.45063025210084034 0.13143483023001096 0.17436974789915966
0 0.9260679079956189 0.4112394957983193 0.1456736035049288 0.14180672268907563
0 0.12267250821467689 0.6475840336134454 0.16429353778751368 0.17542016806722688
0 0.39430449069003287 0.6339285714285714 0.3658269441401972 0.16281512605042017
0 0.7152245345016429 0.6349789915966386 0.2913472070098576 0.1565126050420168
0 0.932092004381161 0.6129201680672269 0.14238773274917854 0.1796218487394958
0 0.9085432639649507 0.25 0.1303395399780942 0.17436974789915966
0 0.24315443592552027 0.9175420168067226 0.3154435925520263 0.14600840336134455
0 0.4879518072289157 0.9290966386554622 0.19167579408543264 0.13130252100840337
0 0.6998904709748083 0.9164915966386554 0.2672508214676889 0.13760504201680673
0 0.8751369112814896 0.8918067226890757 0.08981380065717415 0.10504201680672269
0 0.7332968236582694 0.7883403361344538 0.18729463307776562 0.14390756302521007
0 0.9101861993428259 0.7720588235294118 0.16429353778751368 0.13445378151260504
0 0.20427163198247536 0.27205882352941174 0.10405257393209201 0.17647058823529413
