0 0.1540785498489426 0.1065891472868217 0.22356495468277945 0.17958656330749354
0 0.4705438066465257 0.09819121447028424 0.4093655589123867 0.17054263565891473
0 0.18580060422960726 0.7144702842377261 0.2628398791540785 0.14987080103359174
0 0.4554380664652568 0.7248062015503876 0.24018126888217523 0.15503875968992248
0 0.1472809667673716 0.5562015503875969 0.2311178247734139 0.17183462532299743
0 0.7688821752265861 0.11627906976744186 0.17522658610271905 0.14470284237726097
0 0.4652567975830816 0.2648578811369509 0.2628398791540785 0.15762273901808785
0 0.6706948640483383 0.8753229974160207 0.1419939577039275 0.15891472868217055
0 0.8406344410876133 0.8636950904392765 0.24018126888217523 0.1640826873385013
0 0.4259818731117825 0.8785529715762274 0.35347432024169184 0.16279069767441862
0 0.1268882175226586 0.4127906976744186 0.19939577039274925 0.13824289405684753
0 0.4735649546827795 0.560077519379845 0.21601208459214502 0.15891472868217055
0 0.7190332326283988 0.7099483204134367 0.2537764350453172 0.17958656330749354
0 0.8829305135951662 0.6989664082687338 0.08308157099697885 0.165374677002584
0 0.7318731117824774 0.25516795865633074 0.2764350453172205 0.15374677002583978
0 0.9244712990936556 0.11950904392764858 0.1419939577039275 0.15633074935400518
0 0.648036253776435 0.40568475452196384 0.3595166163141994 0.15503875968992248
0 0.770392749244713 0.5478036175710594 0.13595166163141995 0.1421188630490956
