0 0.2299301919720768 0.09423076923076923 0.36387434554973824 0.15153846153846154
0 0.5331588132635253 0.10384615384615385 0.2111692844677138 0.12923076923076923
0 0.8477312390924956 0.11076923076923077 0.19982547993019198 0.12923076923076923
0 0.09947643979057591 0.2469230769230769 0.14659685863874344 0.13230769230769232
0 0.29842931937172773 0.23846153846153847 0.19546247818499127 0.11846153846153847
0 0.12303664921465969 0.7084615384615385 0.20593368237347295 0.14153846153846153
0 0.31762652705061084 0.7411538461538462 0.19895287958115182 0.1346153846153846
0 0.12216404886561955 0.8407692307692308 0.1762652705061082 0.13076923076923078
0 0.3080279232111693 0.88 0.19546247818499127 0.12615384615384614
0 0.5261780104712042 0.8884615384615384 0.2286212914485166 0.12923076923076923
0 0.7294938917975567 0.8676923076923077 0.19022687609075042 0.10923076923076923
0 0.8773996509598604 0.8573076923076923 0.1212914485165794 0.12230769230769231
0 0.6230366492146597 0.7392307692307692 0.40663176265270506 0.15538461538461537
0 0.1662303664921466 0.5646153846153846 0.30279232111692844 0.17076923076923076
0 0.5056719022687609 0.23576923076923076 0.18760907504363003 0.1453846153846154
0 0.7547993019197208 0.24461538461538462 0.29842931937172773 0.15846153846153846
0 0.1719022687609075 0.40192307692307694 0.2914485165794066 0.16384615384615384
0 0.4232111692844677 0.4230769230769231 0.2582897033158813 0.14615384615384616
0 0.6950261780104712 0.43653846153846154 0.28184991273996507 0.13307692307692306
0 0.4664048865619546 0.5926923076923077 0.32024432809773123 0.14076923076923076
0 0.7822862129144852 0.5807692307692308 0.3150087260034904 0.16153846153846155
