0 0.6070544554455446 0.23648648648648649 0.17945544554455445 0.16735966735966737
0 0.4344059405940594 0.7525987525987526 0.3292079207920792 0.12474012474012475
0 0.17945544554455445 0.7588357588357588 0.20544554455445543 0.14345114345114346
0 0.14418316831683167 0.4194386694386694 0.13985148514851486 0.14241164241164242
0 0.2840346534653465 0.9002079002079002 0.35767326732673266 0.1288981288981289
0 0.5643564356435643 0.8934511434511434 0.19554455445544555 0.12162162162162163
0 0.7704207920792079 0.8924116424116424 0.23886138613861385 0.12785862785862787
0 0.619430693069307 0.4527027027027027 0.18688118811881188 0.17567567567567569
0 0.3756188118811881 0.4402286902286902 0.3056930693069307 0.15696465696465697
0 0.6992574257425742 0.6195426195426196 0.21534653465346534 0.17463617463617465
0 0.9034653465346535 0.5997920997920998 0.14356435643564355 0.13097713097713098
0 0.15037128712871287 0.2520790020790021 0.1150990099009901 0.18814968814968816
0 0.3261138613861386 0.25467775467775466 0.26113861386138615 0.19750519750519752
0 0.7728960396039604 0.45374220374220375 0.1150990099009901 0.14656964656964658
0 0.8712871287128713 0.4298336798336798 0.07425742574257425 0.14656964656964658
0 0.6745049504950495 0.7801455301455301 0.1782178217821782 0.11746361746361747
0 0.23824257425742573 0.6081081081081081 0.27103960396039606 0.158004158004158
0 0.849009900990099 0.764033264033264 0.1905940594059406 0.1288981288981289
0 0.9511138613861386 0.4235966735966736 0.0853960396039604 0.15904365904365905
0 0.9387376237623762 0.8955301455301455 0.0853960396039604 0.11538461538461539
