0 0.1032325338894682 0.08489857250187828 0.11678832116788321 0.08264462809917356
0 0.3044838373305527 0.07926371149511645 0.16475495307612095 0.08189331329827197
0 0.5307612095933264 0.08264462809917356 0.2857142857142857 0.09917355371900827
0 0.20177267987486966 0.2024793388429752 0.16579770594369134 0.10894064613072878
0 0.08498435870698644 0.2054845980465815 0.0886339937434828 0.10743801652892562
0 0.4197080291970803 0.1927122464312547 0.24504692387904067 0.09241172051089407
0 0.6355578727841501 0.19646882043576258 0.10531803962460896 0.09992486851990984
0 0.8321167883211679 0.19797145003756575 0.1981230448383733 0.10593538692712247
0 0.07090719499478623 0.3163035311795642 0.0667361835245047 0.09917355371900827
0 0.25391032325338897 0.3080390683696469 0.23670490093847757 0.09166040570999248
0 0.24087591240875914 0.4027047332832457 0.23774765380604795 0.07963936889556725
0 0.8269030239833159 0.41059353869271226 0.08967674661105318 0.10443275732531931
0 0.6991657977059437 0.6461307287753568 0.10740354535974973 0.10818933132982719
0 0.6736183524504692 0.9331329827197595 0.14181438998957246 0.07362885048835462
0 0.5187695516162669 0.9297520661157025 0.06777893639207508 0.11344853493613824
0 0.3858185610010427 0.9256198347107438 0.19603753910323254 0.08865514650638617
0 0.886339937434828 0.6525169045830203 0.2210636079249218 0.11344853493613824
0 0.5375391032325338 0.6457550713749061 0.205422314911366 0.10894064613072878
0 0.2857142857142857 0.6412471825694966 0.19186652763295098 0.11194590533433509
0 0.8300312825860271 0.5262960180315552 0.18769551616266944 0.1149511645379414
0 0.49739311783107404 0.418106686701728 0.22314911366006257 0.11044327573253193
0 0.6955161626694474 0.418106686701728 0.1897810218978102 0.11044327573253193
0 0.2846715328467153 0.521412471825695 0.1981230448383733 0.11870773854244929
0 0.5099061522419187 0.5341848234410218 0.19395203336809178 0.11870773854244929
0 0.18821689259645463 0.08827948910593539 0.07612095933263817 0.09691960931630353
0 0.7851929092805006 0.1010518407212622 0.21689259645464026 0.0879038317054846
0 0.2872784150156413 0.7550713749060857 0.19499478623566216 0.11419984973703982
0 0.6668404588112617 0.756198347107438 0.5370177267987487 0.11194590533433509
0 0.12043795620437957 0.6442524417731029 0.1386861313868613 0.10293012772351616
0 0.899895724713243 0.28850488354620585 0.10010427528675704 0.07212622088655146
0 0.48175182481751827 0.2821187077385425 0.12095933263816476 0.06235912847483095
0 0.5213764337851929 0.3012772351615327 0.25651720542231493 0.11419984973703982
0 0.7460896767466111 0.29338842975206614 0.20750782064650677 0.08640120210368145
0 0.08446298227320125 0.4098422238918107 0.06047966631908238 0.09691960931630353
