0 0.11784351145038167 0.23166472642607683 0.14026717557251908 0.09778812572759023
0 0.36688931297709926 0.22729918509895228 0.3349236641221374 0.08672875436554132
0 0.6579198473282443 0.23370197904540163 0.23377862595419846 0.08789289871944121
0 0.24045801526717558 0.3987194412107101 0.3473282442748092 0.07450523864959255
0 0.16269083969465647 0.48253783469150174 0.21469465648854963 0.08265424912689173
0 0.25333969465648853 0.7386495925494762 0.2719465648854962 0.08381839348079162
0 0.4799618320610687 0.7534924330616997 0.18893129770992367 0.0960419091967404
0 0.4169847328244275 0.49068684516880096 0.3148854961832061 0.09662398137369034
0 0.42509541984732824 0.5814901047729919 0.17270992366412213 0.08498253783469151
0 0.6865458015267175 0.31635622817229336 0.21087786259541985 0.08090803259604191
0 0.6211832061068703 0.05849825378346915 0.20610687022900764 0.0739231664726426
0 0.48950381679389315 0.4071594877764843 0.1851145038167939 0.09953434225844005
0 0.4398854961832061 0.31839348079161817 0.183206106870229 0.08614668218859138
0 0.0916030534351145 0.8146100116414435 0.07633587786259542 0.07043073341094296
0 0.22137404580152673 0.8984284051222352 0.23091603053435114 0.07275902211874273
0 0.1741412213740458 0.13358556461001164 0.23759541984732824 0.09487776484284051
0 0.7409351145038168 0.5052386495925495 0.3425572519083969 0.11525029103608847
0 0.3640267175572519 0.12922002328288706 0.14408396946564886 0.07334109429569266
0 0.5219465648854962 0.14231664726426077 0.1965648854961832 0.09487776484284051
0 0.7967557251908397 0.06228172293364377 0.15458015267175573 0.08149010477299184
0 0.6450381679389313 0.4030849825378347 0.1316793893129771 0.08789289871944121
0 0.8134541984732825 0.41006984866123397 0.21469465648854963 0.0960419091967404
0 0.6359732824427481 0.5960419091967404 0.23568702290076335 0.09313154831199069
0 0.8043893129770993 0.6004074505238649 0.1183206106870229 0.08556461001164144
0 0.26717557251908397 0.5747962747380675 0.16793893129770993 0.08789289871944121
0 0.2566793893129771 0.8277066356228172 0.2385496183206107 0.08265424912689173
0 0.726145038167939 0.7761932479627474 0.29389312977099236 0.11932479627473806
0 0.629293893129771 0.8486612339930152 0.3101145038167939 0.09080325960419092
0 0.8664122137404581 0.6883003492433062 0.16030534351145037 0.10535506402793947
0 0.7218511450381679 0.6807334109429569 0.18797709923664122 0.08672875436554132
0 0.12404580152671756 0.569848661233993 0.1297709923664122 0.08498253783469151
0 0.09971374045801527 0.6548311990686845 0.06965648854961833 0.059371362048894066
0 0.1784351145038168 0.6533760186263097 0.08015267175572519 0.06228172293364377
0 0.3306297709923664 0.6562863795110594 0.23377862595419846 0.08789289871944121
0 0.5271946564885496 0.6702561117578579 0.23568702290076335 0.08789289871944121
0 0.5019083969465649 0.889697322467986 0.12213740458015267 0.07159487776484284
0 0.6164122137404581 0.919674039580908 0.3969465648854962 0.08731082654249127
0 0.0868320610687023 0.8923166472642607 0.08015267175572519 0.0570430733410943
0 0.851145038167939 0.24010477299185098 0.14885496183206107 0.06693830034924331
0 0.15124045801526717 0.320139697322468 0.16889312977099236 0.08265424912689173
0 0.2886450381679389 0.3181024447031432 0.12881679389312978 0.09022118742724097
0 0.09017175572519084 0.7369033760186263 0.06965648854961833 0.07916181606519208
0 0.691793893129771 0.14959254947613504 0.16793893129770993 0.09080325960419092
0 0.7872137404580153 0.1580325960419092 0.06679389312977099 0.07625145518044238
0 0.8420801526717557 0.16618160651920838 0.11545801526717557 0.07741559953434225
0 0.9384541984732825 0.17753201396973226 0.10973282442748092 0.0919674039580908
0 0.9236641221374046 0.08149010477299184 0.10687022900763359 0.09778812572759023
