0 0.5019607843137255 0.1334604385128694 0.11764705882352941 0.0438512869399428
0 0.7186274509803922 0.17183031458531936 0.06470588235294118 0.046234509056244044
0 0.35637254901960785 0.4494756911344137 0.10098039215686275 0.04957102001906578
0 0.15049019607843137 0.07387988560533841 0.19117647058823528 0.058150619637750235
0 0.3107843137254902 0.0717349857006673 0.11568627450980393 0.05958055290753098
0 0.10833333333333334 0.22426120114394663 0.13823529411764707 0.05290753098188751
0 0.2181372549019608 0.22354623450905625 0.08529411764705883 0.04957102001906578
0 0.5004901960784314 0.33794089609151573 0.1480392156862745 0.04957102001906578
0 0.6455882352941177 0.38608198284080075 0.10882352941176471 0.057197330791229746
0 0.8176470588235294 0.3817921830314585 0.11176470588235295 0.05433746425166826
0 0.5107843137254902 0.390371782650143 0.1607843137254902 0.05910390848427073
0 0.10588235294117647 0.8119637750238322 0.07058823529411765 0.05004766444232602
0 0.04411764705882353 0.8150619637750238 0.052941176470588235 0.042897998093422304
0 0.18284313725490195 0.8117254528122021 0.09117647058823529 0.04957102001906578
