0 0.09683257918552036 0.251129363449692 0.12126696832579185 0.045585215605749484
0 0.2909502262443439 0.2406570841889117 0.24705882352941178 0.052566735112936344
0 0.29638009049773756 0.2839835728952772 0.16018099547511314 0.045585215605749484
0 0.056108597285067875 0.2969199178644764 0.07782805429864253 0.03696098562628337
0 0.25927601809954753 0.32607802874743325 0.16199095022624435 0.04763860369609856
0 0.26289592760180996 0.36837782340862424 0.17647058823529413 0.0459958932238193
0 0.4104072398190045 0.36694045174537987 0.12217194570135746 0.043121149897330596
0 0.5574660633484163 0.3624229979466119 0.13936651583710408 0.045585215605749484
0 0.7171945701357466 0.3613963039014374 0.18371040723981902 0.052566735112936344
0 0.8588235294117647 0.3601642710472279 0.0760180995475113 0.045174537987679675
0 0.07013574660633484 0.33429158110882956 0.09140271493212669 0.03942505133470226
0 0.06923076923076923 0.3784394250513347 0.09683257918552036 0.043121149897330596
0 0.06561085972850679 0.4162217659137577 0.09321266968325792 0.038193018480492814
0 0.09502262443438914 0.5632443531827516 0.11764705882352941 0.04722792607802875
0 0.2755656108597285 0.5626283367556468 0.1257918552036199 0.048459958932238194
0 0.43755656108597285 0.5558521560574948 0.16561085972850678 0.03983572895277208
0 0.6647058823529411 0.551129363449692 0.18552036199095023 0.0459958932238193
0 0.8190045248868778 0.5484599589322382 0.11764705882352941 0.0406570841889117
0 0.0760180995475113 0.6119096509240246 0.08687782805429864 0.03449691991786448
0 0.07873303167420814 0.6585215605749487 0.09230769230769231 0.03983572895277208
0 0.08054298642533937 0.7028747433264887 0.08506787330316742 0.042299794661190965
0 0.07239819004524888 0.7496919917864476 0.07963800904977375 0.04147843942505133
0 0.07782805429864253 0.8041067761806981 0.08687782805429864 0.048459958932238194
0 0.24705882352941178 0.8084188911704312 0.19004524886877827 0.05708418891170431
0 0.5018099547511312 0.8080082135523614 0.24705882352941178 0.05790554414784394
0 0.23755656108597284 0.7486652977412731 0.17104072398190046 0.05092402464065708
0 0.2809954751131222 0.6989733059548254 0.18552036199095023 0.05174537987679671
0 0.4253393665158371 0.751129363449692 0.20452488687782805 0.05420944558521561
0 0.611764705882353 0.748870636550308 0.1520361990950226 0.05872689938398357
0 0.7719457013574661 0.7464065708418891 0.16108597285067874 0.06201232032854209
0 0.8054298642533937 0.688911704312115 0.14841628959276018 0.045585215605749484
0 0.9221719457013575 0.6891170431211499 0.09230769230769231 0.05092402464065708
0 0.9117647058823529 0.7394250513347023 0.12217194570135746 0.046406570841889115
0 0.8366515837104073 0.6425051334702259 0.18009049773755656 0.04887063655030801
0 0.8660633484162896 0.5997946611909651 0.16289592760180996 0.043121149897330596
0 0.7 0.6032854209445585 0.16923076923076924 0.037782340862423
0 0.539366515837104 0.6936344969199179 0.18280542986425338 0.05010266940451746
0 0.4823529411764706 0.9334702258726899 0.12850678733031673 0.05503080082135524
0 0.32036199095022627 0.9359342915811089 0.15746606334841629 0.053388090349075976
0 0.9167420814479638 0.23121149897330595 0.16108597285067874 0.040246406570841886
0 0.7325791855203619 0.2726899383983573 0.17647058823529413 0.052566735112936344
0 0.9230769230769231 0.2720739219712526 0.14479638009049775 0.043121149897330596
0 0.3095022624434389 0.4108829568788501 0.2660633484162896 0.043121149897330596
0 0.5452488687782805 0.23347022587268995 0.2850678733031674 0.05872689938398357
0 0.7461538461538462 0.2268993839835729 0.17104072398190046 0.03737166324435318
0 0.316289592760181 0.6053388090349076 0.21809954751131222 0.05092402464065708
0 0.28868778280542984 0.6498973305954825 0.17013574660633485 0.03983572895277208
0 0.6877828054298643 0.8002053388090349 0.12126696832579185 0.045585215605749484
0 0.8004524886877828 0.8028747433264887 0.10045248868778281 0.05092402464065708
0 0.06380090497737556 0.45585215605749485 0.09321266968325792 0.02792607802874743
0 0.28778280542986423 0.4550308008213552 0.17737556561085974 0.05010266940451746
0 0.8787330316742081 0.44845995893223817 0.19185520361990951 0.0459958932238193
0 0.8900452488687782 0.3997946611909651 0.16561085972850678 0.04147843942505133
0 0.5515837104072399 0.4051334702258727 0.21447963800904976 0.04476386036960986
0 0.5665158371040724 0.2792607802874743 0.12669683257918551 0.04353182751540041
