0 0.1091127098321343 0.31950431034482757 0.1750599520383693 0.16702586206896552
0 0.40347721822541965 0.10398706896551724 0.29856115107913667 0.13685344827586207
0 0.3471223021582734 0.927801724137931 0.11630695443645084 0.10560344827586207
0 0.3471223021582734 0.2920258620689655 0.2745803357314149 0.14655172413793102
0 0.16546762589928057 0.5554956896551724 0.27577937649880097 0.1497844827586207
0 0.6858513189448441 0.11422413793103449 0.2302158273381295 0.15301724137931033
0 0.16007194244604317 0.806573275862069 0.1882494004796163 0.1411637931034483
0 0.4658273381294964 0.8141163793103449 0.15467625899280577 0.1497844827586207
0 0.7314148681055156 0.818426724137931 0.3764988009592326 0.13038793103448276
0 0.5821342925659473 0.27478448275862066 0.1642685851318945 0.12931034482758622
0 0.41786570743405277 0.5441810344827587 0.1474820143884892 0.14870689655172414
0 0.5533573141486811 0.6772629310344828 0.2577937649880096 0.13038793103448276
0 0.8375299760191847 0.6751077586206896 0.32973621103117506 0.15193965517241378
0 0.8729016786570744 0.1411637931034483 0.1510791366906475 0.18318965517241378
0 0.6025179856115108 0.5339439655172413 0.2170263788968825 0.11745689655172414
0 0.8255395683453237 0.5355603448275862 0.22661870503597123 0.1271551724137931
0 0.9628297362110312 0.5436422413793104 0.06235011990407674 0.11530172413793104
0 0.33213429256594723 0.6875 0.19184652278177458 0.14439655172413793
0 0.14028776978417265 0.10991379310344827 0.18944844124700239 0.1271551724137931
0 0.17326139088729017 0.9148706896551724 0.16906474820143885 0.10991379310344827
0 0.5251798561151079 0.9213362068965517 0.23501199040767387 0.10560344827586207
0 0.7050359712230215 0.9294181034482759 0.12949640287769784 0.11314655172413793
0 0.49760191846522783 0.41163793103448276 0.36930455635491605 0.14224137931034483
0 0.8093525179856115 0.41433189655172414 0.18225419664268586 0.12607758620689655
0 0.9448441247002398 0.41487068965517243 0.1079136690647482 0.13793103448275862
0 0.8477218225419664 0.8954741379310345 0.1750599520383693 0.12284482758620689
0 0.723621103117506 0.28125 0.5023980815347722 0.12931034482758622
