0 0.15529411764705883 0.1236501079913607 0.2235294117647059 0.18250539956803455
0 0.42411764705882354 0.06857451403887689 0.3235294117647059 0.11771058315334773
0 0.13294117647058823 0.3439524838012959 0.16470588235294117 0.1652267818574514
0 0.33647058823529413 0.33801295896328293 0.1388235294117647 0.15982721382289417
0 0.7623529411764706 0.3806695464362851 0.3976470588235294 0.18898488120950324
0 0.7529411764705882 0.06587473002159827 0.30117647058823527 0.12311015118790497
0 0.5217647058823529 0.21058315334773217 0.3 0.15982721382289417
0 0.798235294117647 0.19222462203023757 0.14705882352941177 0.17278617710583152
0 0.1111764705882353 0.787257019438445 0.1635294117647059 0.19654427645788336
0 0.4047058823529412 0.7802375809935205 0.31058823529411766 0.14794816414686826
0 0.7535294117647059 0.7338012958963283 0.3847058823529412 0.22138228941684665
0 0.1535294117647059 0.9001079913606912 0.20823529411764705 0.1263498920086393
0 0.38058823529411767 0.9163066954643628 0.1776470588235294 0.13498920086393087
0 0.5264705882352941 0.9011879049676026 0.12823529411764706 0.11339092872570194
0 0.6923529411764706 0.8736501079913607 0.13294117647058823 0.0734341252699784
0 0.7829411764705883 0.8839092872570194 0.37529411764705883 0.1695464362850972
