0 0.28305288461538464 0.11933701657458563 0.17427884615384615 0.17016574585635358
0 0.37259615384615385 0.7734806629834254 0.15625 0.15469613259668508
0 0.11538461538461539 0.13591160220994475 0.1201923076923077 0.15469613259668508
0 0.1063701923076923 0.7983425414364641 0.17427884615384615 0.16022099447513813
0 0.6971153846153846 0.7651933701657458 0.34375 0.19337016574585636
0 0.06009615384615385 0.4712707182320442 0.13942307692307693 0.18453038674033148
0 0.05889423076923077 0.6458563535911602 0.12259615384615384 0.16243093922651933
0 0.9026442307692307 0.7596685082872928 0.08173076923076923 0.18895027624309393
0 0.6448317307692307 0.42375690607734806 0.4098557692307692 0.19337016574585636
0 0.5096153846153846 0.10994475138121547 0.22596153846153846 0.2110497237569061
0 0.7920673076923077 0.11491712707182321 0.3605769230769231 0.1856353591160221
0 0.5354567307692307 0.2701657458563536 0.41225961538461536 0.16906077348066298
0 0.8407451923076923 0.2580110497237569 0.20552884615384615 0.14475138121546963
0 0.30649038461538464 0.623756906077348 0.20673076923076922 0.18895027624309393
0 0.5739182692307693 0.6038674033149172 0.33774038461538464 0.2022099447513812
0 0.8503605769230769 0.5696132596685083 0.25841346153846156 0.2154696132596685
