0 0.14316423043852106 0.24784313725490195 0.17970765262252794 0.1349019607843137
0 0.43723129836629404 0.25058823529411767 0.33963886500429924 0.16392156862745097
0 0.705932932072227 0.2529411764705882 0.20808254514187446 0.1796078431372549
0 0.8963886500429923 0.25372549019607843 0.2003439380911436 0.1811764705882353
0 0.39122957867583835 0.0780392156862745 0.22871883061049011 0.13254901960784313
0 0.6440240756663801 0.09372549019607843 0.23215821152192606 0.12941176470588237
0 0.8546861564918314 0.09607843137254903 0.19260533104041272 0.13098039215686275
0 0.11392949269131557 0.8909803921568628 0.20378331900257954 0.13176470588235295
0 0.28503869303525364 0.8952941176470588 0.14531384350816853 0.10588235294117647
0 0.4922613929492691 0.8874509803921569 0.2226999140154772 0.10745098039215686
0 0.11478933791917455 0.7549019607843137 0.15735167669819433 0.15137254901960784
0 0.32932072226999143 0.7694117647058824 0.11006018916595013 0.13647058823529412
0 0.8860705073086844 0.7427450980392157 0.12295786758383491 0.1380392156862745
0 0.5206362854686156 0.7623529411764706 0.23817712811693895 0.13647058823529412
0 0.19131556319862425 0.09686274509803922 0.1590713671539123 0.16392156862745097
0 0.7927773000859846 0.8764705882352941 0.3250214961306965 0.13254901960784313
0 0.7944969905417025 0.9592156862745098 0.3164230438521066 0.07215686274509804
0 0.3142734307824592 0.9533333333333334 0.117798796216681 0.04470588235294118
0 0.43895098882201206 0.967843137254902 0.3929492691315563 0.05647058823529412
