0 0.6598557692307693 0.14673913043478262 0.12980769230769232 0.1565217391304348
0 0.10276442307692307 0.15978260869565217 0.11899038461538461 0.13478260869565217
0 0.11838942307692307 0.32608695652173914 0.15264423076923078 0.19130434782608696
0 0.1875 0.48967391304347824 0.23798076923076922 0.1358695652173913
0 0.140625 0.7592391304347826 0.15625 0.1358695652173913
0 0.42247596153846156 0.4603260869565217 0.22716346153846154 0.1358695652173913
0 0.7596153846153846 0.4766304347826087 0.23076923076923078 0.1532608695652174
0 0.8335336538461539 0.14891304347826087 0.234375 0.1673913043478261
0 0.3707932692307692 0.29728260869565215 0.3449519230769231 0.16195652173913044
0 0.5955528846153846 0.4782608695652174 0.1045673076923077 0.12608695652173912
0 0.8870192307692307 0.9092391304347827 0.22115384615384615 0.1358695652173913
0 0.6664663461538461 0.9016304347826087 0.21514423076923078 0.13804347826086957
0 0.3407451923076923 0.7706521739130435 0.21754807692307693 0.14130434782608695
0 0.5450721153846154 0.7668478260869566 0.18389423076923078 0.13369565217391305
0 0.6754807692307693 0.7739130434782608 0.08173076923076923 0.14130434782608695
0 0.796875 0.7744565217391305 0.18269230769230768 0.1423913043478261
0 0.8689903846153846 0.6353260869565217 0.11057692307692307 0.13804347826086957
0 0.7463942307692307 0.6293478260869565 0.11538461538461539 0.14347826086956522
0 0.5871394230769231 0.6228260869565218 0.18629807692307693 0.1673913043478261
0 0.3112980769230769 0.14945652173913043 0.23076923076923078 0.15108695652173912
0 0.6622596153846154 0.3157608695652174 0.23798076923076922 0.17065217391304346
0 0.8569711538461539 0.3125 0.11298076923076923 0.1641304347826087
0 0.47055288461538464 0.8907608695652174 0.14543269230769232 0.12065217391304348
0 0.21935096153846154 0.878804347826087 0.36658653846153844 0.13152173913043477
0 0.4266826923076923 0.6146739130434783 0.13701923076923078 0.17282608695652174
0 0.19651442307692307 0.6179347826086956 0.3161057692307692 0.1641304347826087
0 0.5228365384615384 0.15706521739130436 0.13942307692307693 0.1423913043478261
0 0.9447115384615384 0.7592391304347826 0.11298076923076923 0.17717391304347826
0 0.9387019230769231 0.47445652173913044 0.1201923076923077 0.1641304347826087
