0 0.1391566265060241 0.10388247639034627 0.20602409638554217 0.11962224554039874
0 0.4427710843373494 0.09024134312696747 0.3746987951807229 0.1322140608604407
0 0.8210843373493976 0.08027282266526757 0.3144578313253012 0.1311647429171039
0 0.14457831325301204 0.229800629590766 0.2433734939759036 0.10912906610703044
0 0.3885542168674699 0.22140608604407136 0.15542168674698795 0.1259181532004197
0 0.4174698795180723 0.35204616998950683 0.3313253012048193 0.1353620146904512
0 0.8795180722891566 0.33315844700944386 0.1783132530120482 0.13326337880377753
0 0.11927710843373494 0.772822665267576 0.1710843373493976 0.14375655823714587
0 0.38313253012048193 0.7618048268625394 0.16626506024096385 0.12381951731374606
0 0.13975903614457832 0.9045120671563484 0.22409638554216868 0.14060860440713535
0 0.3795180722891566 0.8945435466946485 0.2674698795180723 0.12067156348373557
0 0.7379518072289156 0.7492130115424974 0.4855421686746988 0.155299055613851
0 0.6493975903614457 0.8840503672612802 0.27710843373493976 0.12696747114375656
0 0.8879518072289156 0.8588667366211962 0.1108433734939759 0.1080797481636936
0 0.6349397590361445 0.9669464847848899 0.1686746987951807 0.05141657922350472
0 0.8355421686746988 0.20776495278069254 0.22771084337349398 0.13011542497376705
0 0.13313253012048193 0.3719832109129066 0.2325301204819277 0.16474291710388247
0 0.06987951807228916 0.09391395592864638 0.07710843373493977 0.08709338929695698
0 0.11746987951807229 0.10703043022035677 0.07349397590361446 0.10912906610703044
0 0.18493975903614457 0.10598111227701994 0.1530120481927711 0.033578174186778595
0 0.3192771084337349 0.12539349422875132 0.09397590361445783 0.03882476390346275
0 0.32108433734939756 0.10860440713536201 0.06144578313253012 0.01993704092339979
0 0.336144578313253 0.08971668415529906 0.08674698795180723 0.022035676810073453
0 0.3253012048192771 0.05246589716684155 0.05301204819277108 0.05246589716684155
0 0.36686746987951807 0.049842602308499476 0.08795180722891566 0.026232948583420776
0 0.42650602409638555 0.06295907660020986 0.05060240963855422 0.048268625393494226
0 0.3921686746987952 0.07922350472193075 0.03493975903614458 0.03462749213011543
0 0.48975903614457833 0.09548793284365163 0.28313253012048195 0.06925498426023086
0 0.4614457831325301 0.10335781741867786 0.04819277108433735 0.06820566631689402
0 0.47771084337349395 0.09653725078698845 0.05421686746987952 0.07345225603357818
0 0.5 0.09758656873032528 0.05060240963855422 0.06925498426023086
0 0.516867469879518 0.09338929695697797 0.04578313253012048 0.05666316894018888
0 0.5367469879518072 0.05299055613850997 0.21807228915662652 0.09338929695697797
0 0.7018072289156626 0.0944386149003148 0.02289156626506024 0.06715634837355719
0 0.7204819277108434 0.09758656873032528 0.021686746987951807 0.06295907660020986
0 0.7674698795180723 0.07660020986358866 0.033734939759036145 0.0944386149003148
0 0.727710843373494 0.05089192025183631 0.06987951807228916 0.04302203567681007
0 0.7674698795180723 0.08971668415529906 0.1180722891566265 0.03672612801678909
0 0.7963855421686747 0.04459601259181532 0.05542168674698795 0.030430220356768102
0 0.8698795180722891 0.04879328436516264 0.10361445783132531 0.04302203567681007
0 0.8379518072289157 0.08709338929695698 0.027710843373493974 0.07974816369359916
0 0.8831325301204819 0.09076600209863589 0.1108433734939759 0.026232948583420776
0 0.9385542168674699 0.0844700944386149 0.04819277108433735 0.08289611752360965
0 0.05783132530120482 0.2266526757607555 0.06746987951807229 0.09653725078698845
0 0.13734939759036144 0.23294858342077648 0.05060240963855422 0.1049317943336831
0 0.19337349397590362 0.22927597061909757 0.12650602409638553 0.03462749213011543
0 0.3536144578313253 0.22770199370409233 0.04457831325301205 0.01888772298006296
0 0.3463855421686747 0.21458551941238196 0.02289156626506024 0.017838405036726127
0 0.3506024096385542 0.1993704092339979 0.03132530120481928 0.02098635886673662
0 0.36204819277108435 0.1694648478488982 0.06626506024096386 0.03252885624344176
0 0.3566265060240964 0.2502623294858342 0.08433734939759036 0.03882476390346275
0 0.42530120481927713 0.21773347324239245 0.06265060240963856 0.1248688352570829
0 0.6 0.20776495278069254 0.10120481927710843 0.09863588667366212
0 0.8283132530120482 0.18363064008394545 0.0855421686746988 0.023084994753410283
0 0.8451807228915663 0.2166841552990556 0.07590361445783132 0.05981112277019937
0 0.8234939759036145 0.19989506820566633 0.08313253012048193 0.015739769150052464
0 0.8253012048192772 0.21878279118572927 0.09156626506024096 0.022035676810073453
0 0.8307228915662651 0.2465897166841553 0.10722891566265061 0.035676810073452254
0 0.8391566265060241 0.155299055613851 0.1144578313253012 0.02098635886673662
0 0.9078313253012048 0.20146904512067157 0.04939759036144578 0.11752360965372508
0 0.7746987951807229 0.16841552990556138 0.021686746987951807 0.0472193074501574
0 0.7560240963855421 0.20146904512067157 0.05903614457831325 0.04407135362014691
0 0.06867469879518072 0.33840503672612804 0.07228915662650602 0.05981112277019937
0 0.1644578313253012 0.35939139559286465 0.13132530120481928 0.03882476390346275
0 0.1210843373493976 0.385099685204617 0.051807228915662654 0.11962224554039874
0 0.372289156626506 0.3861490031479538 0.2289156626506024 0.046169989506820566
0 0.3204819277108434 0.33315844700944386 0.043373493975903614 0.07660020986358866
0 0.3680722891566265 0.3310598111227702 0.05903614457831325 0.07869884575026233
0 0.43012048192771085 0.3336831059811123 0.13253012048192772 0.02728226652675761
0 0.5337349397590362 0.34365162644281216 0.07228915662650602 0.11647429171038824
0 0.8903614457831325 0.35624344176285416 0.1108433734939759 0.08499475341028331
0 0.869277108433735 0.29590766002098634 0.07349397590361446 0.07555089192025184
0 0.846987951807229 0.3210912906610703 0.01927710843373494 0.07135362014690451
0 0.8120481927710843 0.3305351521511018 0.033734939759036145 0.09653725078698845
0 0.07650602409638554 0.8100734522560336 0.0927710843373494 0.03777544596012592
0 0.10180722891566266 0.7833158447009444 0.10240963855421686 0.06400839454354669
0 0.09578313253012048 0.7460650577124869 0.03734939759036145 0.05456453305351522
0 0.1180722891566265 0.7476390346274921 0.03614457831325301 0.05771248688352571
0 0.10421686746987951 0.7256033578174187 0.1216867469879518 0.040923399790136414
0 0.18313253012048192 0.742392444910808 0.05542168674698795 0.07869884575026233
0 0.16325301204819276 0.8158447009443861 0.046987951807228916 0.07030430220356768
0 0.3650602409638554 0.7953830010493179 0.12771084337349398 0.046169989506820566
0 0.3578313253012048 0.7722980062959076 0.06506024096385542 0.02938090241343127
0 0.3704819277108434 0.7471143756558237 0.0783132530120482 0.033578174186778595
0 0.36987951807228914 0.7151101783840503 0.08674698795180723 0.05141657922350472
0 0.43493975903614457 0.7471143756558237 0.04819277108433735 0.08604407135362015
0 0.5891566265060241 0.7203567681007346 0.06265060240963856 0.07869884575026233
0 0.5987951807228916 0.770199370409234 0.0819277108433735 0.0776495278069255
0 0.6198795180722891 0.7471143756558237 0.21807228915662652 0.048268625393494226
0 0.7385542168674699 0.7738719832109129 0.05060240963855422 0.07450157397691501
0 0.7367469879518073 0.717208814270724 0.03493975903614458 0.055613850996852045
0 0.9367469879518072 0.7014690451206715 0.0927710843373494 0.10388247639034627
0 0.9307228915662651 0.7534102833158447 0.10963855421686747 0.11332633788037776
0 0.9265060240963855 0.7350472193074502 0.021686746987951807 0.03882476390346275
0 0.9072289156626506 0.7381951731374606 0.024096385542168676 0.04512067156348373
0 0.8897590361445783 0.7287513116474291 0.02289156626506024 0.04931794333683106
0 0.8602409638554217 0.7266526757607555 0.03855421686746988 0.013641133263378805
0 0.8493975903614458 0.7523609653725079 0.0746987951807229 0.02098635886673662
0 0.8493975903614458 0.7770199370409234 0.0746987951807229 0.017838405036726127
0 0.8150602409638554 0.7476390346274921 0.04457831325301205 0.05771248688352571
0 0.8475903614457831 0.6993704092339978 0.06385542168674699 0.03672612801678909
0 0.07650602409638554 0.9323189926547744 0.05421686746987952 0.05141657922350472
0 0.10120481927710843 0.9328436516264428 0.05060240963855422 0.05246589716684155
0 0.21445783132530122 0.8667366211962224 0.07710843373493977 0.05876180482686254
0 0.22289156626506024 0.9338929695697796 0.07228915662650602 0.06925498426023086
0 0.10120481927710843 0.8525708289611752 0.04819277108433735 0.04931794333683106
0 0.1180722891566265 0.8604407135362014 0.04819277108433735 0.04197271773347324
0 0.1180722891566265 0.8777544596012592 0.1614457831325301 0.04512067156348373
0 0.3156626506024096 0.9391395592864638 0.07951807228915662 0.05876180482686254
0 0.3481927710843373 0.9055613850996852 0.09879518072289156 0.023084994753410283
0 0.41927710843373495 0.9144805876180483 0.043373493975903614 0.04512067156348373
0 0.4614457831325301 0.9239244491080797 0.05783132530120482 0.06610703043022036
0 0.44216867469879517 0.885099685204617 0.03614457831325301 0.017838405036726127
0 0.44156626506024094 0.8677859391395593 0.027710843373493974 0.016789087093389297
0 0.4463855421686747 0.8405036726128017 0.04939759036144578 0.03147953830010493
0 0.4186746987951807 0.8630640083945436 0.03493975903614458 0.0472193074501574
0 0.48734939759036144 0.8798530954879329 0.03975903614457831 0.09548793284365163
0 0.636144578313253 0.8746065057712487 0.21445783132530122 0.04931794333683106
0 0.5765060240963855 0.8924449108079748 0.02530120481927711 0.08919202518363065
0 0.5963855421686747 0.8840503672612802 0.021686746987951807 0.080797481636936
0 0.6186746987951808 0.885099685204617 0.020481927710843374 0.08709338929695698
0 0.6457831325301204 0.8840503672612802 0.02650602409638554 0.08289611752360965
0 0.755421686746988 0.8719832109129066 0.043373493975903614 0.11332633788037776
0 0.8650602409638555 0.8751311647429171 0.05783132530120482 0.08604407135362015
0 0.8680722891566265 0.8473242392444911 0.0783132530120482 0.0912906610703043
0 0.8993975903614457 0.8840503672612802 0.051807228915662654 0.011542497376705142
0 0.9253012048192771 0.832109129066107 0.05060240963855422 0.05876180482686254
0 0.6132530120481928 0.9611752360965372 0.09879518072289156 0.025183630640083946
0 0.5885542168674699 0.9795383001049318 0.0783132530120482 0.024134312696747113
0 0.630722891566265 0.9706190975865687 0.06144578313253012 0.02098635886673662
0 0.694578313253012 0.9622245540398741 0.03734939759036145 0.05246589716684155
0 0.805421686746988 0.9485834207764953 0.06626506024096386 0.016789087093389297
0 0.8006024096385542 0.9559286463798531 0.05903614457831325 0.012591815320041973
0 0.7981927710843374 0.9632738719832109 0.056626506024096385 0.01049317943336831
