0 0.12520064205457465 0.09907120743034056 0.18619582664526485 0.17647058823529413
0 0.3274478330658106 0.07739938080495357 0.21508828250401285 0.1393188854489164
0 0.6974317817014446 0.0804953560371517 0.5248796147672552 0.15789473684210525
0 0.1404494382022472 0.3088235294117647 0.20064205457463885 0.22136222910216719
0 0.1548956661316212 0.5433436532507739 0.27768860353130015 0.1826625386996904
0 0.3900481540930979 0.5371517027863777 0.18940609951845908 0.17337461300309598
0 0.5417335473515249 0.5178018575851393 0.12359550561797752 0.19040247678018576
0 0.7889245585874799 0.7167182662538699 0.3611556982343499 0.20743034055727555
0 0.43820224719101125 0.7213622291021672 0.35313001605136435 0.19504643962848298
0 0.4654895666131621 0.2825077399380805 0.4654895666131621 0.21517027863777088
0 0.826645264847512 0.2848297213622291 0.2664526484751204 0.23529411764705882
0 0.7070626003210273 0.4713622291021672 0.16853932584269662 0.10061919504643962
