0 0.3103448275862069 0.23398692810457516 0.18135376756066413 0.18562091503267975
0 0.5587484035759898 0.22026143790849673 0.1698595146871009 0.17647058823529413
0 0.8065134099616859 0.20326797385620915 0.29757343550446996 0.16339869281045752
0 0.30268199233716475 0.06928104575163399 0.14814814814814814 0.11503267973856209
0 0.13473818646232438 0.07647058823529412 0.19284802043422733 0.13986928104575164
0 0.11047254150702426 0.2477124183006536 0.1417624521072797 0.1869281045751634
0 0.12388250319284802 0.818954248366013 0.2222222222222222 0.1503267973856209
0 0.359514687100894 0.8679738562091504 0.2720306513409962 0.2065359477124183
0 0.5446998722860792 0.06993464052287582 0.28991060025542786 0.13725490196078433
0 0.8001277139208174 0.06797385620915032 0.21839080459770116 0.13071895424836602
0 0.6206896551724138 0.8313725490196079 0.23499361430395913 0.17777777777777778
0 0.8652618135376756 0.8196078431372549 0.14687100893997446 0.16209150326797386
0 0.5 0.9764705882352941 0.12643678160919541 0.044444444444444446
0 0.6424010217113666 0.9647058823529412 0.14559386973180077 0.054901960784313725
0 0.8071519795657727 0.954248366013072 0.10983397190293742 0.04183006535947712
