0 0.1708043694141013 0.48287345385347286 0.17477656405163852 0.12274024738344434
0 0.33416087388282023 0.4857278782112274 0.1221449851042701 0.09990485252140818
0 0.4558093346573982 0.4647954329210276 0.11320754716981132 0.13415794481446242
0 0.11717974180734857 0.269267364414843 0.13108242303872888 0.1636536631779258
0 0.33316782522343596 0.25118934348239774 0.30089374379344586 0.15794481446241673
0 0.24329692154915591 0.09752616555661275 0.14895729890764647 0.120837297811608
0 0.39771598808341607 0.08848715509039011 0.17775571002979146 0.10846812559467174
0 0.13803376365441908 0.8644148430066603 0.19463753723932473 0.11893434823977164
0 0.5714995034756704 0.23929590865842054 0.1400198609731877 0.15128449096098953
0 0.10724925521350546 0.10133206470028544 0.11916583912611718 0.12464319695528069
0 0.6946375372393248 0.08039961941008564 0.3545183714001986 0.10751665080875357
0 0.7343594836146972 0.23834443387250237 0.1817279046673287 0.1493815413891532
0 0.8570009930486594 0.2274024738344434 0.07348560079443893 0.1313035204567079
0 0.9285004965243296 0.21217887725975262 0.09533267130089375 0.142721217887726
0 0.2611717974180735 0.6132254995242626 0.3753723932472691 0.1379638439581351
0 0.5094339622641509 0.6184586108468125 0.13108242303872888 0.11798287345385347
0 0.6722939424031777 0.6079923882017126 0.18669314796425024 0.12369172216936251
0 0.8480635551142006 0.5956232159847764 0.1708043694141013 0.12940057088487156
0 0.1385302879841112 0.7345385347288297 0.16385302879841113 0.12559467174119887
0 0.7517378351539226 0.8805899143672693 0.1906653426017875 0.09990485252140818
0 0.9195630585898709 0.8753568030447193 0.13505461767626614 0.16175071360608945
0 0.5868917576961271 0.8777354900095148 0.14895729890764647 0.12274024738344434
0 0.44190665342601787 0.873453853472883 0.14697120158887786 0.11037107516650808
0 0.4885799404170804 0.741674595623216 0.21251241310824232 0.11512844909609896
0 0.9086395233366436 0.4367269267364415 0.1708043694141013 0.142721217887726
0 0.5858987090367428 0.4291151284490961 0.09731876861966236 0.07231208372978117
0 0.6787487586891757 0.4424357754519505 0.30089374379344586 0.16175071360608945
0 0.2999006951340616 0.7421503330161751 0.17676266137040714 0.12940057088487156
