0 0.16080937167199147 0.26939843068875324 0.20234291799787008 0.11159546643417612
0 0.3780617678381257 0.2746294681778553 0.17891373801916932 0.17088055797733218
0 0.15228966986155484 0.8761987794245859 0.2108626198083067 0.17785527462946818
0 0.3951011714589989 0.8823016564952049 0.1959531416400426 0.15170008718395817
0 0.7428115015974441 0.902353966870096 0.34824281150159747 0.13251961639058413
0 0.23003194888178913 0.43679163034001744 0.32800851970181044 0.15344376634699217
0 0.566027689030884 0.27550130775937226 0.21831735889243875 0.15170008718395817
0 0.520234291799787 0.4306887532693984 0.22896698615548455 0.13949433304272013
0 0.7752928647497338 0.2807323452484743 0.18956336528221512 0.1900610287707062
0 0.154419595314164 0.5632083696599826 0.2066027689030884 0.16913687881429817
0 0.670926517571885 0.43897122929380994 0.05324813631522897 0.1037489102005231
0 0.7902023429179978 0.4455100261551874 0.18956336528221512 0.13251961639058413
0 0.4531416400425985 0.5727986050566696 0.3908413205537806 0.15693112467306017
0 0.77209797657082 0.5797733217088056 0.2598509052183174 0.16041848299912817
0 0.24973375931842384 0.7288578901482128 0.3397231096911608 0.16216216216216217
0 0.47177848775292863 0.7489102005231038 0.15122470713525027 0.16041848299912817
0 0.7731629392971247 0.7454228421970357 0.30670926517571884 0.13251961639058413
0 0.9334398296059638 0.2798605056669573 0.13099041533546327 0.17088055797733218
