0 0.1516279069767442 0.037991858887381276 0.1786046511627907 0.05879692446856626
0 0.43627906976744185 0.04093170511080959 0.22697674418604652 0.05472636815920398
0 0.8502325581395349 0.04568068747173225 0.2474418604651163 0.05879692446856626
0 0.781860465116279 0.7331524197195839 0.12558139534883722 0.07055630936227951
0 0.8437209302325581 0.9434644957033017 0.1283720930232558 0.05336951605608322
0 0.8409302325581396 0.6732247851650837 0.2102325581395349 0.052917232021709636
0 0.44883720930232557 0.681592039800995 0.2241860465116279 0.04703753957485301
0 0.5446511627906977 0.7347354138398915 0.1330232558139535 0.05563093622795115
0 0.29674418604651165 0.09927634554500227 0.2158139534883721 0.06196291270918137
0 0.43023255813953487 0.8554952510176391 0.15906976744186047 0.06196291270918137
0 0.567906976744186 0.8554952510176391 0.1330232558139535 0.06558118498417007
0 0.46 0.09746720940750792 0.12 0.05563093622795115
0 0.15627906976744185 0.3758480325644505 0.16744186046511628 0.0506558118498417
0 0.17906976744186046 0.3254183627317956 0.19627906976744186 0.05201266395296246
0 0.3813953488372093 0.947535052012664 0.2027906976744186 0.052464947987336044
0 0.6074418604651163 0.9466304839439168 0.21209302325581394 0.05608322026232474
0 0.3874418604651163 0.3231569425599276 0.22604651162790698 0.05563093622795115
0 0.5269767441860466 0.37403889642695615 0.12372093023255815 0.048846675712347354
0 0.14232558139534884 0.43713251922207147 0.16186046511627908 0.046585255540479424
0 0.2874418604651163 0.43758480325644505 0.10418604651162791 0.05110809588421529
0 0.6627906976744186 0.737449118046133 0.11627906976744186 0.06196291270918137
0 0.7293023255813953 0.8980099502487562 0.12651162790697673 0.046585255540479424
0 0.6125581395348837 0.31840796019900497 0.12930232558139534 0.054274084124830396
0 0.16790697674418606 0.5307553143374039 0.28 0.07462686567164178
0 0.4041860465116279 0.5133423790140208 0.2 0.052464947987336044
0 0.5776744186046512 0.5135685210312076 0.16372093023255813 0.05563093622795115
0 0.6041860465116279 0.6309362279511533 0.0827906976744186 0.05608322026232474
0 0.8976744186046511 0.6221166892808684 0.13023255813953488 0.060153776571687016
0 0.8776744186046511 0.8941655359565808 0.1758139534883721 0.05336951605608322
0 0.8953488372093024 0.432157394843962 0.12930232558139534 0.050203527815468114
0 0.753953488372093 0.43464495703301675 0.12372093023255815 0.055178652193577565
0 0.31069767441860463 0.26910900045228403 0.17302325581395347 0.05970149253731343
0 0.44790697674418606 0.26616915422885573 0.11069767441860465 0.05924920850293985
0 0.5920930232558139 0.263681592039801 0.173953488372093 0.05608322026232474
0 0.7906976744186046 0.263681592039801 0.24 0.06060606060606061
0 0.34604651162790695 0.37381275440976935 0.22511627906976744 0.060153776571687016
0 0.15813953488372093 0.2736318407960199 0.14325581395348838 0.05336951605608322
0 0.16046511627906976 0.21053821800090458 0.16279069767441862 0.052917232021709636
0 0.43627906976744185 0.21166892808683854 0.17302325581395347 0.05879692446856626
0 0.9455813953488372 0.09656264133876075 0.09023255813953489 0.04839439167797377
0 0.7116279069767442 0.09588421528720036 0.3813953488372093 0.04975124378109453
0 0.5065116279069768 0.4362279511533243 0.33209302325581397 0.05563093622795115
0 0.11953488372093023 0.6261872455902306 0.13674418604651162 0.056535504296698326
0 0.3218604651162791 0.6304839439167798 0.1469767441860465 0.05970149253731343
0 0.14046511627906977 0.6834011759384894 0.16372093023255813 0.06241519674355495
0 0.12976744186046513 0.7926277702397105 0.13674418604651162 0.05834464043419267
0 0.3358139534883721 0.7937584803256446 0.2753488372093023 0.06060606060606061
0 0.6162790697674418 0.7942107643600181 0.2855813953488372 0.05789235639981909
0 0.8032558139534883 0.7914970601537765 0.08093023255813954 0.06241519674355495
0 0.9176744186046512 0.7892356399819086 0.14604651162790697 0.06331976481230213
0 0.1702325581395349 0.9402985074626866 0.2474418604651163 0.06060606060606061
0 0.7311627906976744 0.8493894165535957 0.19348837209302325 0.052464947987336044
0 0.13162790697674417 0.09023066485753053 0.14232558139534884 0.04748982360922659
0 0.3916279069767442 0.1546811397557666 0.25488372093023254 0.06512890094979647
0 0.7372093023255814 0.15083672546359114 0.4493023255813953 0.06377204884667571
0 0.9027906976744186 0.20691994572591588 0.12 0.052917232021709636
0 0.9418604651162791 0.2663952962460425 0.07162790697674419 0.05879692446856626
0 0.8990697674418605 0.3197648123021257 0.09209302325581395 0.05698778833107191
0 0.9423255813953488 0.5106286748077793 0.09302325581395349 0.052464947987336044
0 0.8083720930232559 0.5113071008593396 0.18232558139534882 0.05472636815920398
0 0.6130232558139534 0.572139303482587 0.10790697674418605 0.05970149253731343
0 0.7506976744186047 0.5716870194482134 0.17674418604651163 0.06784260515603799
0 0.11209302325581395 0.8471279963817278 0.1144186046511628 0.051560379918588875
0 0.9013953488372093 0.727498869289914 0.09674418604651162 0.05924920850293985
0 0.9693023255813954 0.7191316146540027 0.04837209302325581 0.054274084124830396
0 0.3809302325581395 0.5701040253279059 0.36372093023255814 0.06558118498417007
0 0.40325581395348836 0.7372229760289462 0.18325581395348836 0.052464947987336044
0 0.6734883720930233 0.37675260063319765 0.16930232558139535 0.05970149253731343
0 0.8706976744186047 0.3715513342379014 0.19534883720930232 0.060153776571687016
