0 0.18962075848303392 0.7736520854526958 0.22355289421157684 0.14750762970498474
0 0.42015968063872255 0.7767039674465921 0.21956087824351297 0.1515768056968464
0 0.5993013972055888 0.9140386571719227 0.12874251497005987 0.14954221770091555
0 0.7979041916167665 0.9079348931841302 0.21457085828343314 0.13123092573753814
0 0.4356287425149701 0.612410986775178 0.31636726546906185 0.17090539165818922
0 0.6641716566866267 0.6185147507629705 0.13672654690618763 0.14852492370295015
0 0.8008982035928144 0.6236012207527976 0.13872255489021956 0.14445574771108852
0 0.18413173652694612 0.6052899287894201 0.17065868263473055 0.19125127161749747
0 0.9291417165668663 0.6063072227873856 0.12574850299401197 0.15869786368260427
0 0.6002994011976048 0.7797558494404883 0.1407185628742515 0.13326551373346898
0 0.8183632734530938 0.7644964394710071 0.3033932135728543 0.16378433367243134
0 0.14920159680638723 0.9181078331637843 0.17864271457085829 0.14140386571719227
0 0.37674650698602796 0.9226856561546287 0.27245508982035926 0.1363173957273652
