0 0.18867041198501872 0.7471350274040857 0.33052434456928836 0.08520179372197309
0 0.10674157303370786 0.9095665171898356 0.15730337078651685 0.06925759840558046
0 0.3295880149812734 0.9033383158943697 0.1348314606741573 0.08370702541106129
0 0.7162921348314607 0.8988540109616343 0.36891385767790263 0.08370702541106129
0 0.12921348314606743 0.8370702541106129 0.23782771535580524 0.07573492775286497
0 0.523876404494382 0.5142002989536621 0.14700374531835206 0.10064773293472845
0 0.8174157303370787 0.4730941704035874 0.14794007490636704 0.09715994020926756
0 0.6207865168539326 0.3373193821624315 0.1647940074906367 0.08370702541106129
0 0.8806179775280899 0.31041355256601894 0.14325842696629212 0.07772795216741404
0 0.4517790262172285 0.3460388639760837 0.09269662921348315 0.0802192326856004
0 0.25187265917602997 0.02391629297458894 0.20786516853932585 0.0458395615346288
0 0.46301498127340823 0.023667164922770306 0.21816479400749064 0.04932735426008968
0 0.10533707865168539 0.028898854010961636 0.12078651685393259 0.04285002491280518
0 0.0552434456928839 0.28226208271051323 0.09363295880149813 0.0752366716492277
0 0.42790262172284643 0.8293472845042352 0.26217228464419473 0.07324364723467862
0 0.4058988764044944 0.5104633781763827 0.08707865168539326 0.09217737917289487
0 0.24391385767790263 0.17314399601395117 0.20131086142322097 0.07722969606377678
0 0.21910112359550563 0.2640757349277529 0.2303370786516854 0.07174887892376682
0 0.07116104868913857 0.18236173393124067 0.13857677902621723 0.0916791230692576
0 0.07397003745318352 0.3679621325361236 0.12172284644194757 0.09018435475834578
0 0.23876404494382023 0.36297957149975085 0.22659176029962547 0.07822620827105133
0 0.11142322097378277 0.5371200797209765 0.1704119850187266 0.0966616841056303
0 0.38295880149812733 0.43398106626806177 0.15543071161048688 0.08769307424015944
0 0.6324906367041199 0.4133034379671151 0.2799625468164794 0.10114598903836572
0 0.46348314606741575 0.25909317389138015 0.21161048689138576 0.08570004982561036
0 0.7078651685393258 0.2516193323368211 0.2752808988764045 0.08570004982561036
0 0.8979400749063671 0.23517688091679123 0.11235955056179775 0.0687593423019432
0 0.43820224719101125 0.7478824115595416 0.13857677902621723 0.046836073741903336
0 0.49765917602996257 0.7458893871449925 0.27247191011235955 0.08669656203288491
0 0.7359550561797753 0.7438963627304435 0.21161048689138576 0.06676631788739412
0 0.9166666666666666 0.7384155455904334 0.14232209737827714 0.07174887892376682
0 0.6713483146067416 0.8168908819133034 0.1647940074906367 0.08320876930742402
0 0.8820224719101124 0.8074240159441953 0.18164794007490637 0.07822620827105133
0 0.7186329588014981 0.027902341803687097 0.2949438202247191 0.05580468360737419
0 0.924625468164794 0.03089187842551071 0.1151685393258427 0.06178375685102142
0 0.4756554307116105 0.17862481315396114 0.1797752808988764 0.08719481813652218
0 0.08099250936329588 0.4484304932735426 0.13764044943820225 0.0787244643746886
0 0.2148876404494382 0.44369706028898853 0.16385767790262173 0.08819133034379671
0 0.2701310861423221 0.5308918784255107 0.18632958801498128 0.0981564524165421
