0 0.12665198237885464 0.08316929133858268 0.14757709251101322 0.11909448818897637
0 0.27037444933920707 0.0718503937007874 0.15308370044052863 0.13188976377952755
0 0.43116740088105726 0.0654527559055118 0.1905286343612335 0.12696850393700787
0 0.6150881057268722 0.06594488188976377 0.18612334801762115 0.13385826771653545
0 0.8001101321585903 0.06348425196850394 0.14647577092511013 0.11122047244094488
0 0.7142070484581498 0.5137795275590551 0.3314977973568282 0.1673228346456693
0 0.44548458149779735 0.37450787401574803 0.20154185022026433 0.19586614173228348
0 0.19162995594713655 0.2155511811023622 0.21585903083700442 0.14566929133858267
0 0.40969162995594716 0.20570866141732283 0.2290748898678414 0.14960629921259844
0 0.5903083700440529 0.20866141732283464 0.10352422907488987 0.13976377952755906
0 0.7472466960352423 0.21309055118110237 0.183920704845815 0.1624015748031496
0 0.9300660792951542 0.2106299212598425 0.11563876651982379 0.1673228346456693
0 0.20209251101321585 0.3700787401574803 0.30066079295154186 0.1889763779527559
0 0.663546255506608 0.3700787401574803 0.2588105726872247 0.14173228346456693
0 0.8716960352422908 0.37106299212598426 0.197136563876652 0.1673228346456693
