0 0.08549931600547196 0.10499359795134443 0.12722298221614228 0.14340588988476313
0 0.26880984952120385 0.1088348271446863 0.20656634746922026 0.176696542893726
0 0.6874145006839946 0.12099871959026888 0.5157318741450069 0.1882202304737516
0 0.1012311901504788 0.29641485275288093 0.16142270861833105 0.1702944942381562
0 0.25718194254445964 0.3053777208706786 0.18604651162790697 0.16261203585147246
0 0.4575923392612859 0.3117797695262484 0.2448700410396717 0.17541613316261204
0 0.6614227086183311 0.31498079385403327 0.17373461012311903 0.16645326504481434
0 0.8180574555403557 0.31370038412291934 0.16142270861833105 0.15364916773367476
0 0.9466484268125855 0.3085787451984635 0.106703146374829 0.15364916773367476
0 0.7824897400820794 0.4814340588988476 0.22982216142270862 0.18437900128040974
0 0.551983584131327 0.6350832266325224 0.21203830369357046 0.1587708066581306
0 0.713406292749658 0.6542893725992317 0.1491108071135431 0.16901408450704225
0 0.521203830369357 0.854673495518566 0.26812585499316005 0.22407170294494239
0 0.8488372093023255 0.8476312419974392 0.18194254445964433 0.1997439180537772
0 0.0759233926128591 0.6306017925736236 0.1326949384404925 0.19334186939820744
0 0.29001367989056087 0.6408450704225352 0.3447332421340629 0.16517285531370038
0 0.9117647058823529 0.6107554417413572 0.146374829001368 0.10243277848911651
