0 0.16266506602641057 0.06805399325084364 0.16926770708283315 0.11361079865016872
0 0.3403361344537815 0.06242969628796401 0.11884753901560624 0.12485939257592801
0 0.5060024009603842 0.07086614173228346 0.1644657863145258 0.1439820022497188
0 0.6758703481392557 0.0764904386951631 0.13205282112845138 0.13948256467941508
0 0.10324129651860744 0.19797525309336333 0.15606242496998798 0.13498312710911137
0 0.35234093637454983 0.20697412823397077 0.3349339735894358 0.1529808773903262
0 0.592436974789916 0.22384701912260968 0.1788715486194478 0.13048368953880765
0 0.8319327731092437 0.21147356580427445 0.2929171668667467 0.15523059617547807
0 0.09183673469387756 0.3425196850393701 0.15006002400960383 0.15185601799775028
0 0.09423769507803122 0.48200224971878514 0.17647058823529413 0.13835770528683913
0 0.09243697478991597 0.6242969628796401 0.18007202881152462 0.1597300337457818
0 0.29591836734693877 0.48256467941507314 0.24849939975990396 0.1327334083239595
0 0.29411764705882354 0.3458942632170979 0.2665066026410564 0.172103487064117
0 0.8487394957983193 0.08042744656917886 0.22809123649459784 0.11136107986501688
0 0.49939975990396157 0.3548931383577053 0.16566626650660263 0.15860517435320584
0 0.4909963985594238 0.4831271091113611 0.1608643457382953 0.10911136107986502
0 0.758703481392557 0.4898762654668167 0.18487394957983194 0.09786276715410573
0 0.9213685474189676 0.4881889763779528 0.13805522208883553 0.1124859392575928
0 0.35834333733493395 0.6012373453318335 0.3589435774309724 0.11811023622047244
0 0.7232893157262905 0.6175478065241845 0.36614645858343337 0.17772778402699663
0 0.9399759903961584 0.6226096737907761 0.09843937575030012 0.156355455568054
0 0.7496998799519808 0.9212598425196851 0.15726290516206481 0.12598425196850394
0 0.8931572629051621 0.9043869516310461 0.12965186074429771 0.14173228346456693
0 0.13745498199279713 0.9656917885264342 0.1788715486194478 0.05736782902137233
0 0.3067226890756303 0.9505061867266592 0.11404561824729892 0.08773903262092239
0 0.4429771908763505 0.9533183352080989 0.148859543817527 0.09111361079865017
0 0.5918367346938775 0.9415073115860517 0.15846338535414164 0.11923509561304838
0 0.7064825930372148 0.36389201349831274 0.27010804321728693 0.16310461192350956
0 0.918967587034814 0.36164229471316084 0.16686674669867949 0.15185601799775028
