0 0.7475832438238453 0.3622222222222222 0.13748657357679914 0.14666666666666667
0 0.359828141783029 0.5088888888888888 0.09237379162191192 0.1288888888888889
0 0.23469387755102042 0.23022222222222222 0.3684210526315789 0.10311111111111111
0 0.17669172932330826 0.5048888888888889 0.2696025778732546 0.112
0 0.518796992481203 0.6355555555555555 0.1761546723952739 0.14044444444444446
0 0.5300751879699248 0.756 0.30182599355531686 0.0951111111111111
0 0.7465091299677766 0.8595555555555555 0.21697099892588614 0.11733333333333333
0 0.34049409237379163 0.6435555555555555 0.17400644468313642 0.1368888888888889
0 0.6723952738990333 0.6257777777777778 0.1288936627282492 0.128
0 0.8694951664876477 0.6075555555555555 0.2545649838882922 0.1537777777777778
0 0.7883995703544576 0.104 0.2814178302900107 0.11911111111111111
0 0.5150375939849624 0.49866666666666665 0.14715359828141783 0.14577777777777778
0 0.8490870032223415 0.4746666666666667 0.24597207303974222 0.09777777777777778
0 0.14661654135338345 0.3711111111111111 0.23093447905477982 0.1537777777777778
0 0.3576799140708915 0.35244444444444445 0.19548872180451127 0.136
0 0.15574650912996776 0.6453333333333333 0.20408163265306123 0.12977777777777777
0 0.5445757250268528 0.344 0.17185821697099893 0.10311111111111111
0 0.46616541353383456 0.22577777777777777 0.11600429645542427 0.12977777777777777
0 0.1310418904403867 0.8577777777777778 0.15037593984962405 0.07644444444444444
0 0.49140708915145004 0.8608888888888889 0.30182599355531686 0.11466666666666667
0 0.6895810955961332 0.22444444444444445 0.2083780880773362 0.12711111111111112
0 0.8915145005370569 0.21777777777777776 0.19548872180451127 0.11377777777777778
0 0.8764769065520945 0.35288888888888886 0.11815252416756176 0.1511111111111111
0 0.27765843179377014 0.8595555555555555 0.1686358754027927 0.11555555555555555
0 0.21052631578947367 0.7524444444444445 0.33297529538131043 0.11644444444444445
0 0.17669172932330826 0.10888888888888888 0.22019334049409237 0.13955555555555554
0 0.4242749731471536 0.11333333333333333 0.15037593984962405 0.13066666666666665
0 0.7540279269602578 0.744 0.1460794844253491 0.11377777777777778
0 0.8952738990332976 0.7426666666666667 0.17078410311493017 0.11644444444444445
0 0.9151450053705693 0.8537777777777777 0.1310418904403867 0.13244444444444445
