0 0.17703349282296652 0.06827956989247312 0.16985645933014354 0.1086021505376344
0 0.3875598086124402 0.07204301075268817 0.1722488038277512 0.12473118279569892
0 0.7523923444976076 0.06720430107526881 0.29904306220095694 0.12365591397849462
0 0.13696172248803828 0.21344086021505376 0.17583732057416268 0.13440860215053763
0 0.39593301435406697 0.20483870967741935 0.3444976076555024 0.14086021505376345
0 0.7248803827751196 0.20376344086021506 0.3157894736842105 0.14301075268817204
0 0.13337320574162678 0.35053763440860214 0.1686602870813397 0.12258064516129032
0 0.20454545454545456 0.4682795698924731 0.3397129186602871 0.14516129032258066
0 0.3068181818181818 0.3467741935483871 0.17105263157894737 0.11935483870967742
0 0.4688995215311005 0.35376344086021505 0.15311004784688995 0.12258064516129032
0 0.6076555023923444 0.3634408602150538 0.14354066985645933 0.12043010752688173
0 0.7398325358851675 0.3688172043010753 0.11363636363636363 0.14838709677419354
0 0.1471291866028708 0.7919354838709678 0.23923444976076555 0.13655913978494624
0 0.3833732057416268 0.803763440860215 0.19258373205741627 0.13655913978494624
0 0.6172248803827751 0.8026881720430108 0.21291866028708134 0.12795698924731183
0 0.7535885167464115 0.796236559139785 0.07177033492822966 0.12365591397849462
0 0.888755980861244 0.7876344086021505 0.15789473684210525 0.12795698924731183
0 0.8361244019138756 0.4913978494623656 0.10526315789473684 0.11182795698924732
0 0.56877990430622 0.4860215053763441 0.4222488038277512 0.13118279569892474
0 0.9270334928229665 0.2021505376344086 0.10287081339712918 0.13978494623655913
0 0.9431818181818182 0.48333333333333334 0.11363636363636363 0.11505376344086021
0 0.7595693779904307 0.6736559139784947 0.23923444976076555 0.12795698924731183
0 0.5484449760765551 0.6978494623655914 0.17822966507177032 0.07526881720430108
0 0.5962918660287081 0.6010752688172043 0.25478468899521534 0.11397849462365592
0 0.8169856459330144 0.5709677419354838 0.18660287081339713 0.08387096774193549
0 0.2326555023923445 0.9204301075268817 0.35287081339712917 0.1032258064516129
0 0.7320574162679426 0.9145161290322581 0.32057416267942584 0.12580645161290321
0 0.37200956937799046 0.5908602150537634 0.1937799043062201 0.13010752688172042
0 0.8570574162679426 0.3301075268817204 0.10167464114832536 0.08602150537634409
0 0.8947368421052632 0.3553763440860215 0.20334928229665072 0.13655913978494624
0 0.1465311004784689 0.6118279569892473 0.25 0.14838709677419354
