0 0.35645933014354064 0.1446236559139785 0.24162679425837322 0.16021505376344086
0 0.17882775119617225 0.5827956989247312 0.2715311004784689 0.16344086021505377
0 0.4312200956937799 0.5709677419354838 0.22607655502392343 0.15698924731182795
0 0.6411483253588517 0.5709677419354838 0.18660287081339713 0.17419354838709677
0 0.17822966507177032 0.886021505376344 0.21291866028708134 0.15268817204301074
0 0.3953349282296651 0.8655913978494624 0.21889952153110048 0.11612903225806452
0 0.597488038277512 0.8774193548387097 0.18301435406698566 0.17204301075268819
0 0.6650717703349283 0.14301075268817204 0.17464114832535885 0.14623655913978495
0 0.8409090909090909 0.13333333333333333 0.18660287081339713 0.15268817204301074
0 0.3929425837320574 0.41935483870967744 0.2236842105263158 0.14408602150537633
0 0.59688995215311 0.4172043010752688 0.18421052631578946 0.15698924731182795
0 0.8074162679425837 0.4026881720430108 0.18421052631578946 0.14516129032258066
0 0.20873205741626794 0.7344086021505376 0.3026315789473684 0.13763440860215054
0 0.5388755980861244 0.7215053763440861 0.326555023923445 0.13763440860215054
0 0.7733253588516746 0.7215053763440861 0.08492822966507177 0.14193548387096774
0 0.7930622009569378 0.864516129032258 0.1674641148325359 0.15913978494623657
0 0.1291866028708134 0.14838709677419354 0.215311004784689 0.2021505376344086
0 0.15311004784688995 0.4258064516129032 0.25598086124401914 0.15698924731182795
0 0.5233253588516746 0.14193548387096774 0.08971291866028708 0.15053763440860216
0 0.944377990430622 0.6935483870967742 0.09210526315789473 0.17419354838709677
0 0.8331339712918661 0.5553763440860215 0.19258373205741627 0.16451612903225807
0 0.7733253588516746 0.26505376344086023 0.35287081339712917 0.15591397849462366
0 0.5059808612440191 0.28225806451612906 0.18660287081339713 0.12150537634408602
0 0.9300239234449761 0.8483870967741935 0.08253588516746412 0.16344086021505377
0 0.9300239234449761 0.3903225806451613 0.07775119617224881 0.13978494623655913
0 0.9605263157894737 0.5279569892473118 0.07177033492822966 0.15268817204301074
