0 0.12680505415162455 0.023482849604221635 0.1092057761732852 0.04063324538258575
0 0.2703068592057762 0.024274406332453827 0.16335740072202165 0.049604221635883905
0 0.5487364620938628 0.028232189973614777 0.12815884476534295 0.04696569920844327
0 0.674187725631769 0.029815303430079154 0.11010830324909747 0.04802110817941953
0 0.8366425992779783 0.0316622691292876 0.10469314079422383 0.04327176781002638
0 0.046028880866425995 0.09076517150395778 0.08664259927797834 0.06649076517150396
0 0.12229241877256318 0.09287598944591029 0.09115523465703972 0.05699208443271768
0 0.23014440433212996 0.08548812664907651 0.12815884476534295 0.06121372031662269
0 0.3316787003610108 0.08284960422163588 0.09115523465703972 0.047493403693931395
0 0.4490072202166065 0.08548812664907651 0.157942238267148 0.05910290237467018
0 0.5843862815884476 0.08073878627968338 0.13447653429602888 0.04854881266490765
0 0.7089350180505415 0.08364116094986808 0.1272563176895307 0.05963060686015831
0 0.8276173285198556 0.08443271767810026 0.11371841155234658 0.051715039577836415
0 0.9300541516245487 0.08891820580474934 0.1055956678700361 0.05963060686015831
0 0.605595667870036 0.13852242744063326 0.12093862815884476 0.06385224274406333
0 0.7287906137184116 0.14142480211081795 0.09657039711191336 0.05593667546174143
0 0.9029783393501805 0.14511873350923482 0.16335740072202165 0.06121372031662269
0 0.09386281588447654 0.21055408970976253 0.17689530685920576 0.06649076517150396
0 0.27346570397111913 0.20897097625329816 0.1931407942238267 0.06649076517150396
0 0.4287003610108303 0.20765171503957783 0.12454873646209386 0.06912928759894459
0 0.03790613718411552 0.29155672823219 0.0740072202166065 0.05118733509234828
0 0.13176895306859207 0.29313984168865437 0.11371841155234658 0.06279683377308708
0 0.24458483754512636 0.29023746701846964 0.11552346570397112 0.06860158311345646
0 0.3240072202166065 0.287598944591029 0.061371841155234655 0.05488126649076517
0 0.4404332129963899 0.2841688654353562 0.16787003610108303 0.06385224274406333
0 0.5821299638989169 0.2825857519788918 0.11732851985559567 0.06912928759894459
0 0.5654332129963899 0.2029023746701847 0.14891696750902528 0.06807387862796833
0 0.6755415162454874 0.20026385224274407 0.1164259927797834 0.06490765171503958
0 0.8005415162454874 0.20026385224274407 0.1299638989169675 0.06490765171503958
0 0.9043321299638989 0.20659630606860158 0.09566787003610108 0.06068601583113457
0 0.11236462093862816 0.3617414248021108 0.21931407942238268 0.07229551451187335
0 0.33077617328519854 0.35883905013192613 0.23375451263537905 0.06649076517150396
0 0.5148916967509025 0.35224274406332456 0.14350180505415164 0.07229551451187335
0 0.6105595667870036 0.35435356200527707 0.08393501805054152 0.06279683377308708
0 0.7278880866425993 0.3490765171503958 0.15613718411552346 0.07229551451187335
0 0.05054151624548736 0.4340369393139842 0.09566787003610108 0.05013192612137203
0 0.06453068592057762 0.5113456464379947 0.09657039711191336 0.06649076517150396
0 0.23826714801444043 0.49762532981530344 0.11191335740072202 0.0633245382585752
0 0.38537906137184114 0.49076517150395776 0.14620938628158844 0.05804749340369393
0 0.5063176895306859 0.4883905013192612 0.09025270758122744 0.05857519788918206
0 0.6782490974729242 0.48073878627968336 0.23014440433212996 0.0654353562005277
0 0.8795126353790613 0.4688654353562005 0.14891696750902528 0.06385224274406333
0 0.16696750902527077 0.4271767810026385 0.14620938628158844 0.06701846965699208
0 0.055054151624548735 0.5759894459102902 0.0812274368231047 0.06490765171503958
0 0.1421480144404332 0.5725593667546174 0.10198555956678701 0.06437994722955145
0 0.26037906137184114 0.5659630606860159 0.13267148014440433 0.07229551451187335
0 0.36958483754512633 0.5643799472295514 0.09115523465703972 0.06912928759894459
0 0.46344765342960287 0.5543535620052771 0.10198555956678701 0.057519788918205805
0 0.0776173285198556 0.7058047493403694 0.10649819494584838 0.07229551451187335
0 0.16787003610108303 0.6955145118733509 0.0740072202166065 0.06015831134564644
0 0.2608303249097473 0.6955145118733509 0.1299638989169675 0.06754617414248021
0 0.37815884476534295 0.6926121372031663 0.12815884476534295 0.0733509234828496
0 0.4729241877256318 0.6865435356200528 0.0703971119133574 0.05593667546174143
0 0.5600180505415162 0.6841688654353562 0.1092057761732852 0.06385224274406333
0 0.703971119133574 0.6783641160949868 0.1552346570397112 0.06912928759894459
0 0.8416064981949458 0.6781002638522428 0.1055956678700361 0.07071240105540898
0 0.9372743682310469 0.6649076517150396 0.09115523465703972 0.050659630606860157
0 0.5613718411552346 0.8316622691292876 0.09205776173285199 0.07071240105540898
0 0.10740072202166065 0.8287598944591029 0.18953068592057762 0.0733509234828496
0 0.2946750902527076 0.8308707124010554 0.18862815884476533 0.06701846965699208
0 0.45216606498194944 0.8263852242744063 0.1263537906137184 0.07598944591029023
0 0.6556859205776173 0.8261213720316622 0.1055956678700361 0.06279683377308708
0 0.7644404332129964 0.820580474934037 0.11371841155234658 0.062269129287598944
0 0.8673285198555957 0.8221635883905013 0.10469314079422383 0.0812664907651715
0 0.9544223826714802 0.8142480211081794 0.06949458483754513 0.0812664907651715
0 0.2536101083032491 0.9097625329815303 0.12093862815884476 0.07493403693931398
0 0.38176895306859204 0.9063324538258575 0.12093862815884476 0.06490765171503958
0 0.486913357400722 0.9031662269129288 0.08935018050541517 0.04696569920844327
0 0.5753610108303249 0.9010554089709762 0.08393501805054152 0.06490765171503958
0 0.6669675090252708 0.9023746701846965 0.09566787003610108 0.07071240105540898
0 0.7576714801444043 0.9010554089709762 0.09115523465703972 0.06596306068601583
0 0.8402527075812274 0.895514511873351 0.08844765342960288 0.06754617414248021
0 0.9323104693140795 0.8886543535620053 0.10469314079422383 0.07071240105540898
0 0.427797833935018 0.9583113456464379 0.1931407942238267 0.034828496042216356
0 0.15252707581227437 0.9153034300791557 0.09566787003610108 0.06385224274406333
0 0.3858303249097473 0.4266490765171504 0.1092057761732852 0.06807387862796833
0 0.4950361010830325 0.42532981530343006 0.14169675090252706 0.06965699208443271
0 0.6435018050541517 0.4182058047493404 0.15162454873646208 0.07018469656992084
0 0.5852888086642599 0.5485488126649076 0.10018050541516245 0.06807387862796833
0 0.7044223826714802 0.5488126649076517 0.13267148014440433 0.062269129287598944
0 0.8055054151624549 0.5480211081794195 0.08935018050541517 0.06596306068601583
0 0.6493682310469314 0.6124010554089709 0.1164259927797834 0.06279683377308708
0 0.779783393501805 0.608707124010554 0.1624548736462094 0.05963060686015831
0 0.9219314079422383 0.6108179419525066 0.12545126353790614 0.05857519788918206
0 0.5636281588447654 0.6171503957783642 0.055054151624548735 0.06385224274406333
0 0.11732851985559567 0.6369393139841689 0.18592057761732853 0.06015831134564644
0 0.3154332129963899 0.629023746701847 0.20667870036101083 0.0633245382585752
0 0.47518050541516244 0.620844327176781 0.12906137184115524 0.06490765171503958
0 0.7788808664259927 0.7509234828496042 0.07220216606498195 0.07176781002638523
0 0.6705776173285198 0.7548812664907651 0.14981949458483754 0.06596306068601583
0 0.5248194945848376 0.7554089709762533 0.15072202166064982 0.06490765171503958
0 0.7129963898916968 0.9815303430079155 0.07942238267148015 0.03799472295514512
0 0.6868231046931408 0.27862796833773085 0.10108303249097472 0.05804749340369393
0 0.8136281588447654 0.40686015831134564 0.13086642599277978 0.0654353562005277
