0 0.09457831325301205 0.15110178384050368 0.09759036144578313 0.14900314795383002
0 0.11626506024096385 0.34365162644281216 0.15542168674698795 0.15005246589716684
0 0.3933734939759036 0.31007345225603355 0.3457831325301205 0.1311647429171039
0 0.10903614457831326 0.8111227701993704 0.15060240963855423 0.14480587618048268
0 0.3795180722891566 0.8001049317943337 0.20481927710843373 0.13326337880377753
0 0.8060240963855422 0.7859391395592865 0.3204819277108434 0.11332633788037776
0 0.3686746987951807 0.9307450157397692 0.20963855421686747 0.11332633788037776
0 0.6144578313253012 0.9123819517313746 0.2457831325301205 0.11647429171038824
0 0.11265060240963855 0.9312696747114375 0.17951807228915662 0.09758656873032528
0 0.3963855421686747 0.6175236096537251 0.2963855421686747 0.16054564533053514
0 0.13012048192771083 0.6269674711437565 0.24819277108433735 0.14795383001049317
0 0.7072289156626506 0.6133263378803777 0.2457831325301205 0.15424973767051417
0 0.6228915662650603 0.4422875131164743 0.25542168674698795 0.1584470094438615
0 0.8734939759036144 0.4123819517313746 0.24096385542168675 0.14690451206715635
0 0.9234939759036145 0.6138509968520461 0.1602409638554217 0.20146904512067157
0 0.7090361445783132 0.29853095487932846 0.29759036144578316 0.13955928646379853
0 0.8668674698795181 0.9024134312696747 0.2469879518072289 0.17418677859391396
0 0.2963855421686747 0.16002098635886675 0.21927710843373494 0.1794333683105981
0 0.5210843373493976 0.14008394543546696 0.1891566265060241 0.17103882476390347
0 0.7590361445783133 0.12277019937040923 0.25301204819277107 0.14900314795383002
0 0.1 0.14900314795383002 0.05783132530120482 0.12801678908709338
0 0.35963855421686747 0.2130115424973767 0.08795180722891566 0.048268625393494226
0 0.3481927710843373 0.13064008394543547 0.06265060240963856 0.053515215110178385
0 0.2457831325301205 0.20514165792235048 0.04819277108433735 0.026232948583420776
0 0.2969879518072289 0.18310598111227702 0.027710843373493974 0.03882476390346275
0 0.2674698795180723 0.17366211962224554 0.02650602409638554 0.030430220356768102
0 0.24457831325301205 0.1794333683105981 0.10843373493975904 0.0776495278069255
0 0.3457831325301205 0.16789087093389296 0.05783132530120482 0.04197271773347324
0 0.25542168674698795 0.14428121720881426 0.03132530120481928 0.02833158447009444
0 0.2753012048192771 0.1322140608604407 0.03734939759036145 0.03777544596012592
0 0.3030120481927711 0.11594963273871983 0.04216867469879518 0.03672612801678909
0 0.3132530120481928 0.09496327387198321 0.05783132530120482 0.05771248688352571
0 0.5566265060240964 0.1657922350472193 0.060240963855421686 0.10283315844700944
0 0.5740963855421687 0.08814270724029381 0.05903614457831325 0.06505771248688352
0 0.4686746987951807 0.08919202518363065 0.08433734939759036 0.05246589716684155
0 0.4686746987951807 0.13693599160545644 0.07951807228915662 0.06610703043022036
0 0.696987951807229 0.17681007345225602 0.027710843373493974 0.10388247639034627
0 0.6843373493975904 0.11594963273871983 0.02891566265060241 0.05771248688352571
0 0.7355421686746988 0.1547743966421826 0.1819277108433735 0.03252885624344176
0 0.755421686746988 0.1180482686253935 0.060240963855421686 0.026232948583420776
0 0.7385542168674699 0.11280167890870933 0.043373493975903614 0.07240293809024134
0 0.6987951807228916 0.07187827911857293 0.07228915662650602 0.04302203567681007
0 0.1355421686746988 0.37303252885624344 0.13132530120481928 0.11227701993704092
0 0.06987951807228916 0.3405036726128017 0.060240963855421686 0.09548793284365163
0 0.06987951807228916 0.3037775445960126 0.0746987951807229 0.08499475341028331
0 0.14216867469879518 0.2990556138509968 0.05301204819277108 0.05666316894018888
0 0.11626506024096385 0.29118572927597064 0.03253012048192771 0.024134312696747113
0 0.11686746987951807 0.30902413431269676 0.03855421686746988 0.015739769150052464
0 0.11626506024096385 0.3268625393494229 0.046987951807228916 0.01993704092339979
0 0.1108433734939759 0.344700944386149 0.04578313253012048 0.024134312696747113
0 0.4542168674698795 0.28593913955928646 0.20722891566265061 0.11647429171038824
0 0.3108433734939759 0.32948583420776495 0.1108433734939759 0.08814270724029381
0 0.25783132530120484 0.29853095487932846 0.03855421686746988 0.06610703043022036
0 0.33795180722891566 0.3142707240293809 0.11927710843373494 0.11017838405036726
0 0.36204819277108435 0.31007345225603355 0.020481927710843374 0.024134312696747113
0 0.3819277108433735 0.3074501573976915 0.024096385542168676 0.02938090241343127
0 0.4090361445783133 0.3268625393494229 0.04939759036144578 0.07660020986358866
0 0.42168674698795183 0.31532004197271774 0.03614457831325301 0.053515215110178385
0 0.5801204819277108 0.3058761804826863 0.046987951807228916 0.05771248688352571
0 0.655421686746988 0.2974816369359916 0.1108433734939759 0.05141657922350472
0 0.6783132530120481 0.3252885624344176 0.06506024096385542 0.060860440713536204
0 0.6710843373493975 0.27544596012591815 0.05542168674698795 0.06400839454354669
0 0.730722891566265 0.316894018887723 0.05421686746987952 0.15320041972717732
0 0.7734939759036145 0.30325288562434416 0.1180722891566265 0.04407135362014691
0 0.8385542168674699 0.2848898216159496 0.033734939759036145 0.053515215110178385
0 0.6716867469879518 0.45435466946484787 0.15542168674698795 0.1259181532004197
0 0.6885542168674699 0.3919202518363064 0.1602409638554217 0.12067156348373557
0 0.6765060240963855 0.42759706190975866 0.027710843373493974 0.04302203567681007
0 0.6403614457831325 0.4265477439664218 0.027710843373493974 0.03252885624344176
0 0.6144578313253012 0.425498426023085 0.024096385542168676 0.03882476390346275
0 0.594578313253012 0.46065057712486884 0.0927710843373494 0.02728226652675761
0 0.5825301204819278 0.4386149003147954 0.051807228915662654 0.025183630640083946
0 0.577710843373494 0.4160545645330535 0.04216867469879518 0.02833158447009444
0 0.5879518072289157 0.38929695697796435 0.05783132530120482 0.02938090241343127
0 0.5313253012048192 0.4370409233997901 0.05542168674698795 0.11227701993704092
0 0.9740963855421687 0.39926547743966423 0.03975903614457831 0.09758656873032528
0 0.9012048192771084 0.3688352570828961 0.11566265060240964 0.05771248688352571
0 0.9 0.4349422875131165 0.12530120481927712 0.09548793284365163
0 0.8524096385542169 0.4003147953830011 0.03493975903614458 0.03882476390346275
0 0.8018072289156627 0.3945435466946485 0.07349397590361446 0.048268625393494226
0 0.7710843373493976 0.43389296956977963 0.021686746987951807 0.05981112277019937
0 0.8271084337349398 0.4333683105981112 0.10963855421686747 0.03147953830010493
0 0.15542168674698795 0.5944386149003148 0.11566265060240964 0.05771248688352571
0 0.0783132530120482 0.6096537250786989 0.06506024096385542 0.060860440713536204
0 0.12349397590361445 0.6495278069254984 0.1746987951807229 0.035676810073452254
0 0.1650602409638554 0.6196222455403987 0.10602409638554217 0.024134312696747113
0 0.23373493975903614 0.6243441762854145 0.06987951807228916 0.12381951731374606
0 0.37650602409638556 0.5650577124868835 0.23012048192771084 0.04302203567681007
0 0.4512048192771084 0.6038824763903463 0.04939759036144578 0.05981112277019937
0 0.5150602409638554 0.6117523609653726 0.056626506024096385 0.13011542497376705
0 0.3066265060240964 0.5876180482686254 0.027710843373493974 0.01888772298006296
0 0.3042168674698795 0.6044071353620147 0.027710843373493974 0.023084994753410283
0 0.2987951807228916 0.6232948583420777 0.02650602409638554 0.014690451206715634
0 0.29759036144578316 0.6395592864637986 0.043373493975903614 0.01993704092339979
0 0.31867469879518073 0.6621196222455404 0.1144578313253012 0.03777544596012592
0 0.696987951807229 0.5828961175236097 0.172289156626506 0.04302203567681007
0 0.6831325301204819 0.6159496327387198 0.18072289156626506 0.05246589716684155
0 0.6313253012048192 0.6117523609653726 0.03614457831325301 0.10283315844700944
0 0.6759036144578313 0.6128016789087093 0.03855421686746988 0.10073452256033578
0 0.8036144578313253 0.5661070304302204 0.05060240963855422 0.06190975865687303
0 0.7891566265060241 0.642707240293809 0.04096385542168675 0.09338929695697797
0 0.9331325301204819 0.6815320041972718 0.10481927710843374 0.03882476390346275
0 0.8891566265060241 0.6007345225603358 0.05542168674698795 0.026232948583420776
0 0.905421686746988 0.6290661070304302 0.030120481927710843 0.06820566631689402
0 0.9385542168674699 0.6306400839454355 0.03855421686746988 0.014690451206715634
0 0.9427710843373494 0.6526757607555089 0.06144578313253012 0.023084994753410283
0 0.8777108433734939 0.5755508919202519 0.01566265060240964 0.03672612801678909
0 0.8987951807228916 0.5734522560335782 0.024096385542168676 0.040923399790136414
0 0.922289156626506 0.5661070304302204 0.02530120481927711 0.03252885624344176
0 0.9162650602409639 0.546694648478489 0.1 0.03147953830010493
0 0.9704819277108434 0.5818467995802729 0.030120481927710843 0.14375655823714587
0 0.09578313253012048 0.8268625393494229 0.09518072289156626 0.048268625393494226
0 0.08855421686746988 0.79800629590766 0.051807228915662654 0.03462749213011543
0 0.10602409638554217 0.7901364113326338 0.05542168674698795 0.014690451206715634
0 0.10120481927710843 0.7633788037775446 0.05301204819277108 0.03882476390346275
0 0.1530120481927711 0.8163693599160545 0.05783132530120482 0.10703043022035677
0 0.3397590361445783 0.7785939139559287 0.09879518072289156 0.05036726128016789
0 0.3373493975903614 0.8279118572927597 0.10602409638554217 0.060860440713536204
0 0.3897590361445783 0.8032528856243442 0.1 0.04512067156348373
0 0.43855421686746987 0.7922350472193075 0.05542168674698795 0.11332633788037776
0 0.377710843373494 0.6169989506820567 0.10963855421686747 0.04407135362014691
0 0.3578313253012048 0.3410283315844701 0.25783132530120484 0.04407135362014691
0 0.6867469879518072 0.8027282266526757 0.06265060240963856 0.05036726128016789
0 0.7403614457831326 0.8001049317943337 0.06385542168674699 0.10178384050367262
0 0.808433734939759 0.7749213011542497 0.05783132530120482 0.11647429171038824
0 0.8698795180722891 0.7822665267576075 0.163855421686747 0.03882476390346275
0 0.9126506024096386 0.7780692549842603 0.0855421686746988 0.09548793284365163
0 0.08795180722891566 0.9260230849947534 0.03855421686746988 0.1080797481636936
0 0.11385542168674699 0.9197271773347324 0.172289156626506 0.055613850996852045
0 0.35963855421686747 0.8835257082896117 0.14578313253012049 0.02938090241343127
0 0.3421686746987952 0.940713536201469 0.14698795180722893 0.03672612801678909
0 0.2885542168674699 0.9150052465897167 0.02289156626506024 0.03987408184679958
0 0.3156626506024096 0.9150052465897167 0.024096385542168676 0.04197271773347324
0 0.4536144578313253 0.9265477439664218 0.03493975903614458 0.11542497376705142
0 0.5939759036144578 0.9328436516264428 0.1927710843373494 0.033578174186778595
0 0.516867469879518 0.9239244491080797 0.02650602409638554 0.07869884575026233
0 0.5445783132530121 0.925498426023085 0.02650602409638554 0.08394543546694648
0 0.5963855421686747 0.8714585519412382 0.15180722891566265 0.03252885624344176
0 0.7102409638554217 0.9087093389296957 0.03975903614457831 0.10283315844700944
0 0.8090361445783133 0.8426023084994754 0.05421686746987952 0.06505771248688352
0 0.8042168674698795 0.934417628541448 0.06867469879518072 0.07660020986358866
0 0.7656626506024097 0.9013641133263379 0.046987951807228916 0.09863588667366212
0 0.8831325301204819 0.8835257082896117 0.21927710843373494 0.02938090241343127
0 0.8548192771084338 0.8945435466946485 0.051807228915662654 0.09548793284365163
0 0.9271084337349398 0.8903462749213011 0.04939759036144578 0.1248688352570829
0 0.9620481927710843 0.8919202518363064 0.05421686746987952 0.09024134312696747
