0 0.5145772594752187 0.0782608695652174 0.45481049562682213 0.1515527950310559
0 0.8534985422740525 0.0968944099378882 0.19096209912536444 0.14409937888198757
0 0.3141399416909621 0.46273291925465837 0.26384839650145775 0.14285714285714285
0 0.11078717201166181 0.46956521739130436 0.20116618075801748 0.18633540372670807
0 0.38629737609329445 0.5900621118012422 0.21865889212827988 0.13664596273291926
0 0.6800291545189504 0.5894409937888199 0.37755102040816324 0.16024844720496895
0 0.10714285714285714 0.7186335403726708 0.1880466472303207 0.16273291925465838
0 0.6377551020408163 0.2571428571428571 0.30174927113702626 0.23354037267080746
0 0.20699708454810495 0.09937888198757763 0.1924198250728863 0.16645962732919253
0 0.29664723032069973 0.7192546583850932 0.2259475218658892 0.18881987577639753
0 0.5014577259475219 0.7105590062111802 0.2099125364431487 0.14906832298136646
0 0.6822157434402333 0.7192546583850932 0.17201166180758018 0.1391304347826087
0 0.9373177842565598 0.7428571428571429 0.13119533527696792 0.15900621118012423
0 0.06924198250728864 0.8527950310559006 0.1151603498542274 0.12049689440993788
0 0.23469387755102042 0.8484472049689441 0.2099125364431487 0.12919254658385093
0 0.4555393586005831 0.8409937888198757 0.23177842565597667 0.12422360248447205
0 0.7018950437317785 0.8490683229813665 0.26676384839650147 0.12049689440993788
0 0.5517492711370262 0.4453416149068323 0.2434402332361516 0.15031055900621118
0 0.7463556851311953 0.4453416149068323 0.19825072886297376 0.13291925465838508
0 0.9037900874635568 0.45527950310559007 0.12536443148688048 0.15279503105590062
0 0.3892128279883382 0.26149068322981367 0.23615160349854228 0.23478260869565218
0 0.8279883381924198 0.7459627329192546 0.11661807580174927 0.14782608695652175
0 0.8877551020408163 0.26583850931677017 0.20699708454810495 0.22608695652173913
0 0.14431486880466474 0.9509316770186336 0.20408163265306123 0.08074534161490683
0 0.4358600583090379 0.9490683229813665 0.3760932944606414 0.07950310559006211
0 0.7244897959183674 0.9521739130434783 0.1836734693877551 0.08074534161490683
