0 0.09975062344139651 0.09507042253521127 0.13466334164588528 0.15492957746478872
0 0.07543640897755612 0.3796948356807512 0.128428927680798 0.15610328638497653
0 0.4713216957605985 0.5176056338028169 0.24438902743142144 0.14553990610328638
0 0.7761845386533666 0.5176056338028169 0.3179551122194514 0.13849765258215962
0 0.08728179551122195 0.7018779342723005 0.12219451371571072 0.15258215962441316
0 0.2855361596009975 0.6895539906103286 0.27680798004987534 0.1795774647887324
0 0.49625935162094764 0.6713615023474179 0.1596009975062344 0.15258215962441316
0 0.6514962593516209 0.6619718309859155 0.15336658354114713 0.1431924882629108
0 0.7855361596009975 0.6596244131455399 0.13466334164588528 0.1596244131455399
0 0.9139650872817955 0.6402582159624414 0.1371571072319202 0.1607981220657277
0 0.13154613466334164 0.8532863849765259 0.20324189526184538 0.1267605633802817
0 0.34413965087281795 0.8603286384976526 0.22693266832917705 0.17370892018779344
0 0.564214463840399 0.8368544600938967 0.21072319201995013 0.17370892018779344
0 0.7443890274314214 0.8204225352112676 0.1371571072319202 0.13615023474178403
0 0.9096009975062345 0.8174882629107981 0.15835411471321695 0.142018779342723
0 0.7549875311720698 0.9407276995305164 0.15087281795511223 0.10211267605633803
0 0.899002493765586 0.926056338028169 0.13466334164588528 0.12206572769953052
0 0.27743142144638405 0.3826291079812207 0.27805486284289277 0.15023474178403756
0 0.2456359102244389 0.0880281690140845 0.1770573566084788 0.1572769953051643
