0 0.13471778487752928 0.1702728127939793 0.10543130990415335 0.14863593603010347
0 0.11022364217252396 0.38146754468485417 0.11182108626198083 0.1495766698024459
0 0.4472843450479233 0.17450611476952022 0.13844515441959532 0.11194731890874883
0 0.5559105431309904 0.6683913452492944 0.17891373801916932 0.14205079962370648
0 0.18743343982960597 0.5409219190968956 0.2577209797657082 0.14111006585136407
0 0.4488817891373802 0.5239887111947319 0.2971246006389776 0.1279397930385701
0 0.6400425985090522 0.15569143932267168 0.23003194888178913 0.14016933207902163
0 0.39403620873269435 0.6679209783631233 0.14057507987220447 0.14675446848541862
0 0.18370607028753994 0.6712135465663217 0.2928647497337593 0.14016933207902163
0 0.2507987220447284 0.3922859830667921 0.17358892438764642 0.16556914393226718
0 0.443024494142705 0.3857008466603951 0.24920127795527156 0.1523988711194732
0 0.8647497337593184 0.1528692380056444 0.23429179978700745 0.15145813734713076
0 0.5308839190628328 0.2793979303857008 0.1799787007454739 0.10159924741298212
0 0.7247071352502662 0.2634054562558796 0.22044728434504793 0.12041392285983067
0 0.6608093716719915 0.5253998118532456 0.13099041533546327 0.14205079962370648
0 0.7752928647497338 0.6523988711194731 0.2790202342917998 0.1571025399811853
0 0.8040468583599574 0.5131702728127939 0.18317358892438765 0.12699905926622765
0 0.6597444089456869 0.38664158043273755 0.19914802981895632 0.1354656632173095
0 0.8578274760383386 0.3889934148635936 0.16932907348242812 0.13076199435559738
0 0.13631522896698617 0.8142050799623707 0.1554845580404686 0.1458137347130762
0 0.30990415335463256 0.7770460959548448 0.12140575079872204 0.08278457196613359
0 0.34185303514376997 0.819379115710254 0.28115015974440893 0.1561618062088429
0 0.5431309904153354 0.8165569143932268 0.16187433439829607 0.14487300094073377
0 0.7060702875399361 0.90310442144873 0.19169329073482427 0.12041392285983067
0 0.2736954206602769 0.18062088428974601 0.16187433439829607 0.14863593603010347
0 0.935569755058573 0.5061147695202258 0.13099041533546327 0.12041392285983067
0 0.6906283280085197 0.7812793979303857 0.15654952076677317 0.11571025399811853
