0 0.17420435510887772 0.14508928571428573 0.1407035175879397 0.15327380952380953
0 0.38190954773869346 0.14657738095238096 0.19095477386934673 0.17708333333333334
0 0.10469011725293133 0.4962797619047619 0.15577889447236182 0.16220238095238096
0 0.1490787269681742 0.7924107142857143 0.20100502512562815 0.15625
0 0.6030150753768844 0.30580357142857145 0.17755443886097153 0.1324404761904762
0 0.3500837520938023 0.7931547619047619 0.17755443886097153 0.17261904761904762
0 0.5603015075376885 0.8020833333333334 0.17587939698492464 0.16964285714285715
0 0.8232830820770519 0.7834821428571429 0.22613065326633167 0.16220238095238096
0 0.27386934673366836 0.3117559523809524 0.1423785594639866 0.15625
0 0.42294807370184256 0.31994047619047616 0.152428810720268 0.14285714285714285
0 0.11139028475711893 0.32142857142857145 0.1658291457286432 0.16071428571428573
0 0.4715242881072027 0.47693452380952384 0.2663316582914573 0.15922619047619047
0 0.9262981574539364 0.49181547619047616 0.09380234505862646 0.18601190476190477
0 0.7026800670016751 0.4739583333333333 0.20603015075376885 0.14136904761904762
0 0.8391959798994975 0.4732142857142857 0.07705192629815745 0.15476190476190477
0 0.7931323283082077 0.30952380952380953 0.1457286432160804 0.13095238095238096
0 0.9371859296482412 0.30282738095238093 0.11892797319932999 0.13839285714285715
0 0.6716917922948074 0.13169642857142858 0.39865996649916247 0.16517857142857142
0 0.509212730318258 0.6272321428571429 0.2948073701842546 0.15327380952380953
0 0.7403685092127303 0.6183035714285714 0.18760469011725292 0.15625
0 0.8886097152428811 0.6235119047619048 0.152428810720268 0.1130952380952381
0 0.9137353433835846 0.13541666666666666 0.08877721943048576 0.14583333333333334
