0 0.1288109756097561 0.11396011396011396 0.11128048780487805 0.1452991452991453
0 0.39939024390243905 0.48646723646723644 0.38414634146341464 0.15242165242165243
0 0.1326219512195122 0.4943019943019943 0.17682926829268292 0.14814814814814814
0 0.1448170731707317 0.33760683760683763 0.18902439024390244 0.17094017094017094
0 0.20579268292682926 0.7393162393162394 0.27439024390243905 0.1452991452991453
0 0.5160060975609756 0.7535612535612536 0.26676829268292684 0.15384615384615385
0 0.8399390243902439 0.75 0.21951219512195122 0.14957264957264957
0 0.3384146341463415 0.33618233618233617 0.21036585365853658 0.15954415954415954
0 0.5320121951219512 0.33262108262108264 0.1951219512195122 0.16666666666666666
0 0.15929878048780488 0.8660968660968661 0.12957317073170732 0.12535612535612536
0 0.35823170731707316 0.8782051282051282 0.20426829268292682 0.14102564102564102
0 0.6905487804878049 0.8974358974358975 0.4634146341463415 0.1452991452991453
0 0.3986280487804878 0.13034188034188035 0.31859756097560976 0.1581196581196581
