0 0.0728476821192053 0.14274193548387096 0.07379375591296121 0.08387096774193549
0 0.32923368022705773 0.14233870967741935 0.2043519394512772 0.10403225806451613
0 0.07899716177861874 0.3241935483870968 0.08609271523178808 0.0967741935483871
0 0.10359508041627247 0.521774193548387 0.14853358561967833 0.11129032258064517
0 0.09933774834437085 0.630241935483871 0.08703878902554399 0.09596774193548387
0 0.3987701040681173 0.43024193548387096 0.17123935666982024 0.09274193548387097
0 0.24834437086092714 0.5145161290322581 0.13528855250709557 0.10161290322580645
0 0.09176915799432356 0.7225806451612903 0.1021759697256386 0.0935483870967742
0 0.25733207190160834 0.7286290322580645 0.18353831598864712 0.11370967741935484
0 0.25591296121097445 0.8375 0.1750236518448439 0.10887096774193548
0 0.4337748344370861 0.8358870967741936 0.17123935666982024 0.10887096774193548
0 0.40823084200567644 0.9294354838709677 0.21286660359508042 0.07338709677419354
0 0.07852412488174078 0.4229838709677419 0.07947019867549669 0.09435483870967742
0 0.10690633869441817 0.05725806451612903 0.09839167455061495 0.08064516129032258
0 0.4323557237464522 0.05282258064516129 0.26490066225165565 0.08790322580645162
0 0.18826868495742669 0.33225806451612905 0.1456953642384106 0.09032258064516129
0 0.41154210028382215 0.22943548387096774 0.23841059602649006 0.10887096774193548
0 0.41863765373699147 0.7403225806451613 0.14096499526963102 0.10483870967741936
0 0.5510879848628193 0.7314516129032258 0.1390728476821192 0.12580645161290321
0 0.7947019867549668 0.054838709677419356 0.22705771050141912 0.07903225806451612
0 0.6158940397350994 0.4290322580645161 0.14380321665089876 0.1032258064516129
0 0.3632923368022706 0.32983870967741935 0.2043519394512772 0.10483870967741936
0 0.5340586565752129 0.13669354838709677 0.15799432355723747 0.09758064516129032
0 0.22138126773888364 0.6237903225806452 0.15137180700094607 0.11048387096774194
0 0.35572374645222327 0.6274193548387097 0.12109744560075686 0.1032258064516129
0 0.5184484389782403 0.6278225806451613 0.20813623462630085 0.09112903225806451
0 0.7057710501419111 0.6266129032258064 0.14191106906338694 0.09838709677419355
0 0.4205298013245033 0.5221774193548387 0.19394512771996217 0.11370967741935484
0 0.20624408703878902 0.2254032258064516 0.1816461684011353 0.10403225806451613
0 0.11210974456007569 0.8233870967741935 0.13528855250709557 0.1
0 0.2152317880794702 0.053629032258064514 0.15042573320719016 0.0814516129032258
0 0.5099337748344371 0.3346774193548387 0.08703878902554399 0.10161290322580645
0 0.8500473036896878 0.13588709677419356 0.20719016083254493 0.09112903225806451
0 0.076158940397351 0.22903225806451613 0.10690633869441817 0.0967741935483871
0 0.7738883632923368 0.22056451612903225 0.20245979186376536 0.10403225806451613
0 0.6253547776726585 0.5286290322580646 0.21002838221381268 0.10725806451612903
0 0.7029328287606433 0.730241935483871 0.17029328287606432 0.1153225806451613
0 0.6471144749290445 0.8245967741935484 0.21570482497634816 0.10564516129032259
0 0.16792809839167455 0.9233870967741935 0.23557237464522232 0.08709677419354839
0 0.18117313150425735 0.9766129032258064 0.2696310312204352 0.041935483870967745
0 0.42904446546830655 0.9770161290322581 0.18826868495742669 0.042741935483870966
0 0.5704824976348155 0.9725806451612903 0.10596026490066225 0.0467741935483871
0 0.7549668874172185 0.9758064516129032 0.2667928098391675 0.04516129032258064
