0 0.536697247706422 0.18399264029438822 0.14780835881753313 0.1655933762649494
0 0.17023445463812437 0.20193192272309107 0.12028542303771661 0.19779208831646733
0 0.0983690112130479 0.8633854645814167 0.0764525993883792 0.12419503219871206
0 0.3521916411824669 0.8555657773689053 0.3129459734964322 0.13615455381784727
0 0.1529051987767584 0.7364305427782889 0.12436289500509684 0.11499540018399264
0 0.29408766564729866 0.734130634774609 0.12130479102956167 0.11039558417663294
0 0.7125382262996942 0.7378104875804968 0.46075433231396534 0.10671573137074516
0 0.21406727828746178 0.37442502299908004 0.2344546381243629 0.13983440662373506
0 0.8934760448521917 0.3518859245630175 0.19877675840978593 0.1297148114075437
0 0.1600407747196738 0.5119595216191353 0.15494393476044852 0.12419503219871206
0 0.6330275229357798 0.3624655013799448 0.0652395514780836 0.13247470101195952
0 0.7262996941896025 0.35556577736890527 0.13557594291539246 0.1389144434222631
0 0.3781855249745158 0.36338546458141674 0.08970438328236494 0.09383624655013799
0 0.5091743119266054 0.36062557497700093 0.17227319062181448 0.11959521619135234
0 0.8797145769622834 0.18997240110395583 0.17533129459734964 0.18491260349586017
0 0.35524974515800206 0.19273229070837167 0.2130479102956167 0.17571297148114076
0 0.6875637104994903 0.18491260349586017 0.1620795107033639 0.17111315547378106
0 0.8674821610601428 0.8555657773689053 0.18552497451580022 0.15271389144434222
0 0.654434250764526 0.8546458141674333 0.24872579001019368 0.14903403863845446
0 0.2130479102956167 0.6306347746090156 0.21406727828746178 0.10027598896044158
0 0.41182466870540263 0.5091996320147194 0.35881753312945974 0.15731370745170192
0 0.890927624872579 0.4889604415823367 0.12640163098878696 0.12051517939282429
0 0.7023445463812437 0.48942042318307266 0.12232415902140673 0.07911683532658693
0 0.7298674821610601 0.5142594296228151 0.2038735983690112 0.16007359705611776
0 0.6406727828746177 0.6315547378104875 0.6269113149847095 0.10211591536338546
