0 0.33170995670995673 0.028578784757981462 0.25 0.05509783728115345
0 0.823051948051948 0.025746652935118436 0.20238095238095238 0.04325437693099897
0 0.58495670995671 0.027806385169927908 0.26731601731601734 0.05458290422245108
0 0.5211038961038961 0.12615859938208032 0.21753246753246752 0.053553038105046344
0 0.8371212121212122 0.11972193614830072 0.25432900432900435 0.0509783728115345
0 0.23809523809523808 0.08959835221421215 0.09740259740259741 0.05870236869207003
0 0.7835497835497836 0.4237899073120494 0.1038961038961039 0.0690010298661174
0 0.7467532467532467 0.4837796086508754 0.10173160173160173 0.05818743563336766
0 0.6525974025974026 0.48764160659114314 0.08874458874458875 0.0607621009268795
0 0.7938311688311688 0.5365602471678682 0.1331168831168831 0.06282183316168898
0 0.6520562770562771 0.5429969104016478 0.11363636363636363 0.06436663233779609
0 0.6731601731601732 0.42481977342945415 0.11038961038961038 0.055612770339855816
0 0.5346320346320347 0.4917610710607621 0.13636363636363635 0.05252317198764161
0 0.1314935064935065 0.5550978372811535 0.20454545454545456 0.057672502574665295
0 0.12283549783549784 0.026776519052523172 0.1525974025974026 0.04737384140061792
0 0.09145021645021645 0.09526261585993821 0.1525974025974026 0.061791967044284246
0 0.09145021645021645 0.14907312049433574 0.1590909090909091 0.054067971163748715
0 0.24945887445887446 0.1400617919670443 0.09415584415584416 0.05458290422245108
0 0.2554112554112554 0.18872296601441813 0.11038961038961038 0.054067971163748715
0 0.40584415584415584 0.1910401647785788 0.19696969696969696 0.07723995880535531
0 0.6017316017316018 0.18305870236869207 0.11038961038961038 0.0592173017507724
0 0.06764069264069264 0.2772914521112255 0.10064935064935066 0.049948506694129764
0 0.8858225108225108 0.167610710607621 0.20238095238095238 0.06333676622039135
0 0.48593073593073594 0.08264675592173018 0.2532467532467532 0.05303810504634397
0 0.07954545454545454 0.44129763130793 0.08766233766233766 0.06488156539649846
0 0.24675324675324675 0.43820803295571575 0.26406926406926406 0.07415036045314109
0 0.49404761904761907 0.42687950566426364 0.2196969696969697 0.061791967044284246
0 0.9188311688311688 0.4127188465499485 0.1645021645021645 0.061277033985581875
0 0.9123376623376623 0.47322348094747685 0.11038961038961038 0.057672502574665295
0 0.12067099567099566 0.49974253347064884 0.1937229437229437 0.057157569515962924
0 0.3014069264069264 0.5504634397528322 0.15043290043290045 0.057672502574665295
0 0.4090909090909091 0.537590113285273 0.07575757575757576 0.032955715756951595
0 0.49134199134199136 0.5499485066941298 0.08874458874458875 0.05664263645726056
0 0.10443722943722944 0.6557672502574665 0.11147186147186147 0.04479917610710608
0 0.48538961038961037 0.955200823892894 0.12445887445887446 0.07312049433573635
0 0.6439393939393939 0.944129763130793 0.2077922077922078 0.06333676622039135
0 0.8674242424242424 0.9279093717816684 0.25 0.08135942327497425
0 0.8430735930735931 0.8130792996910402 0.10173160173160173 0.06385169927909372
0 0.9431818181818182 0.7984037075180227 0.10281385281385282 0.0674562306900103
0 0.8003246753246753 0.7649330587023687 0.22186147186147187 0.06333676622039135
0 0.9247835497835498 0.5213697219361483 0.1396103896103896 0.06642636457260556
0 0.479978354978355 0.779351184346035 0.25216450216450215 0.057157569515962924
0 0.09902597402597403 0.6065911431513903 0.1396103896103896 0.04737384140061792
0 0.27435064935064934 0.6050463439752832 0.2326839826839827 0.05252317198764161
0 0.4604978354978355 0.6050463439752832 0.14393939393939395 0.057672502574665295
0 0.6125541125541125 0.6055612770339855 0.15800865800865802 0.05973223480947477
0 0.2435064935064935 0.660659114315139 0.15367965367965367 0.05046343975283213
0 0.42045454545454547 0.6598867147270855 0.20238095238095238 0.054067971163748715
0 0.4448051948051948 0.7134397528321318 0.16017316017316016 0.05818743563336766
0 0.6076839826839827 0.7131822863027807 0.18722943722943722 0.06694129763130793
0 0.801948051948052 0.7111225540679712 0.23160173160173161 0.07518022657054584
0 0.9567099567099567 0.6995365602471678 0.0735930735930736 0.06333676622039135
0 0.7272727272727273 0.8246652935118435 0.06493506493506493 0.04891864057672503
0 0.579004329004329 0.8316168898043255 0.11904761904761904 0.061791967044284246
0 0.45075757575757575 0.8383110195674562 0.13528138528138528 0.061791967044284246
0 0.336038961038961 0.8329042224510813 0.11147186147186147 0.0592173017507724
0 0.1985930735930736 0.831101956745623 0.16774891774891776 0.0607621009268795
0 0.5941558441558441 0.8877445932028837 0.1406926406926407 0.06385169927909372
0 0.7305194805194806 0.8802780638516993 0.1341991341991342 0.0705458290422245
0 0.8874458874458875 0.8627703398558187 0.22510822510822512 0.07878475798146241
0 0.7456709956709957 0.6009268795056643 0.10822510822510822 0.06694129763130793
0 0.8814935064935064 0.588053553038105 0.18506493506493507 0.07312049433573635
0 0.3371212121212121 0.4951081359423275 0.2326839826839827 0.05818743563336766
0 0.20995670995670995 0.2711122554067971 0.20995670995670995 0.06436663233779609
0 0.4724025974025974 0.2615859938208033 0.2824675324675325 0.07929969104016478
0 0.7721861471861472 0.24124613800205974 0.30194805194805197 0.07157569515962925
0 0.6645021645021645 0.06642636457260556 0.09523809523809523 0.024716786817713696
0 0.7824675324675324 0.0723480947476828 0.33116883116883117 0.049948506694129764
0 0.2711038961038961 0.7198764160659115 0.18506493506493507 0.06385169927909372
0 0.7397186147186147 0.6503604531410917 0.4512987012987013 0.06797116374871266
