0 0.1569634703196347 0.3093607305936073 0.16095890410958905 0.14840182648401826
0 0.4006849315068493 0.3036529680365297 0.273972602739726 0.17123287671232876
0 0.7323059360730594 0.3350456621004566 0.11986301369863013 0.14269406392694065
0 0.8795662100456622 0.2968036529680365 0.1541095890410959 0.19863013698630136
0 0.1432648401826484 0.6872146118721462 0.1404109589041096 0.18949771689497716
0 0.3247716894977169 0.8784246575342466 0.15182648401826485 0.16552511415525115
0 0.4600456621004566 0.10159817351598173 0.1689497716894977 0.16210045662100456
0 0.6872146118721462 0.1050228310502283 0.2579908675799087 0.18949771689497716
0 0.9263698630136986 0.11757990867579908 0.15639269406392695 0.15753424657534246
0 0.13812785388127855 0.12100456621004566 0.11187214611872145 0.1872146118721461
0 0.2734018264840183 0.11358447488584475 0.20662100456621005 0.158675799086758
0 0.7842465753424658 0.4811643835616438 0.2465753424657534 0.1495433789954338
0 0.24315068493150685 0.478310502283105 0.1598173515981735 0.1415525114155251
0 0.1095890410958904 0.4914383561643836 0.1004566210045662 0.1815068493150685
0 0.5131278538812786 0.8561643835616438 0.1860730593607306 0.1278538812785388
0 0.5062785388127854 0.4794520547945205 0.3139269406392694 0.1643835616438356
0 0.15639269406392695 0.8818493150684932 0.18949771689497716 0.158675799086758
0 0.4126712328767123 0.6889269406392694 0.384703196347032 0.20662100456621005
0 0.7973744292237442 0.6786529680365296 0.3892694063926941 0.2180365296803653
