0 0.4382775119617225 0.05886075949367089 0.24688995215311005 0.10126582278481013
0 0.34832535885167465 0.27151898734177216 0.22392344497607655 0.10632911392405063
0 0.2583732057416268 0.8515822784810126 0.1799043062200957 0.1069620253164557
0 0.2574162679425837 0.6642405063291139 0.1875598086124402 0.10822784810126582
0 0.12679425837320574 0.5617088607594937 0.17129186602870813 0.1069620253164557
0 0.28708133971291866 0.5575949367088607 0.17033492822966506 0.10506329113924051
0 0.2 0.06265822784810127 0.2679425837320574 0.10379746835443038
0 0.1368421052631579 0.27341772151898736 0.23540669856459331 0.12278481012658228
0 0.1 0.845886075949367 0.15406698564593302 0.10316455696202531
0 0.15263157894736842 0.7455696202531645 0.2555023923444976 0.10759493670886076
0 0.11483253588516747 0.16867088607594938 0.1416267942583732 0.09556962025316455
0 0.23492822966507176 0.1610759493670886 0.1368421052631579 0.10063291139240506
0 0.583732057416268 0.15664556962025317 0.3062200956937799 0.10189873417721519
0 0.7885167464114833 0.34525316455696203 0.2641148325358852 0.10443037974683544
0 0.4574162679425837 0.5382911392405063 0.20478468899521532 0.10569620253164556
0 0.769377990430622 0.06867088607594937 0.35789473684210527 0.11329113924050632
0 0.6856459330143541 0.24778481012658227 0.184688995215311 0.1069620253164557
0 0.529665071770335 0.6477848101265823 0.2631578947368421 0.1069620253164557
0 0.529665071770335 0.8417721518987342 0.29952153110047847 0.10886075949367088
0 0.10191387559808612 0.6503164556962026 0.1598086124401914 0.0879746835443038
0 0.5933014354066986 0.9275316455696202 0.1569377990430622 0.0930379746835443
0 0.21291866028708134 0.9452531645569621 0.3492822966507177 0.10189873417721519
0 0.10574162679425837 0.45664556962025316 0.14066985645933014 0.09683544303797469
0 0.23588516746411484 0.4525316455696203 0.14066985645933014 0.1189873417721519
0 0.5555023923444976 0.34715189873417723 0.21148325358851675 0.0981012658227848
0 0.3444976076555024 0.7496835443037975 0.15311004784688995 0.0930379746835443
0 0.5148325358851674 0.745253164556962 0.20861244019138755 0.08417721518987342
