0 0.09419600380589914 0.5969447708578144 0.09895337773549001 0.10575793184488837
0 0.6303520456707897 0.6028202115158637 0.12654614652711704 0.11750881316098707
0 0.8139866793529972 0.790834312573443 0.30922930542340626 0.1692126909518214
0 0.09514747859181731 0.31316098707403056 0.1065651760228354 0.15158636897767333
0 0.8877259752616555 0.26674500587544064 0.2017126546146527 0.136310223266745
0 0.6845861084681256 0.2702702702702703 0.1988582302568982 0.1410105757931845
0 0.49429115128449097 0.2920094007050529 0.17982873453853473 0.1562867215041128
0 0.5237868696479543 0.7937720329024677 0.23882017126546146 0.1797884841363102
0 0.23596574690770694 0.781433607520564 0.3330161750713606 0.18566392479435959
0 0.2735490009514748 0.6133960047003525 0.1988582302568982 0.15511163337250294
0 0.4714557564224548 0.6069330199764983 0.1779257849666984 0.1445358401880141
0 0.5237868696479543 0.4383078730904818 0.1455756422454805 0.12925969447708577
0 0.6788772597526166 0.43772032902467684 0.170313986679353 0.18213866039952997
0 0.8568030447193149 0.4283196239717979 0.17982873453853473 0.14688601645123384
0 0.044243577545195055 0.7714453584018801 0.048525214081826834 0.1398354876615746
0 0.89058039961941 0.6169212690951822 0.13891531874405327 0.16216216216216217
0 0.12940057088487156 0.4388954171562867 0.19029495718363462 0.1562867215041128
0 0.3372978116079924 0.4394829612220917 0.22169362511893434 0.16216216216216217
0 0.7392959086584205 0.1145710928319624 0.23215984776403426 0.13278495887191538
0 0.505708848715509 0.13513513513513514 0.21217887725975262 0.16216216216216217
0 0.972407231208373 0.44535840188014103 0.05708848715509039 0.17156286721504113
0 0.03425309229305423 0.16509988249118684 0.0532825880114177 0.16803760282021152
