0 0.18553758325404376 0.11330798479087452 0.14462416745956233 0.1414448669201521
0 0.4005708848715509 0.11939163498098859 0.2588011417697431 0.16730038022813687
0 0.6603235014272122 0.1220532319391635 0.2055185537583254 0.1650190114068441
0 0.8801141769743102 0.1220532319391635 0.22645099904852523 0.1482889733840304
0 0.3582302568981922 0.47186311787072244 0.1665080875356803 0.16197718631178706
0 0.8772597526165556 0.49011406844106464 0.142721217887726 0.1467680608365019
0 0.6084681255946718 0.4847908745247148 0.30352045670789723 0.14980988593155894
0 0.1027592768791627 0.3152091254752852 0.1636536631779258 0.1832699619771863
0 0.14034253092293053 0.49163498098859315 0.2521408182683159 0.1634980988593156
0 0.5252140818268316 0.6281368821292775 0.40532825880114176 0.1399239543726236
0 0.5071360608943863 0.2859315589353612 0.3082778306374881 0.1520912547528517
0 0.840627973358706 0.29163498098859314 0.3149381541389153 0.1634980988593156
0 0.071360608943863 0.6384030418250951 0.11037107516650808 0.13307984790874525
0 0.27497621313035203 0.2920152091254753 0.17697431018078022 0.15361216730038021
0 0.7659372026641293 0.7342205323193917 0.34823977164605135 0.1376425855513308
0 0.3648905803996194 0.7608365019011407 0.3168411037107517 0.12547528517110265
0 0.2193149381541389 0.6262357414448669 0.1988582302568982 0.1391634980988593
0 0.07706945765937202 0.9125475285171103 0.15413891531874405 0.14600760456273765
0 0.23977164605137963 0.896958174904943 0.19600380589914368 0.1467680608365019
0 0.07231208372978117 0.7711026615969582 0.142721217887726 0.132319391634981
0 0.5837297811607992 0.8885931558935362 0.34157944814462415 0.1634980988593156
