0 0.4253472222222222 0.20435308343409916 0.2048611111111111 0.21039903264812576
0 0.8559027777777778 0.42321644498186217 0.16087962962962962 0.2249093107617896
0 0.5092592592592593 0.6275695284159613 0.16666666666666666 0.18137847642079807
0 0.11226851851851852 0.81136638452237 0.16666666666666666 0.154776299879081
0 0.11400462962962964 0.3978234582829504 0.14930555555555555 0.16203143893591293
0 0.2881944444444444 0.41293833131801694 0.18981481481481483 0.15356711003627568
0 0.6921296296296297 0.1674727932285369 0.16203703703703703 0.22853688029020555
0 0.9403935185185185 0.18198307134220074 0.08912037037037036 0.18984280532043532
0 0.2974537037037037 0.8464328899637243 0.20601851851851852 0.19105199516324062
0 0.5532407407407407 0.8409915356711004 0.3148148148148148 0.17533252720677148
0 0.6857638888888888 0.4347037484885127 0.16087962962962962 0.23579201934703747
0 0.14467592592592593 0.6342200725513906 0.2037037037037037 0.2067714631197098
0 0.34664351851851855 0.6293833131801693 0.1724537037037037 0.21160822249093109
0 0.8344907407407407 0.8482466747279322 0.2708333333333333 0.21160822249093109
0 0.8622685185185185 0.620918984280532 0.20833333333333334 0.17049576783555018
0 0.4861111111111111 0.4183796856106409 0.22685185185185186 0.22732769044740025
0 0.8223379629629629 0.1777509068923821 0.15393518518518517 0.19105199516324062
0 0.671875 0.6299879081015719 0.1724537037037037 0.16928657799274485
