0 0.15625 0.17804621848739496 0.10560344827586207 0.20483193277310924
0 0.31627155172413796 0.1717436974789916 0.16056034482758622 0.1796218487394958
0 0.5695043103448276 0.15441176470588236 0.19935344827586207 0.19327731092436976
0 0.22629310344827586 0.8497899159663865 0.14655172413793102 0.1722689075630252
0 0.46174568965517243 0.8466386554621849 0.1648706896551724 0.1638655462184874
0 0.775323275862069 0.8324579831932774 0.36530172413793105 0.16491596638655462
0 0.16864224137931033 0.5362394957983193 0.18426724137931033 0.1880252100840336
0 0.4358836206896552 0.49317226890756305 0.31788793103448276 0.1565126050420168
0 0.787176724137931 0.15703781512605042 0.2101293103448276 0.19852941176470587
0 0.2640086206896552 0.36239495798319327 0.3146551724137931 0.1638655462184874
0 0.4709051724137931 0.34506302521008403 0.08836206896551724 0.16701680672268907
0 0.6675646551724138 0.47794117647058826 0.10883620689655173 0.08403361344537816
0 0.7429956896551724 0.5010504201680672 0.2704741379310345 0.1722689075630252
0 0.26239224137931033 0.7037815126050421 0.24030172413793102 0.13655462184873948
0 0.5269396551724138 0.6701680672268907 0.2607758620689655 0.17647058823529413
0 0.7623922413793104 0.6754201680672269 0.19288793103448276 0.16596638655462184
0 0.9385775862068966 0.15913865546218486 0.10775862068965517 0.20903361344537816
0 0.6163793103448276 0.34558823529411764 0.1875 0.1638655462184874
0 0.8459051724137931 0.3387605042016807 0.26939655172413796 0.15861344537815125
0 0.9385775862068966 0.6628151260504201 0.08836206896551724 0.15336134453781514
0 0.9348060344827587 0.4942226890756303 0.12392241379310345 0.16281512605042017
