0 0.4071072319201995 0.05292792792792793 0.39526184538653364 0.08558558558558559
0 0.12094763092269327 0.07882882882882883 0.1745635910224439 0.1036036036036036
0 0.19638403990024939 0.3277027027027027 0.24812967581047382 0.13288288288288289
0 0.08042394014962594 0.509009009009009 0.13092269326683292 0.17342342342342343
0 0.1745635910224439 0.6509009009009009 0.30174563591022446 0.14864864864864866
0 0.47942643391521195 0.6447072072072072 0.3229426433915212 0.18806306306306306
0 0.6839152119700748 0.06981981981981981 0.15835411471321695 0.09684684684684684
0 0.42643391521197005 0.18074324324324326 0.2194513715710723 0.14527027027027026
0 0.7026184538653366 0.18243243243243243 0.3029925187032419 0.1373873873873874
0 0.2961346633416459 0.48592342342342343 0.19576059850374064 0.17229729729729729
0 0.8485037406483791 0.7775900900900901 0.23316708229426433 0.15653153153153154
0 0.655860349127182 0.8046171171171171 0.16458852867830423 0.134009009009009
0 0.47319201995012466 0.8040540540540541 0.15087281795511223 0.13963963963963963
0 0.8391521197007481 0.06137387387387387 0.1596009975062344 0.11373873873873874
0 0.6932668329177057 0.32545045045045046 0.26932668329177056 0.12837837837837837
0 0.6521197007481296 0.46846846846846846 0.20947630922693267 0.15765765765765766
0 0.864713216957606 0.4634009009009009 0.21571072319201995 0.15878378378378377
0 0.9345386533665836 0.6097972972972973 0.10349127182044887 0.1768018018018018
0 0.766209476309227 0.6278153153153153 0.2630922693266833 0.18355855855855857
