0 0.18493150684931506 0.8350253807106599 0.1970495258166491 0.12893401015228426
0 0.38672286617492097 0.8441624365482233 0.22550052687038988 0.15532994923857868
0 0.17702845100105374 0.08883248730964467 0.1475237091675448 0.13096446700507614
0 0.3382507903055848 0.08121827411167512 0.2065331928345627 0.14416243654822336
0 0.5200210748155953 0.07766497461928934 0.10221285563751317 0.09847715736040609
0 0.6217070600632244 0.08984771573604061 0.1095890410958904 0.10050761421319797
0 0.7708113804004215 0.12131979695431472 0.23709167544783982 0.15126903553299492
0 0.5036880927291886 0.21421319796954313 0.22550052687038988 0.1116751269035533
0 0.827186512118019 0.7964467005076142 0.14330874604847207 0.14720812182741116
0 0.6949420442571127 0.9274111675126904 0.2876712328767123 0.12487309644670051
0 0.6996838777660696 0.817766497461929 0.11169652265542676 0.12893401015228426
0 0.5284510010537408 0.8258883248730965 0.07481559536354057 0.049746192893401014
0 0.9072708113804004 0.1446700507614213 0.08640674394099052 0.13096446700507614
0 0.7070600632244468 0.20558375634517767 0.18545837723919917 0.09441624365482233
