0 0.09126984126984126 0.0457991156032849 0.07936507936507936 0.0410612760581175
0 0.19444444444444445 0.5050536955148452 0.1388888888888889 0.06885660138976626
0 0.4017857142857143 0.4987365761212887 0.19642857142857142 0.07138344914718889
0 0.38740079365079366 0.5795957043588124 0.23511904761904762 0.0890713834491472
0 0.17509920634920634 0.7229943145925458 0.09027777777777778 0.06253948199620973
0 0.5565476190476191 0.7169930511686671 0.09325396825396826 0.04801010739102969
0 0.4365079365079365 0.7204674668351232 0.15079365079365079 0.05243209096651927
0 0.4459325396825397 0.7675300063171194 0.14384920634920634 0.053063802905874924
0 0.34523809523809523 0.831964624131396 0.05952380952380952 0.06190777005685408
0 0.4632936507936508 0.8250157927984839 0.15674603174603174 0.06443461781427669
0 0.25297619047619047 0.29058749210360074 0.19444444444444445 0.05938092229943146
0 0.2757936507936508 0.3626026531901453 0.1984126984126984 0.06443461781427669
0 0.4350198412698413 0.10454832596336071 0.2728174603174603 0.09665192672141504
0 0.8199404761904762 0.1020214782059381 0.16964285714285715 0.08022741629816804
0 0.15178571428571427 0.11433986102337335 0.30952380952380953 0.10233733417561591
0 0.14831349206349206 0.593177511054959 0.2648809523809524 0.07454200884396715
0 0.13740079365079366 0.4320909665192672 0.2490079365079365 0.07959570435881239
0 0.6820436507936508 0.8164876816171825 0.26091269841269843 0.07138344914718889
0 0.8963293650793651 0.8054327226784587 0.16765873015873015 0.07580543272267846
0 0.4255952380952381 0.28490208464939987 0.15079365079365079 0.06190777005685408
0 0.5932539682539683 0.2877447883765003 0.1884920634920635 0.06127605811749842
0 0.9007936507936508 0.229943145925458 0.1349206349206349 0.07959570435881239
0 0.13045634920634921 0.9485154769425143 0.23313492063492064 0.06380290587492103
0 0.32787698412698413 0.952621604548326 0.17956349206349206 0.06696146557169931
0 0.21726190476190477 0.8348073278584965 0.125 0.06885660138976626
0 0.06944444444444445 0.8341756159191409 0.0992063492063492 0.06253948199620973
0 0.07093253968253968 0.7738471257106759 0.11408730158730158 0.05559065066329753
0 0.06944444444444445 0.7192040429564118 0.1111111111111111 0.06127605811749842
0 0.06994047619047619 0.5132659507264687 0.11607142857142858 0.08149084017687934
0 0.5838293650793651 0.5751737207833229 0.17162698412698413 0.08528111181301326
0 0.7440476190476191 0.5726468730259002 0.15079365079365079 0.08654453569172457
0 0.7093253968253969 0.7046746683512318 0.14484126984126985 0.054958938723941884
0 0.06994047619047619 0.6610865445356917 0.10416666666666667 0.06001263423878711
0 0.4826388888888889 0.6522425773847126 0.23115079365079366 0.06759317751105495
0 0.8338293650793651 0.6500315855969678 0.12400793650793651 0.07201516108654453
0 0.9434523809523809 0.6456096020214782 0.10119047619047619 0.07706885660138976
0 0.8829365079365079 0.5644346178142767 0.14285714285714285 0.08654453569172457
0 0.06597222222222222 0.2428932406822489 0.11011904761904762 0.058749210360075806
0 0.5322420634920635 0.22678458622867972 0.5049603174603174 0.06190777005685408
0 0.6984126984126984 0.4245104232469994 0.1388888888888889 0.07454200884396715
0 0.6319444444444444 0.032849020846494 0.17857142857142858 0.05938092229943146
0 0.8338293650793651 0.0457991156032849 0.22916666666666666 0.08149084017687934
0 0.40922619047619047 0.03253316487681617 0.22123015873015872 0.0574857864813645
0 0.6463293650793651 0.09759949463044852 0.15773809523809523 0.0739102969046115
0 0.5322420634920635 0.34933670246367654 0.16765873015873015 0.06822488945041061
0 0.841765873015873 0.3531269740998105 0.1736111111111111 0.07580543272267846
0 0.6458333333333334 0.4933670246367656 0.29365079365079366 0.07327858496525584
0 0.8864087301587301 0.490840176879343 0.19146825396825398 0.07075173720783323
0 0.2757936507936508 0.8935565382185723 0.10515873015873016 0.054958938723941884
0 0.5218253968253969 0.9494630448515476 0.21825396825396826 0.06822488945041061
0 0.7400793650793651 0.9428300694883134 0.21825396825396826 0.06759317751105495
0 0.29811507936507936 0.7204674668351232 0.12003968253968254 0.06127605811749842
0 0.2197420634920635 0.7747946936197094 0.12202380952380952 0.04864181933038535
0 0.6369047619047619 0.7567909033480733 0.13095238095238096 0.05432722678458623
0 0.8427579365079365 0.7501579279848389 0.11011904761904762 0.054958938723941884
0 0.061507936507936505 0.8910296904611498 0.08333333333333333 0.051168667087807956
0 0.1626984126984127 0.8970309538850284 0.12103174603174603 0.05053695514845231
0 0.5580357142857143 0.8837650031585597 0.0744047619047619 0.045483259633607075
0 0.7083333333333334 0.877763739734681 0.23412698412698413 0.05622236260265319
0 0.9126984126984127 0.8673404927353127 0.15079365079365079 0.07327858496525584
0 0.08035714285714286 0.2991156032849021 0.12301587301587301 0.07138344914718889
0 0.07192460317460317 0.3638660770688566 0.10813492063492064 0.06443461781427669
0 0.5580357142857143 0.4200884396715098 0.15178571428571427 0.08717624763108023
0 0.3725198412698413 0.425142135186355 0.21924603174603174 0.07959570435881239
0 0.8353174603174603 0.704358812381554 0.11706349206349206 0.05180037902716361
0 0.9424603174603174 0.7078332280480101 0.0992063492063492 0.04485154769425142
0 0.847718253968254 0.17119393556538218 0.2787698412698413 0.07075173720783323
0 0.9513888888888888 0.11528742893240682 0.09722222222222222 0.06506632975363234
0 0.4191468253968254 0.8888186986734049 0.2013888888888889 0.060644346178142766
