0 0.08099222952779438 0.3643598615916955 0.13568439928272563 0.13356401384083044
0 0.23221757322175732 0.35155709342560554 0.08547519426180514 0.1342560553633218
0 0.3457860131500299 0.33633217993079584 0.12253436939629408 0.1245674740484429
0 0.4572624028690974 0.32041522491349483 0.11237298266586969 0.11072664359861592
0 0.6491332934847579 0.2927335640138408 0.1972504482964734 0.12318339100346021
0 0.6524208009563658 0.4024221453287197 0.20621637776449492 0.10311418685121107
0 0.6500298864315601 0.5110726643598615 0.21578003586371788 0.12941176470588237
0 0.40346682606096834 0.5581314878892734 0.11835026897788405 0.15294117647058825
0 0.3335325762104005 0.45017301038062285 0.11117752540346683 0.10311418685121107
0 0.28511655708308425 0.5643598615916955 0.11835026897788405 0.13356401384083044
