0 0.15097690941385436 0.20454545454545456 0.2024866785079929 0.2474747474747475
0 0.3481349911190053 0.1632996632996633 0.1811722912966252 0.1919191919191919
0 0.7664298401420959 0.11363636363636363 0.25044404973357015 0.19023569023569023
0 0.8117229129662522 0.31902356902356904 0.20603907637655416 0.234006734006734
0 0.13943161634103018 0.6245791245791246 0.23268206039076378 0.2255892255892256
0 0.5319715808170515 0.5765993265993266 0.5879218472468917 0.20707070707070707
0 0.5648312611012434 0.335016835016835 0.2877442273534636 0.24579124579124578
0 0.20159857904085257 0.8164983164983165 0.26465364120781526 0.16498316498316498
0 0.44493783303730017 0.8383838383838383 0.27175843694493784 0.18518518518518517
0 0.7646536412078153 0.8021885521885522 0.3925399644760213 0.2441077441077441
0 0.9067495559502664 0.5732323232323232 0.17229129662522202 0.21717171717171718
0 0.5266429840142096 0.12205387205387205 0.1936056838365897 0.18013468013468015
