0 0.7198177676537585 0.22661122661122662 0.19817767653758542 0.16216216216216217
0 0.19817767653758542 0.23076923076923078 0.13439635535307518 0.1787941787941788
0 0.19305239179954442 0.6304573804573804 0.16287015945330297 0.17983367983367984
0 0.15660592255125286 0.4183991683991684 0.09681093394077449 0.16943866943866945
0 0.21981776765375854 0.8331600831600832 0.275626423690205 0.16735966735966737
0 0.44646924829157175 0.8321205821205822 0.17312072892938496 0.13825363825363826
0 0.6252847380410023 0.8186070686070686 0.17995444191343962 0.18607068607068608
0 0.28302961275626426 0.4313929313929314 0.15375854214123008 0.18087318087318088
0 0.5108200455580866 0.44386694386694386 0.2722095671981777 0.17255717255717257
0 0.7095671981776766 0.42723492723492723 0.14350797266514806 0.19334719334719336
0 0.85250569476082 0.38513513513513514 0.16287015945330297 0.16735966735966737
0 0.428246013667426 0.6434511434511434 0.28929384965831434 0.14553014553014554
0 0.6765375854214123 0.6372141372141372 0.20956719817767655 0.16216216216216217
0 0.8513667425968109 0.6237006237006237 0.1492027334851936 0.16632016632016633
