0 0.4759036144578313 0.3150033944331297 0.15106580166821132 0.11405295315682282
0 0.5653382761816497 0.1544467073998642 0.14087117701575533 0.11337406653088934
0 0.42539388322520855 0.14562118126272913 0.11121408711770157 0.08893414799728445
0 0.23725671918443003 0.17175831636116767 0.1705282669138091 0.12898845892735913
0 0.6357738646895273 0.3075356415478615 0.10750695088044486 0.1425661914460285
0 0.30908248378127895 0.3200950441276307 0.15291936978683968 0.14596062457569586
0 0.6172381835032438 0.5838424983027835 0.11862835959221502 0.109979633401222
0 0.1380908248378128 0.8486082824168364 0.21686746987951808 0.10047522063815342
0 0.35820203892493047 0.856754921928038 0.20296570898980537 0.08418194161575017
0 0.5162187210379982 0.8570943652410048 0.12418906394810009 0.09708078750848609
0 0.6538461538461539 0.7471147318397827 0.16404077849860982 0.11337406653088934
0 0.5342910101946247 0.7552613713509844 0.07877664504170528 0.10658520027155464
0 0.4221501390176089 0.7572980312287848 0.14365152919369786 0.11065852002715547
0 0.7775718257645968 0.14019008825526136 0.2761816496756256 0.09979633401221996
0 0.1376274328081557 0.4938900203665988 0.2511584800741427 0.1120162932790224
0 0.42771084337349397 0.4986422267481331 0.18072289156626506 0.1079429735234216
0 0.11723818350324375 0.31602172437202986 0.20481927710843373 0.1296673455532926
0 0.08897126969416126 0.1591989137813985 0.12974976830398516 0.12287847929395791
0 0.10333642261353104 0.6822810590631364 0.15291936978683968 0.1208418194161575
0 0.3123262279888786 0.6805838424983028 0.2428174235403151 0.08621860149355058
0 0.5301204819277109 0.6720977596741344 0.19833178869323448 0.07603530210454854
0 0.43002780352177944 0.5936863543788188 0.2706209453197405 0.0943652410047522
0 0.793790546802595 0.478275627970129 0.27710843373493976 0.1120162932790224
0 0.8021316033364226 0.38153428377460963 0.11584800741427248 0.09504412763068568
0 0.9235403151065802 0.3754243041412084 0.11770157553290084 0.10047522063815342
0 0.7822057460611678 0.2926001357773252 0.1742354031510658 0.09640190088255261
0 0.19230769230769232 0.05736591989137814 0.11584800741427248 0.09164969450101833
0 0.08665430954587582 0.054989816700611 0.0917516218721038 0.0814663951120163
0 0.5129749768303985 0.06042090970807875 0.10472659870250231 0.07739307535641547
0 0.6265060240963856 0.055329260013577734 0.12233549582947173 0.08621860149355058
0 0.9471733086190918 0.1218601493550577 0.06672845227062095 0.0658520027155465
0 0.9036144578313253 0.19721656483367278 0.1371640407784986 0.08486082824168364
0 0.9216867469879518 0.2837746096401901 0.11399443929564411 0.08825526137135098
0 0.14921223354958293 0.5909708078750848 0.23725671918443003 0.09979633401221996
0 0.7363299351251158 0.5739986422267481 0.07692307692307693 0.10386965376782077
0 0.8980537534754403 0.5488798370672098 0.12233549582947173 0.10930074677528853
0 0.7405004633920297 0.6554650373387644 0.21501390176088972 0.07942973523421588
0 0.8271547729379055 0.7335369993211134 0.13067655236329936 0.12287847929395791
0 0.9365152919369787 0.698234894772573 0.09545875810936053 0.08486082824168364
0 0.6543095458758109 0.8251866938221317 0.09082483781278962 0.048200950441276307
0 0.7715477293790547 0.8336727766463 0.3697868396663577 0.12627291242362526
0 0.21223354958294718 0.9280380176510523 0.30954587581093607 0.08961303462321792
0 0.42493049119555143 0.9422946367956552 0.13253012048192772 0.0814663951120163
0 0.5843373493975904 0.9378818737270875 0.13623725671918444 0.07942973523421588
0 0.7196478220574606 0.9355057705363204 0.14735866543095458 0.08689748811948404
0 0.8901760889712697 0.9110658520027155 0.17330861909175163 0.10726408689748812
