0 0.17991071428571428 0.04043438077634011 0.11160714285714286 0.050369685767097966
0 0.4348214285714286 0.3987985212569316 0.15 0.06469500924214418
0 0.303125 0.3948706099815157 0.12767857142857142 0.05683918669131238
0 0.17455357142857142 0.33895563770794823 0.10625 0.06515711645101664
0 0.21339285714285713 0.22573937153419593 0.14642857142857144 0.07070240295748614
0 0.4303571428571429 0.2215804066543438 0.15714285714285714 0.07347504621072089
0 0.7691964285714286 0.216728280961183 0.23482142857142857 0.06377079482439926
0 0.4924107142857143 0.2830406654343808 0.15803571428571428 0.05499075785582255
0 0.6058035714285714 0.38955637707948243 0.11875 0.05545286506469501
0 0.453125 0.4630314232902033 0.12410714285714286 0.054528650646950096
0 0.6165178571428571 0.45933456561922364 0.15446428571428572 0.066543438077634
0 0.32857142857142857 0.46626617375231055 0.10892857142857143 0.05822550831792976
0 0.42723214285714284 0.5801756007393716 0.24910714285714286 0.06423290203327171
0 0.5986607142857143 0.5720887245841035 0.09910714285714285 0.066543438077634
0 0.18125 0.7601663585951941 0.1982142857142857 0.05083179297597042
0 0.36026785714285714 0.7643253234750462 0.14017857142857143 0.05083179297597042
0 0.47366071428571427 0.7594731977818854 0.08839285714285715 0.062384473197781884
0 0.3455357142857143 0.029805914972273567 0.125 0.0466728280961183
0 0.10044642857142858 0.04205175600739371 0.06339285714285714 0.05083179297597042
0 0.4767857142857143 0.036275415896487986 0.0875 0.05406654343807763
0 0.6245535714285714 0.03373382624768946 0.15982142857142856 0.04990757855822551
0 0.7013392857142857 0.08502772643253234 0.18303571428571427 0.051756007393715345
0 0.8598214285714286 0.0822550831792976 0.1375 0.04436229205175601
0 0.5870535714285714 0.13793900184842883 0.15446428571428572 0.04852125693160813
0 0.1125 0.14764325323475047 0.09642857142857143 0.0411275415896488
0 0.2486607142857143 0.14048059149722736 0.17946428571428572 0.051756007393715345
0 0.41830357142857144 0.13978743068391866 0.17410714285714285 0.05406654343807763
0 0.7696428571428572 0.12939001848428835 0.18928571428571428 0.056377079482439925
0 0.47946428571428573 0.08872458410351201 0.20357142857142857 0.05083179297597042
0 0.28035714285714286 0.09288354898336414 0.16607142857142856 0.05268022181146026
0 0.134375 0.09634935304990758 0.13303571428571428 0.045748613678373386
0 0.3066964285714286 0.2874306839186691 0.08660714285714285 0.05083179297597042
0 0.1732142857142857 0.28373382624768945 0.10178571428571428 0.04343807763401109
0 0.18705357142857143 0.4611829944547135 0.14017857142857143 0.051756007393715345
0 0.3151785714285714 0.517097966728281 0.11785714285714285 0.059149722735674676
0 0.10133928571428572 0.6621996303142329 0.13660714285714284 0.09981515711645102
0 0.2513392857142857 0.6451016635859519 0.19017857142857142 0.06377079482439926
0 0.44241071428571427 0.649260628465804 0.19196428571428573 0.07393715341959335
0 0.7950892857142857 0.6206099815157117 0.11160714285714286 0.07301293900184842
0 0.090625 0.22504621072088724 0.10625 0.06839186691312385
0 0.07544642857142857 0.283271719038817 0.08839285714285715 0.04621072088724584
0 0.125 0.5201016635859519 0.1982142857142857 0.05961182994454713
0 0.14598214285714287 0.5822550831792976 0.24196428571428572 0.07024029574861368
0 0.6392857142857142 0.630083179297597 0.20714285714285716 0.06792975970425139
0 0.89375 0.5499075785582255 0.09642857142857143 0.06469500924214418
0 0.7714285714285715 0.5099353049907579 0.21785714285714286 0.05683918669131238
0 0.4174107142857143 0.33733826247689463 0.1419642857142857 0.06099815157116451
0 0.5544642857142857 0.3378003696857671 0.07678571428571429 0.06377079482439926
0 0.6477678571428571 0.330637707948244 0.09375 0.05683918669131238
0 0.7727678571428571 0.3269408502772643 0.15982142857142856 0.057763401109057304
0 0.6651785714285714 0.27657116451016633 0.16071428571428573 0.05499075785582255
0 0.8665178571428571 0.2601663585951941 0.11160714285714286 0.07208872458410351
0 0.7200892857142858 0.3916358595194085 0.08125 0.06977818853974121
0 0.8839285714285714 0.6187615526802218 0.07678571428571429 0.0711645101663586
0 0.9522321428571429 0.6083641404805915 0.05625 0.07624768946395563
0 0.7026785714285714 0.6896950092421442 0.10714285714285714 0.0688539741219963
0 0.7924107142857143 0.026802218114602587 0.14910714285714285 0.04066543438077634
0 0.9040178571428571 0.03257855822550832 0.07053571428571428 0.045748613678373386
0 0.1825892857142857 0.3948706099815157 0.08303571428571428 0.045748613678373386
0 0.07633928571428572 0.3391866913123845 0.09017857142857143 0.059149722735674676
0 0.7982142857142858 0.45217190388170053 0.20714285714285716 0.0633086876155268
0 0.9388392857142858 0.44131238447319776 0.07232142857142858 0.06839186691312385
0 0.6950892857142857 0.5635397412199631 0.059821428571428574 0.05314232902033272
0 0.5763392857142857 0.7437615526802218 0.08839285714285715 0.027264325323475048
0 0.671875 0.7504621072088724 0.3098214285714286 0.07024029574861368
0 0.8959821428571428 0.737985212569316 0.13839285714285715 0.06192236598890943
0 0.9758928571428571 0.7264325323475046 0.03214285714285714 0.053604436229205174
0 0.1575892857142857 0.8149260628465804 0.12053571428571429 0.05129390018484288
0 0.1549107142857143 0.8763863216266173 0.11517857142857142 0.05129390018484288
0 0.29017857142857145 0.8726894639556377 0.15357142857142858 0.05868761552680222
0 0.4433035714285714 0.8708410351201479 0.15625 0.047597042513863215
0 0.5991071428571428 0.8773105360443623 0.125 0.05683918669131238
0 0.8276785714285714 0.6818391866913124 0.1875 0.07070240295748614
0 0.26785714285714285 0.8167744916820703 0.14285714285714285 0.05868761552680222
0 0.4459821428571429 0.8172365988909427 0.20982142857142858 0.05961182994454713
0 0.603125 0.8031423290203327 0.08482142857142858 0.036044362292051754
0 0.7196428571428571 0.8112292051756007 0.3339285714285714 0.06792975970425139
0 0.7504464285714286 0.9249075785582255 0.1669642857142857 0.05591497227356747
0 0.7629464285714286 0.8740757855822551 0.2044642857142857 0.05591497227356747
0 0.5464285714285714 0.9350739371534196 0.24464285714285713 0.06792975970425139
0 0.9075892857142858 0.1256931608133087 0.09732142857142857 0.04805914972273567
0 0.27723214285714287 0.33548983364140483 0.11339285714285714 0.05822550831792976
0 0.2825892857142857 0.34681146025878 0.05803571428571429 0.0355822550831793
0 0.834375 0.3844731977818854 0.15803571428571428 0.07208872458410351
0 0.9602678571428571 0.3782347504621072 0.07767857142857143 0.05961182994454713
0 0.9040178571428571 0.31446395563770796 0.10446428571428572 0.05129390018484288
0 0.9745535714285715 0.3149260628465804 0.038392857142857145 0.047597042513863215
