0 0.18472906403940886 0.17475728155339806 0.22413793103448276 0.17233009708737865
0 0.3977832512315271 0.16686893203883496 0.23891625615763548 0.20024271844660194
0 0.6157635467980296 0.154126213592233 0.20935960591133004 0.21359223300970873
0 0.8460591133004927 0.15473300970873785 0.18472906403940886 0.20024271844660194
0 0.13485221674876846 0.36771844660194175 0.16625615763546797 0.17718446601941748
0 0.43903940886699505 0.3561893203883495 0.4396551724137931 0.1783980582524272
0 0.7721674876847291 0.3713592233009709 0.21674876847290642 0.16019417475728157
0 0.9359605911330049 0.3561893203883495 0.12315270935960591 0.21723300970873785
0 0.5233990147783252 0.5260922330097088 0.22413793103448276 0.154126213592233
0 0.8060344827586207 0.5412621359223301 0.3411330049261084 0.16019417475728157
0 0.20381773399014777 0.6765776699029126 0.25492610837438423 0.20509708737864077
0 0.458128078817734 0.6935679611650486 0.270935960591133 0.21480582524271843
0 0.8226600985221675 0.7050970873786407 0.270935960591133 0.17233009708737865
0 0.15701970443349753 0.8743932038834952 0.1834975369458128 0.1808252427184466
0 0.42179802955665024 0.8816747572815534 0.19088669950738915 0.17597087378640777
0 0.7370689655172413 0.8780339805825242 0.46921182266009853 0.1808252427184466
