0 0.10585585585585586 0.11128205128205128 0.14414414414414414 0.14871794871794872
0 0.2561936936936937 0.13128205128205128 0.18355855855855857 0.18871794871794872
0 0.46114864864864863 0.11333333333333333 0.25563063063063063 0.14871794871794872
0 0.6430180180180181 0.10974358974358975 0.16666666666666666 0.14153846153846153
0 0.7871621621621622 0.10717948717948718 0.13963963963963963 0.14666666666666667
0 0.8890765765765766 0.10205128205128206 0.125 0.13025641025641024
0 0.5771396396396397 0.2635897435897436 0.24211711711711711 0.16205128205128205
0 0.7995495495495496 0.25794871794871793 0.19144144144144143 0.1753846153846154
0 0.19369369369369369 0.3933333333333333 0.2972972972972973 0.1117948717948718
0 0.42511261261261263 0.3943589743589744 0.17229729729729729 0.11384615384615385
0 0.6204954954954955 0.3958974358974359 0.23423423423423423 0.11076923076923077
0 0.134009009009009 0.5276923076923077 0.20045045045045046 0.15692307692307692
0 0.41047297297297297 0.5241025641025641 0.19256756756756757 0.14974358974358976
0 0.09628378378378379 0.7097435897435898 0.1204954954954955 0.14564102564102563
0 0.20777027027027026 0.7020512820512821 0.11373873873873874 0.16102564102564101
0 0.3564189189189189 0.6933333333333334 0.26013513513513514 0.1641025641025641
