0 0.06598984771573604 0.05367393800229621 0.0583756345177665 0.06601607347876004
0 0.07677664974619289 0.12801377726750862 0.0799492385786802 0.06659012629161883
0 0.07201776649746193 0.19001148105625718 0.07804568527918782 0.06199770378874857
0 0.08978426395939086 0.47761194029850745 0.08692893401015228 0.06659012629161883
0 0.0758248730964467 0.4190585533869116 0.0717005076142132 0.0539609644087256
0 0.1618020304568528 0.12112514351320322 0.09771573604060914 0.07003444316877153
0 0.22684010152284265 0.3516073478760046 0.04758883248730964 0.05568312284730195
0 0.14213197969543148 0.534443168771527 0.19796954314720813 0.07003444316877153
0 0.4520939086294416 0.5232491389207807 0.09200507614213198 0.05568312284730195
0 0.08217005076142132 0.25516647531572906 0.09961928934010152 0.06371986222732491
0 0.2684010152284264 0.25057405281285877 0.14593908629441624 0.06831228473019518
0 0.2668147208121827 0.18800229621125145 0.061548223350253804 0.05453501722158439
0 0.34390862944162437 0.13576349024110218 0.05710659898477157 0.06486796785304248
0 0.2982233502538071 0.05970149253731343 0.05583756345177665 0.06659012629161883
0 0.35850253807106597 0.06458094144661308 0.06218274111675127 0.0774971297359357
0 0.4479695431472081 0.07634902411021814 0.10913705583756345 0.0677382319173364
0 0.07931472081218274 0.7083811710677382 0.06598984771573604 0.05281285878300804
0 0.07138324873096447 0.6541331802525833 0.053934010152284266 0.05797933409873708
0 0.5234771573604061 0.7643513203214696 0.07106598984771574 0.05683122847301952
0 0.5145939086294417 0.7017795637198623 0.04568527918781726 0.06257175660160735
0 0.5158629441624365 0.6432261768082663 0.046954314720812185 0.05797933409873708
0 0.5853426395939086 0.6366245694603904 0.07677664974619289 0.05625717566016074
0 0.5745558375634517 0.7014925373134329 0.07043147208121828 0.0642939150401837
0 0.6021573604060914 0.7640642939150402 0.07487309644670051 0.06199770378874857
0 0.5526649746192893 0.5809414466130884 0.1065989847715736 0.06199770378874857
0 0.6995558375634517 0.5795063145809415 0.16307106598984772 0.06027554535017222
0 0.554251269035533 0.46871412169919635 0.09581218274111675 0.05797933409873708
0 0.6135786802030457 0.39667049368541907 0.0799492385786802 0.06199770378874857
0 0.6113578680203046 0.2729621125143513 0.07296954314720812 0.06142365097588978
0 0.5932741116751269 0.2092422502870264 0.06852791878172589 0.06601607347876004
0 0.5704314720812182 0.14322617680826635 0.1065989847715736 0.06371986222732491
0 0.6621192893401016 0.13949483352468428 0.0717005076142132 0.0677382319173364
0 0.6081852791878173 0.07032146957520091 0.07296954314720812 0.06027554535017222
0 0.5336294416243654 0.07721010332950631 0.05456852791878172 0.06371986222732491
0 0.7490482233502538 0.07347876004592423 0.06916243654822335 0.07003444316877153
0 0.8232868020304569 0.07347876004592423 0.07043147208121828 0.0677382319173364
0 0.7458756345177665 0.20780711825487944 0.08058375634517767 0.0539609644087256
0 0.6779822335025381 0.07462686567164178 0.07043147208121828 0.06199770378874857
0 0.5323604060913706 0.20723306544202066 0.050761421319796954 0.05855338691159587
0 0.5371192893401016 0.2743972445464983 0.07423857868020305 0.06659012629161883
0 0.6633883248730964 0.20723306544202066 0.08312182741116751 0.07003444316877153
0 0.5485406091370558 0.3349598163030999 0.09581218274111675 0.06716417910447761
0 0.6995558375634517 0.46584385763490244 0.12753807106598986 0.06831228473019518
0 0.44416243654822335 0.24425947187141217 0.12436548223350254 0.06371986222732491
0 0.47493654822335024 0.3487370838117107 0.057741116751269035 0.06257175660160735
0 0.07328680203045686 0.3613662456946039 0.08058375634517767 0.07060849598163031
0 0.30583756345177665 0.7617680826636051 0.04187817258883249 0.0574052812858783
0 0.2940989847715736 0.6389207807118255 0.053934010152284266 0.0505166475315729
0 0.1446700507614213 0.18828932261768083 0.06852791878172589 0.06659012629161883
0 0.2071700507614213 0.18484500574052812 0.06408629441624365 0.0642939150401837
0 0.2315989847715736 0.12112514351320322 0.0532994923857868 0.06544202066590127
0 0.2871192893401015 0.12485648679678531 0.060279187817258884 0.06831228473019518
0 0.0799492385786802 0.5981630309988519 0.0799492385786802 0.0574052812858783
0 0.18305837563451777 0.5918484500574053 0.13007614213197968 0.05625717566016074
0 0.16370558375634517 0.649540757749713 0.0799492385786802 0.06371986222732491
0 0.23413705583756345 0.6426521239954076 0.06598984771573604 0.06831228473019518
0 0.16307106598984772 0.7052238805970149 0.0901015228426396 0.05912743972445465
0 0.3461294416243655 0.6997703788748565 0.060279187817258884 0.05625717566016074
0 0.17163705583756345 0.47416762342135477 0.06662436548223351 0.05625717566016074
0 0.23223350253807107 0.4701492537313433 0.05583756345177665 0.06199770378874857
0 0.13991116751269037 0.4153272101033295 0.05901015228426396 0.05683122847301952
0 0.20304568527918782 0.4133180252583238 0.06598984771573604 0.06199770378874857
0 0.15545685279187818 0.34902411021814006 0.09644670050761421 0.06888633754305395
0 0.3369289340101523 0.18742824339839265 0.07868020304568528 0.05453501722158439
0 0.44543147208121825 0.1894374282433984 0.12309644670050761 0.04362801377726751
0 0.4035532994923858 0.34701492537313433 0.08883248730964467 0.06142365097588978
0 0.3055203045685279 0.41446613088404133 0.10469543147208121 0.05970149253731343
0 0.4282994923857868 0.41073478760045923 0.1446700507614213 0.06716417910447761
0 0.29885786802030456 0.47761194029850745 0.07614213197969544 0.05970149253731343
0 0.36135786802030456 0.47388059701492535 0.04885786802030457 0.06027554535017222
0 0.4010152284263959 0.5846727898966705 0.0901015228426396 0.06831228473019518
0 0.4723984771573604 0.5838117106773824 0.05266497461928934 0.06314580941446613
0 0.3512055837563452 0.642939150401837 0.061548223350253804 0.05970149253731343
0 0.4365482233502538 0.6426521239954076 0.10913705583756345 0.05568312284730195
0 0.19416243654822335 0.7640642939150402 0.07106598984771574 0.0574052812858783
0 0.25793147208121825 0.7606199770378875 0.056472081218274114 0.06888633754305395
0 0.4467005076142132 0.8022388059701493 0.06725888324873096 0.06257175660160735
0 0.2059010152284264 0.8125717566016073 0.06535532994923858 0.05453501722158439
0 0.2265228426395939 0.8731343283582089 0.10279187817258884 0.06888633754305395
0 0.4137055837563452 0.8596440872560276 0.1218274111675127 0.06027554535017222
0 0.15418781725888325 0.050803673938002294 0.08883248730964467 0.07979334098737084
0 0.23477157360406092 0.0539609644087256 0.07360406091370558 0.07003444316877153
0 0.6865482233502538 0.3932261768082664 0.06852791878172589 0.06659012629161883
0 0.7614213197969543 0.39638346727898965 0.0850253807106599 0.0774971297359357
0 0.8350253807106599 0.39638346727898965 0.07614213197969544 0.07520091848450057
0 0.9083121827411168 0.06974741676234214 0.0983502538071066 0.07060849598163031
0 0.6424492385786802 0.6960390355912744 0.06408629441624365 0.07060849598163031
0 0.7198604060913706 0.6943168771526981 0.08185279187817258 0.05797933409873708
0 0.649746192893401 0.631171067738232 0.06091370558375635 0.05797933409873708
0 0.7598350253807107 0.6343283582089553 0.08058375634517767 0.05970149253731343
0 0.6646573604060914 0.7594718714121699 0.057741116751269035 0.06888633754305395
0 0.5387055837563451 0.5235361653272101 0.08375634517766498 0.05166475315729047
0 0.5402918781725888 0.4044202066590126 0.06789340101522842 0.06946039035591274
0 0.6154822335025381 0.5246842709529277 0.06979695431472081 0.05625717566016074
0 0.679251269035533 0.5195177956371986 0.061548223350253804 0.05510907003444317
0 0.7484137055837563 0.5221010332950632 0.07804568527918782 0.05683122847301952
0 0.8153553299492385 0.5206659012629162 0.06725888324873096 0.060849598163030996
0 0.8953045685279187 0.5192307692307693 0.10025380710659898 0.06601607347876004
0 0.8299492385786802 0.5752009184845006 0.09644670050761421 0.05970149253731343
0 0.9229060913705583 0.5706084959816303 0.09454314720812183 0.0642939150401837
0 0.8902284263959391 0.4563719862227325 0.1434010152284264 0.06659012629161883
0 0.9625634517766497 0.5114810562571757 0.050761421319796954 0.06314580941446613
0 0.7585659898477157 0.134902411021814 0.10596446700507614 0.0574052812858783
0 0.9000634517766497 0.1346153846153846 0.1935279187817259 0.09012629161882893
0 0.8163071065989848 0.2726750861079219 0.06535532994923858 0.06659012629161883
0 0.6833756345177665 0.33524684270952926 0.14593908629441624 0.06314580941446613
0 0.6767131979695431 0.2700918484500574 0.061548223350253804 0.06486796785304248
0 0.7458756345177665 0.2709529276693456 0.07804568527918782 0.0711825487944891
0 0.8864213197969543 0.20321469575200918 0.20304568527918782 0.06888633754305395
0 0.06313451776649746 0.3065442020665901 0.0450507614213198 0.03788748564867968
0 0.2604695431472081 0.2964982778415614 0.0717005076142132 0.04535017221584386
0 0.45685279187817257 0.29161882893226176 0.07614213197969544 0.04822043628013777
0 0.2918781725888325 0.3346727898966705 0.03934010152284264 0.02870264064293915
0 0.3061548223350254 0.34644087256027556 0.11104060913705584 0.06486796785304248
0 0.233502538071066 0.703788748564868 0.05456852791878172 0.0539609644087256
0 0.2848984771573604 0.6974741676234214 0.0583756345177665 0.0574052812858783
0 0.3994289340101523 0.7035017221584385 0.04758883248730964 0.05797933409873708
0 0.4578045685279188 0.6969001148105626 0.07423857868020305 0.05166475315729047
0 0.35596446700507617 0.7611940298507462 0.0532994923857868 0.0505166475315729
0 0.43591370558375636 0.751435132032147 0.1065989847715736 0.0539609644087256
0 0.9774746192893401 0.06257175660160735 0.0450507614213198 0.0539609644087256
0 0.873730964467005 0.33008036739380026 0.08375634517766498 0.0505166475315729
0 0.9152918781725888 0.39006888633754305 0.10596446700507614 0.07175660160734787
0 0.4010152284263959 0.12743972445464982 0.05456852791878172 0.06314580941446613
0 0.46795685279187815 0.128300803673938 0.08819796954314721 0.06486796785304248
0 0.2868020304568528 0.5697474167623421 0.04314720812182741 0.0269804822043628
0 0.3039340101522843 0.5772101033295063 0.116751269035533 0.06142365097588978
0 0.41751269035532995 0.46383467278989665 0.07614213197969544 0.0539609644087256
0 0.4768401015228426 0.4661308840413318 0.053934010152284266 0.05510907003444317
0 0.07011421319796954 0.7706659012629162 0.05266497461928934 0.05683122847301952
