0 0.23782771535580524 0.054994054696789536 0.301498127340824 0.09334126040428062
0 0.5032771535580525 0.3153983353151011 0.37734082397003743 0.08977407847800238
0 0.8239700374531835 0.32877526753864444 0.21910112359550563 0.1070154577883472
0 0.44803370786516855 0.4126040428061831 0.3155430711610487 0.10820451843043995
0 0.6896067415730337 0.41973840665873957 0.17883895131086142 0.08442330558858502
0 0.8661048689138576 0.41944114149821643 0.20037453183520598 0.08145065398335315
0 0.2958801498127341 0.5211058263971462 0.3202247191011236 0.10523186682520809
0 0.3693820224719101 0.6263376932223543 0.30430711610486894 0.10523186682520809
0 0.3937265917602996 0.7342449464922711 0.34737827715355807 0.1070154577883472
0 0.398876404494382 0.8403686087990487 0.3258426966292135 0.10879904875148633
0 0.7916666666666666 0.8385850178359097 0.2687265917602996 0.10879904875148633
0 0.7752808988764045 0.7306777645659929 0.301498127340824 0.10344827586206896
0 0.7869850187265918 0.6126634958382877 0.25 0.09453032104637336
0 0.47237827715355807 0.04518430439952437 0.19194756554307116 0.08442330558858502
0 0.6006554307116105 0.5163495838287753 0.29681647940074907 0.10760998810939358
