0 0.2054958183990442 0.17045454545454544 0.2222222222222222 0.17583732057416268
0 0.44623655913978494 0.16507177033492823 0.23058542413381122 0.21291866028708134
0 0.16188769414575865 0.37200956937799046 0.20908004778972522 0.18899521531100477
0 0.468936678614098 0.3570574162679426 0.37873357228195936 0.17822966507177032
0 0.8673835125448028 0.1471291866028708 0.15292712066905614 0.17464114832535885
0 0.13799283154121864 0.8881578947368421 0.16129032258064516 0.17583732057416268
0 0.4187574671445639 0.888755980861244 0.15890083632019117 0.1722488038277512
0 0.7335722819593787 0.8983253588516746 0.45878136200716846 0.1722488038277512
0 0.6654719235364397 0.17822966507177032 0.22939068100358423 0.215311004784689
0 0.16188769414575865 0.7093301435406698 0.22341696535244923 0.17942583732057416
0 0.7556750298685783 0.37739234449760767 0.1923536439665472 0.1519138755980861
0 0.4157706093189964 0.7165071770334929 0.2867383512544803 0.17942583732057416
0 0.589605734767025 0.5394736842105263 0.2019115890083632 0.17942583732057416
0 0.8500597371565114 0.5424641148325359 0.2903225806451613 0.173444976076555
0 0.9163679808841099 0.37021531100478466 0.16487455197132617 0.17583732057416268
0 0.7084826762246117 0.7260765550239234 0.3010752688172043 0.1937799043062201
0 0.9289127837514934 0.7063397129186603 0.14695340501792115 0.18301435406698566
