0 0.0743183817062445 0.048113207547169815 0.0853122251539138 0.04622641509433962
0 0.158311345646438 0.04316037735849056 0.07387862796833773 0.04858490566037736
0 0.16666666666666666 0.09080188679245282 0.09410729991204925 0.0589622641509434
0 0.4569041336851363 0.07382075471698113 0.15567282321899736 0.05330188679245283
0 0.45162708883025504 0.02688679245283019 0.148636763412489 0.045283018867924525
0 0.07343887423043095 0.10023584905660378 0.09586631486367635 0.06556603773584906
0 0.06508355321020229 0.26037735849056604 0.08091468777484609 0.05566037735849057
0 0.2075637642919965 0.41344339622641507 0.12137203166226913 0.049528301886792456
0 0.17326297273526825 0.46037735849056605 0.0633245382585752 0.04150943396226415
0 0.2805628847845207 0.5132075471698113 0.10729991204925242 0.0509433962264151
0 0.18117854001759015 0.5139150943396227 0.10202286719437115 0.05235849056603774
0 0.38258575197889183 0.5613207547169812 0.13544415127528583 0.06132075471698113
0 0.08135444151275285 0.15589622641509435 0.11521547933157432 0.06556603773584906
0 0.24714160070360597 0.6108490566037735 0.07563764291996482 0.04245283018867924
0 0.2941952506596306 0.6712264150943397 0.11521547933157432 0.057547169811320756
0 0.1948109058927001 0.6672169811320755 0.10290237467018469 0.06556603773584906
0 0.15435356200527706 0.8172169811320755 0.1996481970096746 0.06556603773584906
0 0.3095866314863676 0.8252358490566037 0.11081794195250659 0.05707547169811321
0 0.6613896218117854 0.7655660377358491 0.08970976253298153 0.06037735849056604
0 0.627528583992964 0.6617924528301887 0.14335971855760773 0.05566037735849057
0 0.6244503078276166 0.6087264150943397 0.14599824098504838 0.05707547169811321
0 0.6081794195250659 0.5547169811320755 0.13808267370272648 0.057547169811320756
0 0.6055408970976254 0.5063679245283019 0.14511873350923482 0.051415094339622644
0 0.7717678100263852 0.5478773584905661 0.1838170624450308 0.049528301886792456
0 0.7453825857519789 0.6040094339622641 0.0853122251539138 0.06367924528301887
0 0.7427440633245382 0.6625 0.08355321020228672 0.05707547169811321
0 0.7405452946350044 0.7627358490566037 0.06860158311345646 0.057547169811320756
0 0.5584872471416007 0.7714622641509434 0.11081794195250659 0.05518867924528302
0 0.8135444151275286 0.7584905660377359 0.08619173262972735 0.05377358490566038
0 0.6081794195250659 0.8224056603773585 0.19261213720316622 0.0580188679245283
0 0.7594547053649956 0.8183962264150944 0.11345646437994723 0.062264150943396226
0 0.1345646437994723 0.7360849056603773 0.20932277924362358 0.06462264150943396
0 0.3623570800351803 0.7287735849056604 0.18293755496921724 0.057547169811320756
0 0.07519788918205805 0.3106132075471698 0.11521547933157432 0.056132075471698115
0 0.1996481970096746 0.2964622641509434 0.16182937554969218 0.07028301886792453
0 0.43799472295514513 0.29221698113207545 0.22515391380826738 0.06650943396226415
0 0.6081794195250659 0.28443396226415096 0.11873350923482849 0.06509433962264151
0 0.7458223394898856 0.2839622641509434 0.158311345646438 0.06037735849056604
0 0.9063324538258575 0.2816037735849057 0.16974494283201408 0.057547169811320756
0 0.43579595426561124 0.825 0.14160070360598065 0.07075471698113207
0 0.5756376429199648 0.39811320754716983 0.1345646437994723 0.07169811320754717
0 0.6789797713280563 0.2278301886792453 0.07387862796833773 0.04433962264150943
0 0.8021108179419525 0.22995283018867924 0.1248900615655233 0.05047169811320755
0 0.4520668425681618 0.18867924528301888 0.24626209322779244 0.06132075471698113
0 0.07255936675461741 0.2115566037735849 0.0870712401055409 0.049528301886792456
0 0.6376429199648197 0.06721698113207547 0.20932277924362358 0.056132075471698115
0 0.6481970096745823 0.17971698113207546 0.14951627088830255 0.05660377358490566
0 0.08751099384344767 0.6695754716981132 0.11169744942832015 0.0589622641509434
0 0.3482849604221636 0.6150943396226415 0.1284080914687775 0.05
0 0.08311345646437995 0.6162735849056604 0.09762532981530343 0.05235849056603774
0 0.17502198768689534 0.5636792452830188 0.09498680738786279 0.05188679245283019
0 0.08267370272647317 0.5620283018867924 0.08970976253298153 0.05330188679245283
0 0.08795074758135445 0.5141509433962265 0.10026385224274406 0.052830188679245285
0 0.0919085312225154 0.46391509433962264 0.09586631486367635 0.046698113207547166
0 0.09674582233948989 0.4115566037735849 0.10554089709762533 0.05990566037735849
0 0.2102022867194371 0.1945754716981132 0.18469656992084432 0.05990566037735849
0 0.46701846965699206 0.13183962264150945 0.16710642040457344 0.06556603773584906
0 0.6143359718557607 0.017924528301886792 0.12049252418645559 0.035849056603773584
0 0.4951627088830255 0.7224056603773585 0.08970976253298153 0.06556603773584906
0 0.6222515391380826 0.716745283018868 0.17150395778364116 0.054245283018867926
0 0.7642919964819701 0.7106132075471698 0.11609498680738786 0.04858490566037736
0 0.8944591029023746 0.7075471698113207 0.1547933157431838 0.05188679245283019
0 0.5760773966578716 0.44858490566037734 0.10729991204925242 0.05377358490566038
0 0.772207563764292 0.452122641509434 0.2884784520668426 0.060849056603773585
0 0.8438874230430958 0.6549528301886792 0.11345646437994723 0.056132075471698115
0 0.8223394898856641 0.5936320754716982 0.06684256816182937 0.04858490566037736
0 0.7664907651715039 0.3936320754716981 0.1011433597185576 0.0580188679245283
0 0.8874230430958663 0.3856132075471698 0.11961301671064203 0.06556603773584906
0 0.9151275285839929 0.7584905660377359 0.12225153913808268 0.05188679245283019
0 0.3992963940193492 0.23985849056603772 0.09146877748460862 0.04575471698113207
0 0.5149516270888302 0.23632075471698114 0.14511873350923482 0.052830188679245285
0 0.793315743183817 0.17688679245283018 0.13896218117854 0.05377358490566038
0 0.9226033421284081 0.17995283018867925 0.12313104661389622 0.049528301886792456
0 0.8117854001759015 0.023349056603773583 0.10202286719437115 0.04009433962264151
0 0.7823218997361477 0.06391509433962264 0.08003518029903255 0.0589622641509434
0 0.8790677220756377 0.06839622641509434 0.11345646437994723 0.05
0 0.6578715919085312 0.12358490566037736 0.09498680738786279 0.05849056603773585
0 0.7440633245382586 0.12358490566037736 0.08619173262972735 0.05471698113207547
0 0.8390501319261213 0.12382075471698113 0.10729991204925242 0.060849056603773585
0 0.9375549692172384 0.12452830188679245 0.08970976253298153 0.05660377358490566
0 0.5782761653474054 0.125 0.06948109058927 0.052830188679245285
0 0.8927000879507476 0.5469339622641509 0.0773966578715919 0.049528301886792456
0 0.9630606860158312 0.5476415094339623 0.06860158311345646 0.05188679245283019
0 0.8883025505716798 0.6 0.08091468777484609 0.05566037735849057
0 0.9586631486367634 0.5988207547169812 0.06508355321020229 0.05330188679245283
0 0.7559366754617414 0.49268867924528303 0.0853122251539138 0.056132075471698115
0 0.872471416007036 0.49363207547169813 0.15127528583992964 0.05990566037735849
0 0.9177660510114336 0.22358490566037736 0.08355321020228672 0.0509433962264151
0 0.9705364995602462 0.2268867924528302 0.044854881266490766 0.05377358490566038
0 0.32629727352682497 0.4080188679245283 0.1248900615655233 0.06415094339622641
0 0.3368513632365875 0.41674528301886793 0.05980650835532102 0.04009433962264151
