0 0.43843843843843844 0.10633484162895927 0.25625625625625625 0.134841628959276
0 0.46996996996997 0.2864253393665158 0.21121121121121122 0.16380090497737557
0 0.6326326326326326 0.29638009049773756 0.12212212212212212 0.1583710407239819
0 0.2952952952952953 0.2746606334841629 0.13413413413413414 0.1493212669683258
0 0.16466466466466467 0.27601809954751133 0.13913913913913914 0.18099547511312217
0 0.6466466466466466 0.12941176470588237 0.16016016016016016 0.1502262443438914
0 0.7967967967967968 0.13846153846153847 0.15615615615615616 0.1429864253393665
0 0.7752752752752753 0.302262443438914 0.18118118118118118 0.1429864253393665
0 0.12562562562562563 0.446606334841629 0.14914914914914915 0.16380090497737557
0 0.3783783783783784 0.4479638009049774 0.3303303303303303 0.17918552036199095
0 0.6841841841841841 0.4751131221719457 0.3013013013013013 0.1755656108597285
0 0.8848848848848849 0.49321266968325794 0.11011011011011011 0.1502262443438914
0 0.12412412412412413 0.7176470588235294 0.16016016016016016 0.13574660633484162
0 0.3813813813813814 0.7316742081447963 0.33633633633633636 0.11855203619909502
0 0.6681681681681682 0.7760180995475113 0.26126126126126126 0.17104072398190046
0 0.8808808808808809 0.8158371040723982 0.2022022022022022 0.12217194570135746
0 0.1991991991991992 0.855656108597285 0.3103103103103103 0.12941176470588237
0 0.4724724724724725 0.8823529411764706 0.24824824824824826 0.1520361990950226
0 0.6786786786786787 0.9108597285067873 0.2182182182182182 0.13665158371040723
0 0.8643643643643644 0.9226244343891403 0.14714714714714713 0.12217194570135746
0 0.2982982982982983 0.611764705882353 0.34434434434434436 0.14479638009049775
0 0.6196196196196196 0.6452488687782806 0.32432432432432434 0.17737556561085974
0 0.8738738738738738 0.6547511312217195 0.1961961961961962 0.14751131221719457
0 0.12562562562562563 0.12217194570135746 0.1031031031031031 0.10316742081447963
0 0.24624624624624625 0.12714932126696832 0.13213213213213212 0.10407239819004525
0 0.8758758758758759 0.3009049773755656 0.03403403403403404 0.12217194570135746
0 0.9364364364364365 0.2809954751131222 0.0890890890890891 0.16199095022624435
0 0.964964964964965 0.4800904977375566 0.03403403403403404 0.14389140271493212
0 0.12462462462462462 0.1434389140271493 0.08708708708708708 0.11131221719457013
0 0.25875875875875876 0.12352941176470589 0.06906906906906907 0.08597285067873303
0 0.23873873873873874 0.13167420814479638 0.0970970970970971 0.028054298642533938
0 0.4389389389389389 0.16018099547511314 0.13113113113113112 0.019909502262443438
0 0.4469469469469469 0.11131221719457013 0.15515515515515516 0.02895927601809955
0 0.46096096096096095 0.08733031674208144 0.14514514514514515 0.02081447963800905
0 0.35285285285285284 0.11131221719457013 0.025025025025025027 0.03800904977375565
0 0.3633633633633634 0.07330316742081448 0.05205205205205205 0.05067873303167421
0 0.3588588588588589 0.14705882352941177 0.1031031031031031 0.0334841628959276
0 0.4004004004004004 0.08552036199095023 0.03203203203203203 0.046153846153846156
0 0.42242242242242245 0.09366515837104072 0.03003003003003003 0.05339366515837104
0 0.4394394394394394 0.09004524886877828 0.022022022022022022 0.05520361990950226
0 0.4744744744744745 0.08597285067873303 0.03003003003003003 0.05429864253393665
0 0.45245245245245247 0.09366515837104072 0.022022022022022022 0.0660633484162896
0 0.5495495495495496 0.1158371040723982 0.08608608608608609 0.11764705882352941
0 0.6906906906906907 0.17013574660633485 0.06006006006006006 0.09230769230769231
0 0.6721721721721722 0.08461538461538462 0.04104104104104104 0.06244343891402715
0 0.6301301301301301 0.06561085972850679 0.04904904904904905 0.037104072398190045
0 0.6001001001001001 0.09411764705882353 0.03903903903903904 0.06334841628959276
0 0.5970970970970971 0.17194570135746606 0.08108108108108109 0.04524886877828054
0 0.7647647647647647 0.08959276018099548 0.062062062062062065 0.06877828054298643
0 0.7427427427427428 0.1425339366515837 0.056056056056056056 0.05701357466063348
0 0.8158158158158159 0.151131221719457 0.03803803803803804 0.1502262443438914
0 0.8403403403403403 0.1321266968325792 0.02902902902902903 0.11040723981900452
0 0.1896896896896897 0.22850678733031674 0.06706706706706707 0.09140271493212669
0 0.1816816816816817 0.32986425339366515 0.07507507507507508 0.09321266968325792
0 0.11161161161161161 0.3027149321266968 0.05105105105105105 0.07692307692307693
0 0.12812812812812813 0.23846153846153847 0.04004004004004004 0.051583710407239816
0 0.15465465465465467 0.2524886877828054 0.023023023023023025 0.04524886877828054
0 0.1806806806806807 0.26018099547511314 0.023023023023023025 0.04253393665158371
0 0.16816816816816818 0.2841628959276018 0.056056056056056056 0.025339366515837104
0 0.2682682682682683 0.24524886877828053 0.026026026026026026 0.07420814479638009
0 0.30430430430430433 0.21266968325791855 0.06006006006006006 0.047058823529411764
0 0.3408408408408408 0.27194570135746604 0.05105105105105105 0.14389140271493212
0 0.30930930930930933 0.24479638009049773 0.04604604604604605 0.02262443438914027
0 0.30680680680680683 0.26289592760180996 0.04904904904904905 0.017194570135746608
0 0.2977977977977978 0.27873303167420815 0.04504504504504504 0.01809954751131222
0 0.2937937937937938 0.2981900452488688 0.04904904904904905 0.026244343891402715
0 0.5075075075075075 0.2904977375565611 0.04604604604604605 0.06153846153846154
0 0.5425425425425425 0.3208144796380091 0.05205205205205205 0.07149321266968325
0 0.5420420420420421 0.29321266968325793 0.04104104104104104 0.034389140271493215
0 0.5475475475475475 0.25565610859728505 0.044044044044044044 0.06244343891402715
0 0.5585585585585585 0.22805429864253393 0.07007007007007007 0.06515837104072399
0 0.512012012012012 0.265158371040724 0.057057057057057055 0.03619909502262444
0 0.43343343343343343 0.27330316742081445 0.04004004004004004 0.11764705882352941
0 0.42342342342342343 0.26244343891402716 0.1001001001001001 0.048868778280542986
0 0.5920920920920921 0.3239819004524887 0.031031031031031032 0.0832579185520362
0 0.6386386386386387 0.3239819004524887 0.03203203203203203 0.07782805429864253
0 0.6086086086086087 0.2493212669683258 0.03203203203203203 0.05701357466063348
0 0.6421421421421422 0.2524886877828054 0.02902902902902903 0.05067873303167421
0 0.6746746746746747 0.25972850678733034 0.028028028028028028 0.06153846153846154
0 0.8003003003003003 0.29457013574660634 0.12712712712712712 0.026244343891402715
0 0.7742742742742743 0.25972850678733034 0.13313313313313313 0.03800904977375565
0 0.7372372372372372 0.27963800904977376 0.025025025025025027 0.06515837104072399
0 0.7542542542542543 0.25610859728506785 0.023023023023023025 0.05429864253393665
0 0.7717717717717718 0.2524886877828054 0.03003003003003003 0.04524886877828054
0 0.7892892892892893 0.26380090497737557 0.02702702702702703 0.06063348416289593
0 0.8108108108108109 0.24479638009049773 0.024024024024024024 0.03529411764705882
0 0.8418418418418419 0.3190045248868778 0.05005005005005005 0.16018099547511314
0 0.7642642642642643 0.3330316742081448 0.17317317317317318 0.05067873303167421
0 0.8743743743743744 0.3004524886877828 0.025025025025025027 0.11221719457013575
0 0.9354354354354354 0.318552036199095 0.08108108108108109 0.03257918552036199
0 0.9519519519519519 0.2819004524886878 0.05005005005005005 0.02262443438914027
0 0.9049049049049049 0.2642533936651584 0.018018018018018018 0.05067873303167421
0 0.9459459459459459 0.23800904977375564 0.05805805805805806 0.03257918552036199
0 0.9674674674674675 0.23031674208144795 0.013013013013013013 0.05701357466063348
0 0.9519519519519519 0.22850678733031674 0.02002002002002002 0.05339366515837104
0 0.1086086086086086 0.467420814479638 0.09109109109109109 0.04072398190045249
0 0.08608608608608609 0.434841628959276 0.028028028028028028 0.04253393665158371
0 0.11261261261261261 0.4452488687782805 0.01701701701701702 0.034389140271493215
0 0.11211211211211211 0.4271493212669683 0.09009009009009009 0.039819004524886875
0 0.12912912912912913 0.3950226244343891 0.08208208208208208 0.04072398190045249
0 0.17017017017017017 0.4764705882352941 0.044044044044044044 0.08235294117647059
0 0.18618618618618618 0.4072398190045249 0.03803803803803804 0.06515837104072399
0 0.52002002002002 0.46108597285067876 0.07107107107107107 0.14027149321266968
0 0.4189189189189189 0.4457013574660634 0.1031031031031031 0.03529411764705882
0 0.4339339339339339 0.4076923076923077 0.09309309309309309 0.046153846153846156
0 0.35435435435435436 0.4665158371040724 0.06806806806806807 0.08778280542986425
0 0.35235235235235235 0.3918552036199095 0.06806806806806807 0.0669683257918552
0 0.31931931931931934 0.42262443438914027 0.03803803803803804 0.05429864253393665
0 0.2907907907907908 0.4271493212669683 0.035035035035035036 0.0579185520361991
0 0.2802802802802803 0.3746606334841629 0.05805805805805806 0.02895927601809955
0 0.2722722722722723 0.3927601809954751 0.05005005005005005 0.01809954751131222
0 0.26326326326326327 0.40542986425339367 0.03803803803803804 0.019909502262443438
0 0.26126126126126126 0.4276018099547511 0.05205205205205205 0.02986425339366516
0 0.2652652652652653 0.45248868778280543 0.07007007007007007 0.039819004524886875
0 0.6806806806806807 0.4244343891402715 0.07207207207207207 0.0832579185520362
0 0.6596596596596597 0.502262443438914 0.044044044044044044 0.06153846153846154
0 0.6351351351351351 0.47918552036199097 0.035035035035035036 0.05339366515837104
0 0.6076076076076076 0.47058823529411764 0.04604604604604605 0.0416289592760181
0 0.8218218218218218 0.47330316742081446 0.028028028028028028 0.09592760180995476
0 0.7432432432432432 0.45701357466063347 0.1111111111111111 0.034389140271493215
0 0.7477477477477478 0.4918552036199095 0.12212212212212212 0.044343891402714934
0 0.5940940940940941 0.41809954751131223 0.06706706706706707 0.03619909502262444
0 0.5855855855855856 0.4475113122171946 0.05805805805805806 0.026244343891402715
0 0.5740740740740741 0.47420814479638007 0.04504504504504504 0.025339366515837104
0 0.575075075075075 0.5 0.04904904904904905 0.03529411764705882
0 0.8943943943943944 0.5194570135746607 0.10710710710710711 0.08506787330316742
0 0.8573573573573574 0.47058823529411764 0.03303303303303303 0.06153846153846154
0 0.8883883883883884 0.47104072398190044 0.025025025025025027 0.04796380090497738
0 0.9024024024024024 0.4579185520361991 0.04504504504504504 0.06334841628959276
0 0.965965965965966 0.5248868778280543 0.028028028028028028 0.023529411764705882
0 0.964964964964965 0.48868778280542985 0.026026026026026026 0.03076923076923077
0 0.965965965965966 0.45203619909502263 0.024024024024024024 0.019004524886877826
0 0.9569569569569569 0.47420814479638007 0.01001001001001001 0.06515837104072399
0 0.9679679679679679 0.4990950226244344 0.014014014014014014 0.026244343891402715
0 0.18768768768768768 0.5850678733031675 0.1091091091091091 0.0334841628959276
0 0.46546546546546547 0.6212669683257919 0.036036036036036036 0.12036199095022625
0 0.43843843843843844 0.632579185520362 0.0920920920920921 0.034389140271493215
0 0.4344344344344344 0.606787330316742 0.056056056056056056 0.02081447963800905
0 0.4389389389389389 0.581447963800905 0.04704704704704705 0.02262443438914027
0 0.44044044044044045 0.5588235294117647 0.05005005005005005 0.04072398190045249
0 0.36786786786786785 0.5841628959276018 0.08108108108108109 0.08235294117647059
0 0.3433433433433433 0.5864253393665159 0.06606606606606606 0.07239819004524888
0 0.3133133133133133 0.5832579185520362 0.04804804804804805 0.051583710407239816
0 0.29179179179179177 0.5936651583710407 0.05305305305305305 0.06153846153846154
0 0.2702702702702703 0.6009049773755656 0.06606606606606606 0.06877828054298643
0 0.2937937937937938 0.5981900452488688 0.09109109109109109 0.06153846153846154
0 0.32732732732732733 0.6226244343891403 0.08408408408408409 0.06334841628959276
0 0.5055055055055055 0.616289592760181 0.0940940940940941 0.03257918552036199
0 0.4944944944944945 0.6266968325791855 0.03003003003003003 0.09502262443438914
0 0.6016016016016016 0.6321266968325792 0.08408408408408409 0.051583710407239816
0 0.6631631631631631 0.651131221719457 0.12912912912912913 0.08416289592760182
0 0.5840840840840841 0.6312217194570136 0.06506506506506507 0.06787330316742081
0 0.5990990990990991 0.6253393665158371 0.06706706706706707 0.07239819004524888
0 0.6226226226226226 0.6190045248868778 0.06006006006006006 0.06515837104072399
0 0.6436436436436437 0.6108597285067874 0.06006006006006006 0.06334841628959276
0 0.6721721721721722 0.614027149321267 0.07907907907907907 0.0751131221719457
0 0.7807807807807807 0.6375565610859728 0.04004004004004004 0.051583710407239816
0 0.7512512512512513 0.634841628959276 0.037037037037037035 0.017194570135746608
0 0.7532532532532532 0.6212669683257919 0.04104104104104104 0.02081447963800905
0 0.7567567567567568 0.6529411764705882 0.05005005005005005 0.02081447963800905
0 0.7682682682682682 0.5941176470588235 0.06906906906906907 0.03891402714932127
0 0.7642642642642643 0.6692307692307692 0.0890890890890891 0.028054298642533938
0 0.8133133133133134 0.6447963800904978 0.035035035035035036 0.046153846153846156
0 0.8373373373373373 0.6108597285067874 0.037037037037037035 0.048868778280542986
0 0.8423423423423423 0.6846153846153846 0.057057057057057055 0.06425339366515836
0 0.9019019019019019 0.6298642533936651 0.11211211211211211 0.027149321266968326
0 0.9074074074074074 0.6710407239819004 0.0970970970970971 0.019004524886877826
0 0.15915915915915915 0.6800904977375566 0.0920920920920921 0.0751131221719457
0 0.0915915915915916 0.6846153846153846 0.07507507507507508 0.0660633484162896
0 0.09259259259259259 0.7343891402714933 0.08508508508508508 0.0751131221719457
0 0.15815815815815815 0.7321266968325791 0.11211211211211211 0.019909502262443438
0 0.16566566566566568 0.716289592760181 0.11311311311311312 0.02081447963800905
0 0.16916916916916916 0.702262443438914 0.1001001001001001 0.02171945701357466
0 0.17167167167167166 0.6900452488687783 0.0990990990990991 0.02986425339366516
0 0.16066066066066065 0.7244343891402715 0.07507507507507508 0.1167420814479638
0 0.33683683683683685 0.7352941176470589 0.043043043043043044 0.049773755656108594
0 0.36186186186186187 0.7266968325791855 0.031031031031031032 0.04343891402714932
0 0.4369369369369369 0.7656108597285067 0.037037037037037035 0.0579185520361991
0 0.4114114114114114 0.7606334841628959 0.028028028028028028 0.04796380090497738
0 0.3928928928928929 0.7665158371040725 0.031031031031031032 0.056108597285067875
0 0.37037037037037035 0.7701357466063349 0.03003003003003003 0.06153846153846154
0 0.3173173173173173 0.7180995475113122 0.042042042042042045 0.0660633484162896
0 0.24324324324324326 0.7583710407239819 0.05405405405405406 0.02171945701357466
0 0.25725725725725723 0.7434389140271493 0.06806806806806807 0.02262443438914027
0 0.2602602602602603 0.7307692307692307 0.06406406406406406 0.02081447963800905
0 0.26426426426426425 0.7180995475113122 0.06406406406406406 0.019004524886877826
0 0.2677677677677678 0.6895927601809955 0.06106106106106106 0.034389140271493215
0 0.26476476476476474 0.7072398190045249 0.06706706706706707 0.026244343891402715
0 0.4144144144144144 0.7619909502262443 0.31431431431431434 0.048868778280542986
0 0.4794794794794795 0.7312217194570135 0.16216216216216217 0.10135746606334842
0 0.7272272272272272 0.8280542986425339 0.09509509509509509 0.0760180995475113
0 0.6626626626626627 0.8009049773755657 0.056056056056056056 0.06515837104072399
0 0.6771771771771772 0.7914027149321267 0.02702702702702703 0.03167420814479638
0 0.6956956956956957 0.7846153846153846 0.026026026026026026 0.02895927601809955
0 0.6946946946946947 0.7579185520361991 0.028028028028028028 0.02986425339366516
0 0.6726726726726727 0.7565610859728507 0.03403403403403404 0.03800904977375565
0 0.6461461461461462 0.7542986425339366 0.05305305305305305 0.03529411764705882
0 0.6456456456456456 0.790497737556561 0.062062062062062065 0.03529411764705882
0 0.5730730730730731 0.8049773755656109 0.08708708708708708 0.044343891402714934
0 0.5845845845845846 0.7796380090497738 0.062062062062062065 0.02986425339366516
0 0.5920920920920921 0.7705882352941177 0.055055055055055056 0.024434389140271493
0 0.5945945945945946 0.7561085972850679 0.05405405405405406 0.024434389140271493
0 0.6121121121121121 0.7217194570135747 0.08308308308308308 0.051583710407239816
0 0.7792792792792793 0.7923076923076923 0.06706706706706707 0.11312217194570136
0 0.8663663663663663 0.7972850678733032 0.14114114114114115 0.0416289592760181
0 0.8288288288288288 0.8036199095022625 0.036036036036036036 0.0760180995475113
0 0.8548548548548549 0.8104072398190045 0.03403403403403404 0.06787330316742081
0 0.9214214214214215 0.8393665158371041 0.03303303303303303 0.04072398190045249
0 0.943943943943944 0.8452488687782805 0.022022022022022022 0.02895927601809955
0 0.9524524524524525 0.8425339366515837 0.015015015015015015 0.025339366515837104
0 0.9669669669669669 0.8506787330316742 0.024024024024024024 0.03800904977375565
0 0.968968968968969 0.785972850678733 0.016016016016016016 0.026244343891402715
0 0.9654654654654654 0.7959276018099547 0.023023023023023025 0.037104072398190045
0 0.9579579579579579 0.7981900452488688 0.028028028028028028 0.0416289592760181
0 0.9444444444444444 0.8013574660633485 0.02902902902902903 0.04796380090497738
0 0.9314314314314315 0.7809954751131222 0.04704704704704705 0.04524886877828054
0 0.2882882882882883 0.8900452488687782 0.0960960960960961 0.06244343891402715
0 0.34534534534534533 0.857918552036199 0.056056056056056056 0.10497737556561086
0 0.2032032032032032 0.8796380090497737 0.1041041041041041 0.02895927601809955
0 0.16766766766766766 0.8728506787330317 0.04904904904904905 0.08778280542986425
0 0.11211211211211211 0.8923076923076924 0.08608608608608609 0.0416289592760181
0 0.21921921921921922 0.8203619909502262 0.21021021021021022 0.037104072398190045
0 0.12112112112112113 0.8719457013574661 0.06006006006006006 0.02081447963800905
0 0.12262262262262262 0.8561085972850678 0.055055055055055056 0.01809954751131222
0 0.12462462462462462 0.8429864253393665 0.055055055055055056 0.019004524886877826
0 0.12762762762762764 0.830316742081448 0.04504504504504504 0.02262443438914027
0 0.3868868868868869 0.8624434389140272 0.05105105105105105 0.047058823529411764
0 0.4199199199199199 0.8361990950226245 0.09309309309309309 0.04343891402714932
0 0.3938938938938939 0.8923076923076924 0.07507507507507508 0.03257918552036199
0 0.43793793793793795 0.8805429864253393 0.02902902902902903 0.04343891402714932
0 0.492992992992993 0.9108597285067873 0.13513513513513514 0.05520361990950226
0 0.5055055055055055 0.848868778280543 0.1021021021021021 0.07239819004524888
0 0.5835835835835835 0.883710407239819 0.056056056056056056 0.07330316742081448
0 0.6791791791791791 0.9099547511312217 0.14314314314314314 0.02986425339366516
0 0.6286286286286287 0.9366515837104072 0.11611611611611612 0.03076923076923077
0 0.6366366366366366 0.8769230769230769 0.04604604604604605 0.048868778280542986
0 0.6756756756756757 0.8773755656108597 0.044044044044044044 0.03529411764705882
0 0.7617617617617618 0.9108597285067873 0.04004004004004004 0.08959276018099548
0 0.9039039039039038 0.9266968325791856 0.042042042042042045 0.09230769230769231
0 0.8433433433433434 0.9678733031674208 0.09509509509509509 0.02081447963800905
0 0.8428428428428428 0.9493212669683257 0.07807807807807808 0.027149321266968326
0 0.8393393393393394 0.8886877828054298 0.05105105105105105 0.025339366515837104
0 0.8283283283283284 0.92579185520362 0.037037037037037035 0.023529411764705882
0 0.8298298298298298 0.9049773755656109 0.036036036036036036 0.025339366515837104
