0 0.25406137184115524 0.2662269129287599 0.15252707581227437 0.07968337730870713
0 0.057310469314079425 0.3567282321899736 0.10379061371841156 0.07071240105540898
0 0.09115523465703972 0.2757255936675462 0.1444043321299639 0.06490765171503958
0 0.8235559566787004 0.25804749340369393 0.13628158844765342 0.079155672823219
0 0.5956678700361011 0.7087071240105541 0.16064981949458484 0.08021108179419525
0 0.48375451263537905 0.6379947229551451 0.12274368231046931 0.07282321899736148
0 0.36732851985559567 0.641424802110818 0.10108303249097472 0.07229551451187335
0 0.07175090252707582 0.6509234828496042 0.11462093862815885 0.04696569920844327
0 0.45216606498194944 0.8408970976253298 0.10469314079422383 0.0733509234828496
0 0.5640794223826715 0.8358839050131927 0.10830324909747292 0.0654353562005277
0 0.39034296028880866 0.91688654353562 0.10198555956678701 0.057519788918205805
0 0.18456678700361012 0.8456464379947229 0.13086642599277978 0.0733509234828496
0 0.8659747292418772 0.9002638522427441 0.12545126353790614 0.079155672823219
0 0.5324909747292419 0.26094986807387865 0.17870036101083034 0.07757255936675461
0 0.6895306859205776 0.25936675461741426 0.1263537906137184 0.07757255936675461
0 0.9476534296028881 0.25277044854881264 0.09386281588447654 0.06965699208443271
0 0.07942238267148015 0.1920844327176781 0.1263537906137184 0.06015831134564644
0 0.43637184115523464 0.18522427440633246 0.22111913357400723 0.062269129287598944
0 0.907942238267148 0.10606860158311346 0.11191335740072202 0.07176781002638523
0 0.7414259927797834 0.04063324538258575 0.15974729241877256 0.06437994722955145
0 0.8921480144404332 0.03825857519788918 0.13267148014440433 0.06807387862796833
0 0.3713898916967509 0.345910290237467 0.07129963898916968 0.05963060686015831
0 0.2319494584837545 0.4179419525065963 0.23104693140794225 0.07387862796833773
0 0.4268953068592058 0.416622691292876 0.12815884476534295 0.06807387862796833
0 0.625 0.4134564643799472 0.25902527075812276 0.07757255936675461
0 0.8429602888086642 0.4134564643799472 0.18050541516245489 0.07229551451187335
0 0.9625451263537906 0.41213720316622693 0.06227436823104693 0.06965699208443271
0 0.2319494584837545 0.6422163588390501 0.15703971119133575 0.08865435356200528
0 0.7617328519855595 0.6992084432717678 0.17689530685920576 0.06965699208443271
0 0.7504512635379061 0.6308707124010554 0.1651624548736462 0.06912928759894459
0 0.924187725631769 0.6300791556728232 0.1299638989169675 0.07071240105540898
0 0.6308664259927798 0.49234828496042216 0.11191335740072202 0.05593667546174143
0 0.8867328519855595 0.5543535620052771 0.16696750902527077 0.07651715039577836
0 0.47157039711191334 0.3411609498680739 0.1055956678700361 0.06912928759894459
0 0.5893501805054152 0.34063324538258577 0.12093862815884476 0.07018469656992084
0 0.32716606498194944 0.8453825857519789 0.14711191335740073 0.09498680738786279
0 0.8009927797833934 0.829023746701847 0.157942238267148 0.0633245382585752
0 0.5798736462093863 0.11477572559366754 0.1272563176895307 0.08073878627968338
0 0.058664259927797835 0.8411609498680739 0.1371841155234657 0.08548812664907651
0 0.6732851985559567 0.8976253298153034 0.2003610108303249 0.06754617414248021
0 0.6060469314079422 0.04248021108179419 0.11462093862815885 0.06068601583113457
0 0.8497292418772563 0.18047493403693932 0.2915162454873646 0.07387862796833773
0 0.3862815884476534 0.26094986807387865 0.1263537906137184 0.08496042216358839
0 0.22202166064981949 0.34564643799472294 0.22743682310469315 0.07071240105540898
0 0.11868231046931407 0.5058047493403693 0.22472924187725632 0.07229551451187335
0 0.33303249097472926 0.49920844327176783 0.22382671480144403 0.07493403693931398
0 0.5103790613718412 0.495778364116095 0.13447653429602888 0.07546174142480211
0 0.746841155234657 0.48970976253298154 0.1164259927797834 0.06965699208443271
0 0.8740974729241877 0.487335092348285 0.14169675090252706 0.06490765171503958
0 0.694043321299639 0.5546174142480211 0.1299638989169675 0.06965699208443271
0 0.6060469314079422 0.6340369393139842 0.13808664259927797 0.07440633245382586
0 0.9287003610108303 0.8337730870712401 0.10649819494584838 0.06437994722955145
0 0.9381768953068592 0.7052770448548813 0.11281588447653429 0.0870712401055409
0 0.5040613718411552 0.9097625329815303 0.13267148014440433 0.06754617414248021
0 0.6687725631768953 0.829023746701847 0.11732851985559567 0.06015831134564644
0 0.09566787003610108 0.974934036939314 0.08844765342960288 0.0395778364116095
0 0.1759927797833935 0.9762532981530343 0.0631768953068592 0.03799472295514512
0 0.27120938628158847 0.9730870712401055 0.13267148014440433 0.04327176781002638
0 0.3822202166064982 0.9725593667546174 0.08393501805054152 0.04538258575197889
0 0.4598375451263538 0.9722955145118733 0.08212996389891697 0.05013192612137203
0 0.5555054151624549 0.9643799472295514 0.1055956678700361 0.05013192612137203
0 0.6692238267148014 0.9609498680738786 0.11823104693140794 0.05488126649076517
0 0.8416064981949458 0.9588390501319262 0.21209386281588447 0.050659630606860157
