0 0.5113636363636364 0.30707196029776673 0.3355614973262032 0.25682382133995035
0 0.5040106951871658 0.5539702233250621 0.4037433155080214 0.17245657568238212
0 0.20855614973262032 0.2866004962779156 0.17379679144385027 0.22332506203473945
0 0.1824866310160428 0.5533498759305211 0.20989304812834225 0.19106699751861042
0 0.196524064171123 0.9069478908188585 0.20855614973262032 0.14392059553349876
0 0.410427807486631 0.901985111662531 0.22727272727272727 0.15384615384615385
0 0.7018716577540107 0.9044665012406948 0.393048128342246 0.141439205955335
0 0.8449197860962567 0.5477667493796526 0.28609625668449196 0.2518610421836228
0 0.25735294117647056 0.7475186104218362 0.38636363636363635 0.17990074441687345
0 0.714572192513369 0.7437965260545906 0.5467914438502673 0.1674937965260546
0 0.8155080213903744 0.3002481389578164 0.2967914438502674 0.2531017369727047
