0 0.14453125 0.6703056768558951 0.2109375 0.11441048034934498
0 0.4056919642857143 0.6685589519650655 0.3158482142857143 0.10393013100436681
0 0.09933035714285714 0.4960698689956332 0.14285714285714285 0.11353711790393013
0 0.33314732142857145 0.49170305676855897 0.2935267857142857 0.12925764192139738
0 0.23604910714285715 0.337117903930131 0.11272321428571429 0.14148471615720523
0 0.09151785714285714 0.337117903930131 0.140625 0.14148471615720523
0 0.4213169642857143 0.3183406113537118 0.21763392857142858 0.11441048034934498
0 0.5652901785714286 0.3235807860262009 0.07477678571428571 0.11790393013100436
0 0.6635044642857143 0.33973799126637555 0.12611607142857142 0.14323144104803492
0 0.6534598214285714 0.6589519650655021 0.16852678571428573 0.12314410480349346
0 0.8141741071428571 0.654585152838428 0.15736607142857142 0.11441048034934498
0 0.17466517857142858 0.19825327510917032 0.32700892857142855 0.125764192139738
0 0.8130580357142857 0.062445414847161575 0.21986607142857142 0.09344978165938865
0 0.4955357142857143 0.05895196506550218 0.39732142857142855 0.09344978165938865
0 0.46261160714285715 0.17860262008733624 0.2622767857142857 0.13187772925764193
0 0.6668526785714286 0.17685589519650655 0.1640625 0.13187772925764193
0 0.8370535714285714 0.16550218340611353 0.18973214285714285 0.11965065502183406
0 0.7734375 0.32707423580786027 0.07589285714285714 0.12489082969432315
0 0.8889508928571429 0.3205240174672489 0.12834821428571427 0.14148471615720523
0 0.5150669642857143 0.9419213973799127 0.15290178571428573 0.09694323144104804
0 0.7561383928571429 0.9213973799126638 0.3158482142857143 0.10131004366812227
0 0.33370535714285715 0.9502183406113537 0.19196428571428573 0.08384279475982533
0 0.13392857142857142 0.9554585152838428 0.19419642857142858 0.08384279475982533
0 0.625 0.4820960698689956 0.29464285714285715 0.14847161572052403
0 0.8761160714285714 0.4462882096069869 0.21651785714285715 0.11004366812227075
0 0.8973214285714286 0.5231441048034935 0.16964285714285715 0.1222707423580786
0 0.08537946428571429 0.05633187772925764 0.08816964285714286 0.0794759825327511
