0 0.4276765375854214 0.16390728476821192 0.265375854214123 0.24613686534216336
0 0.6691343963553531 0.1346578366445916 0.22209567198177677 0.18763796909492272
0 0.8604783599088838 0.13520971302428256 0.1788154897494305 0.16225165562913907
0 0.7984054669703873 0.3118101545253863 0.15261958997722094 0.16887417218543047
0 0.15148063781321183 0.4641280353200883 0.2072892938496583 0.19094922737306844
0 0.5341685649202733 0.4586092715231788 0.4646924829157175 0.17108167770419427
0 0.8536446469248291 0.4503311258278146 0.18109339407744876 0.16997792494481237
0 0.5592255125284739 0.6269315673289183 0.25740318906605925 0.19646799116997793
0 0.8604783599088838 0.6252759381898455 0.26993166287015946 0.18874172185430463
0 0.2539863325740319 0.8780353200883002 0.22095671981776766 0.20860927152317882
0 0.5148063781321185 0.8432671081677704 0.2824601366742597 0.17439293598233996
0 0.8046697038724373 0.8184326710816777 0.2972665148063781 0.1997792494481236
0 0.7095671981776766 0.945364238410596 0.27107061503416857 0.09161147902869757
0 0.8843963553530751 0.9288079470198676 0.1082004555808656 0.07836644591611479
