0 0.3445692883895131 0.04310344827586207 0.33707865168539325 0.09571938168846611
0 0.27153558052434457 0.13733650416171225 0.3258426966292135 0.10344827586206896
0 0.28230337078651685 0.23781212841854935 0.3211610486891386 0.1070154577883472
0 0.3267790262172285 0.3385850178359096 0.30711610486891383 0.0980975029726516
0 0.7776217228464419 0.3394768133174792 0.3398876404494382 0.10344827586206896
0 0.5416666666666666 0.4289536266349584 0.3342696629213483 0.10047562425683709
0 0.5444756554307116 0.232461355529132 0.2200374531835206 0.1070154577883472
0 0.39185393258426965 0.5282401902497027 0.32865168539325845 0.0980975029726516
0 0.6596441947565543 0.5214030915576694 0.15823970037453183 0.09155766944114149
0 0.8567415730337079 0.525564803804994 0.23595505617977527 0.089179548156956
0 0.39232209737827717 0.6248513674197385 0.2846441947565543 0.09155766944114149
0 0.3586142322097378 0.8418549346016647 0.3258426966292135 0.09155766944114149
0 0.33941947565543074 0.9348989298454221 0.29868913857677903 0.09453032104637336
0 0.8267790262172284 0.8151010701545779 0.19288389513108614 0.07966706302021404
0 0.5997191011235955 0.6180142687277052 0.10955056179775281 0.08977407847800238
0 0.7186329588014981 0.6203923900118906 0.13202247191011235 0.09215219976218787
0 0.8820224719101124 0.6180142687277052 0.20224719101123595 0.09928656361474435
0 0.3955992509363296 0.7660523186682521 0.17134831460674158 0.06718192627824018
0 0.5735018726591761 0.7601070154577884 0.13951310861423222 0.06956004756242569
0 0.6076779026217228 0.9301426872770512 0.24157303370786518 0.10760998810939358
0 0.6165730337078652 0.8317479191438764 0.1900749063670412 0.09155766944114149
0 0.7181647940074907 0.2342449464922711 0.149812734082397 0.1070154577883472
0 0.87687265917603 0.23513674197384066 0.20131086142322097 0.0980975029726516
0 0.8852996254681648 0.13852556480380498 0.14138576779026218 0.08799048751486326
0 0.8469101123595506 0.7003567181926278 0.30430711610486894 0.08442330558858502
0 0.8497191011235955 0.9158739595719382 0.21254681647940074 0.0980975029726516
0 0.34737827715355807 0.7057074910820452 0.299625468164794 0.07609988109393578
0 0.7434456928838952 0.1340665873959572 0.10674157303370786 0.08620689655172414
0 0.5767790262172284 0.6857907253269917 0.18726591760299627 0.07431629013079667
