0 0.1474036850921273 0.09895833333333333 0.19430485762144054 0.16220238095238096
0 0.6499162479061976 0.08333333333333333 0.19095477386934673 0.13690476190476192
0 0.2269681742043551 0.25669642857142855 0.152428810720268 0.15625
0 0.8693467336683417 0.08407738095238096 0.20435510887772193 0.14434523809523808
0 0.43299832495812396 0.3958333333333333 0.2696817420435511 0.13095238095238096
0 0.09212730318257957 0.7916666666666666 0.1574539363484087 0.13095238095238096
0 0.36180904522613067 0.8035714285714286 0.3316582914572864 0.13988095238095238
0 0.6683417085427136 0.7924107142857143 0.24455611390284757 0.13541666666666666
0 0.0728643216080402 0.6636904761904762 0.1457286432160804 0.13690476190476192
0 0.7311557788944724 0.6495535714285714 0.34003350083752093 0.14136904761904762
0 0.5611390284757118 0.22842261904761904 0.20435510887772193 0.14434523809523808
0 0.7428810720268006 0.22767857142857142 0.1490787269681742 0.13988095238095238
0 0.29731993299832493 0.0900297619047619 0.11222780569514237 0.15327380952380953
0 0.4539363484087102 0.0818452380952381 0.20435510887772193 0.15178571428571427
0 0.09296482412060302 0.26339285714285715 0.152428810720268 0.14285714285714285
0 0.05443886097152429 0.42857142857142855 0.11222780569514237 0.13392857142857142
0 0.2051926298157454 0.4114583333333333 0.18927973199329984 0.16220238095238096
0 0.7085427135678392 0.3854166666666667 0.2948073701842546 0.1488095238095238
0 0.7529313232830821 0.5223214285714286 0.36348408710217756 0.16071428571428573
0 0.8559463986599665 0.7693452380952381 0.10050251256281408 0.14285714285714285
0 0.11725293132328309 0.9151785714285714 0.1708542713567839 0.11607142857142858
0 0.32914572864321606 0.9315476190476191 0.23953098827470687 0.12797619047619047
0 0.5536013400335008 0.9285714285714286 0.22948073701842547 0.12797619047619047
0 0.7219430485762144 0.9226190476190477 0.1373534338358459 0.10416666666666667
0 0.8458961474036851 0.9092261904761905 0.10720268006700168 0.1130952380952381
0 0.37185929648241206 0.24032738095238096 0.16415410385259632 0.15327380952380953
0 0.9003350083752094 0.2269345238095238 0.12562814070351758 0.13839285714285715
