0 0.030776515151515152 0.31493839835728954 0.061553030303030304 0.06930184804928131
0 0.07196969696969698 0.3765400410677618 0.13446969696969696 0.059034907597535935
0 0.20359848484848486 0.3665297741273101 0.13257575757575757 0.060574948665297744
0 0.3541666666666667 0.35857289527720737 0.16856060606060605 0.06519507186858316
0 0.5241477272727273 0.351129363449692 0.16571969696969696 0.061601642710472276
0 0.6453598484848485 0.3459958932238193 0.08049242424242424 0.058521560574948665
0 0.7585227272727273 0.3421457905544148 0.1571969696969697 0.059034907597535935
0 0.8901515151515151 0.3336755646817248 0.13068181818181818 0.057494866529774126
0 0.0634469696969697 0.6283367556468172 0.10606060606060606 0.048254620123203286
0 0.17660984848484848 0.6226899383983573 0.11837121212121213 0.053388090349075976
0 0.29829545454545453 0.6157597535934292 0.1268939393939394 0.056981519507186856
0 0.13920454545454544 0.8601129363449692 0.23863636363636365 0.062114989733059546
0 0.37357954545454547 0.853952772073922 0.13541666666666666 0.06314168377823409
0 0.537405303030303 0.8472792607802875 0.14867424242424243 0.06724845995893224
0 0.7774621212121212 0.8362422997946611 0.19696969696969696 0.07186858316221766
0 0.1377840909090909 0.9188911704312115 0.23200757575757575 0.057494866529774126
0 0.7637310606060606 0.9024640657084189 0.061553030303030304 0.0646817248459959
0 0.5795454545454546 0.601129363449692 0.07954545454545454 0.060574948665297744
0 0.3953598484848485 0.6121663244353183 0.06912878787878787 0.05595482546201232
0 0.4862689393939394 0.6083162217659137 0.11079545454545454 0.059548254620123205
0 0.853219696969697 0.5916324435318275 0.06060606060606061 0.0662217659137577
0 0.7803030303030303 0.6514373716632443 0.16287878787878787 0.058521560574948665
0 0.9204545454545454 0.6424537987679672 0.07954545454545454 0.06519507186858316
0 0.5146780303030303 0.785164271047228 0.13731060606060605 0.06314168377823409
0 0.7452651515151515 0.7756673511293635 0.25946969696969696 0.06878850102669405
0 0.2978219696969697 0.7867043121149897 0.08428030303030302 0.033367556468172486
0 0.3399621212121212 0.7944045174537988 0.20833333333333334 0.06827515400410678
0 0.043087121212121215 0.8072381930184805 0.0634469696969697 0.052874743326488706
0 0.1387310606060606 0.8046714579055442 0.13162878787878787 0.056981519507186856
0 0.6837121212121212 0.2731006160164271 0.16287878787878787 0.0646817248459959
