0 0.252014652014652 0.1680484693877551 0.18461538461538463 0.10395408163265306
0 0.5380952380952381 0.15848214285714285 0.19706959706959706 0.11415816326530612
0 0.8549450549450549 0.15146683673469388 0.22857142857142856 0.11288265306122448
0 0.8476190476190476 0.056760204081632654 0.17875457875457876 0.08418367346938775
0 0.5597069597069597 0.058673469387755105 0.1641025641025641 0.09056122448979592
0 0.36153846153846153 0.05994897959183673 0.15604395604395604 0.09821428571428571
0 0.22417582417582418 0.27933673469387754 0.14945054945054945 0.09311224489795919
0 0.5025641025641026 0.26339285714285715 0.14358974358974358 0.09821428571428571
0 0.8750915750915751 0.25669642857142855 0.23809523809523808 0.1090561224489796
0 0.11501831501831501 0.7110969387755102 0.07032967032967033 0.07908163265306123
0 0.21208791208791208 0.7130102040816326 0.11208791208791209 0.11224489795918367
0 0.8743589743589744 0.6345663265306123 0.21904761904761905 0.11607142857142858
0 0.5249084249084249 0.36862244897959184 0.19706959706959706 0.12755102040816327
0 0.7377289377289378 0.36033163265306123 0.20805860805860807 0.11989795918367346
0 0.7487179487179487 0.47098214285714285 0.1772893772893773 0.11415816326530612
0 0.9091575091575091 0.36001275510204084 0.14945054945054945 0.10778061224489796
0 0.8967032967032967 0.4575892857142857 0.13186813186813187 0.09885204081632654
0 0.8901098901098901 0.5373086734693877 0.1509157509157509 0.08737244897959184
0 0.6615384615384615 0.560905612244898 0.30622710622710625 0.11033163265306123
0 0.8637362637362638 0.8182397959183674 0.20073260073260074 0.11096938775510204
0 0.8710622710622711 0.9167729591836735 0.21245421245421245 0.10778061224489796
0 0.8714285714285714 0.720344387755102 0.23663003663003662 0.10395408163265306
