0 0.14342948717948717 0.10891812865497076 0.1971153846153846 0.12134502923976608
0 0.3838141025641026 0.10453216374269006 0.2387820512820513 0.15058479532163743
0 0.6073717948717948 0.10526315789473684 0.1794871794871795 0.1608187134502924
0 0.7572115384615384 0.3084795321637427 0.16826923076923078 0.14327485380116958
0 0.31810897435897434 0.3216374269005848 0.14583333333333334 0.11695906432748537
0 0.12740384615384615 0.33771929824561403 0.21955128205128205 0.15204678362573099
0 0.09695512820512821 0.5328947368421053 0.15544871794871795 0.19444444444444445
0 0.8108974358974359 0.12280701754385964 0.21794871794871795 0.16374269005847952
0 0.500801282051282 0.3201754385964912 0.23237179487179488 0.15497076023391812
0 0.2988782051282051 0.5241228070175439 0.2483974358974359 0.20614035087719298
0 0.4983974358974359 0.49780701754385964 0.1794871794871795 0.19736842105263158
0 0.6442307692307693 0.3055555555555556 0.09615384615384616 0.16666666666666666
0 0.15064102564102563 0.7404970760233918 0.266025641025641 0.16228070175438597
0 0.43028846153846156 0.7404970760233918 0.32211538461538464 0.1652046783625731
0 0.7716346153846154 0.7587719298245614 0.3926282051282051 0.20760233918128654
0 0.7612179487179487 0.4861111111111111 0.3525641025641026 0.19444444444444445
0 0.9391025641025641 0.3296783625730994 0.11538461538461539 0.13596491228070176
0 0.9567307692307693 0.5109649122807017 0.08974358974358974 0.1652046783625731
0 0.9463141025641025 0.13450292397660818 0.07852564102564102 0.1783625730994152
