0 0.3337091319052988 0.100418410041841 0.22998872604284104 0.12217573221757322
0 0.3275084554678692 0.6502092050209205 0.19052987598647125 0.10543933054393305
0 0.12514092446448705 0.10292887029288703 0.1488162344983089 0.11046025104602511
0 0.2762119503945885 0.8694560669456067 0.16234498308906425 0.1087866108786611
0 0.5180383314543405 0.8686192468619247 0.25140924464487036 0.1305439330543933
0 0.7897406989853438 0.8552301255230126 0.2829763246899662 0.11548117154811716
0 0.11555806087936867 0.2112970711297071 0.1589627959413754 0.1196652719665272
0 0.14261555806087936 0.42426778242677826 0.14994363021420518 0.11715481171548117
0 0.3218714768883878 0.4280334728033473 0.1927846674182638 0.11631799163179916
0 0.14317925591882752 0.6523012552301255 0.1826381059751973 0.11631799163179916
0 0.12288613303269448 0.8761506276150628 0.11950394588500564 0.09707112970711297
0 0.5248027057497181 0.7573221757322176 0.26268320180383314 0.10543933054393305
0 0.8072153325817362 0.7435146443514644 0.2773393461104848 0.11631799163179916
0 0.19447576099210823 0.7661087866108787 0.3100338218714769 0.11799163179916318
0 0.8850056369785795 0.5305439330543933 0.1104847801578354 0.11548117154811716
0 0.7373167981961668 0.5276150627615063 0.1488162344983089 0.11799163179916318
0 0.1471251409244645 0.5368200836820084 0.17925591882750846 0.1196652719665272
0 0.4024802705749718 0.5313807531380753 0.3855693348365276 0.12217573221757322
0 0.7931228861330327 0.3196652719665272 0.10259301014656144 0.11046025104602511
0 0.5653889515219842 0.3133891213389121 0.2153325817361894 0.11799163179916318
0 0.18320180383314544 0.31422594142259413 0.3055242390078918 0.11631799163179916
0 0.5400225479143179 0.21297071129707112 0.27282976324689967 0.1096234309623431
0 0.8122886133032694 0.200418410041841 0.26719278466741825 0.09790794979079498
0 0.8675310033821871 0.6322175732217573 0.2153325817361894 0.10292887029288703
0 0.6538895152198422 0.09874476987447699 0.35625704622322435 0.12217573221757322
0 0.6195039458850057 0.42426778242677826 0.3461104847801578 0.11882845188284519
0 0.290304396843292 0.20418410041841004 0.19503945885005636 0.11882845188284519
0 0.5794813979706878 0.6460251046025105 0.322435174746336 0.10711297071129706
