0 0.26710684273709484 0.30182232346241455 0.1524609843937575 0.12300683371298406
0 0.5156062424969988 0.29214123006833714 0.22208883553421369 0.1674259681093394
0 0.07863145258103241 0.3331435079726651 0.15486194477791115 0.15375854214123008
0 0.7346938775510204 0.2722095671981777 0.19447779111644659 0.16173120728929385
0 0.11104441776710684 0.5375854214123007 0.1908763505402161 0.16856492027334852
0 0.3739495798319328 0.5159453302961275 0.3085234093637455 0.21184510250569477
0 0.6230492196878752 0.47266514806378135 0.21368547418967587 0.17312072892938496
0 0.8619447779111644 0.4299544419134396 0.27130852340936373 0.16059225512528474
0 0.13025210084033614 0.8633257403189066 0.19327731092436976 0.16173120728929385
0 0.9213685474189676 0.2528473804100228 0.1524609843937575 0.16856492027334852
0 0.7424969987995198 0.09681093394077449 0.2725090036014406 0.1776765375854214
0 0.7671068427370948 0.6537585421412301 0.3289315726290516 0.2528473804100228
0 0.5276110444177671 0.1252847380410023 0.16206482593037214 0.1958997722095672
