0 0.20102651839178784 0.04775687409551375 0.2788708297690334 0.07621804148576941
0 0.4101796407185629 0.05113362276893391 0.1394354148845167 0.07911239749155813
0 0.15526090675791274 0.12228654124457308 0.281437125748503 0.07380607814761216
0 0.7403763900769889 0.6169802219006271 0.281437125748503 0.0723589001447178
0 0.5256629597946963 0.6184273999035215 0.14798973481608213 0.06753497346840329
0 0.11420017108639863 0.5583695127834057 0.1924721984602224 0.07959479015918958
0 0.5419161676646707 0.5564399421128798 0.1770744225834046 0.05547515677761698
0 0.37254063301967494 0.6167390255668114 0.165098374679213 0.06898215147129763
0 0.22668947818648416 0.6167390255668114 0.13515825491873396 0.07477086348287507
0 0.2416595380667237 0.6905451037144236 0.2780153977758768 0.07284129281234925
0 0.5132591958939264 0.6951278340569224 0.21214713430282292 0.07814761215629522
0 0.6578272027373824 0.7645923781958515 0.3028229255774166 0.05885190545103714
0 0.3109495295124038 0.7515677761698022 0.2780153977758768 0.07718282682103232
0 0.2172797262617622 0.9090689821514712 0.21043627031650983 0.08055957549445249
0 0.5213857998289136 0.9131693198263386 0.40804106073567153 0.09068982151471297
0 0.7994011976047904 0.9085865894838399 0.1360136869118905 0.09792571152918475
0 0.22668947818648416 0.8234442836468886 0.15911035072711718 0.08104196816208394
0 0.4247219846022241 0.829232995658466 0.24721984602224123 0.0945489628557646
0 0.646278870829769 0.8263386396526773 0.23011120615911035 0.08297153883260974
0 0.8212147134302823 0.8299565846599132 0.12318220701454234 0.07380607814761216
0 0.9319931565440548 0.8280270139893874 0.11890504704875962 0.06994693680656054
0 0.2583404619332763 0.42739990352146645 0.09580838323353294 0.08393632416787265
0 0.1176218990590248 0.4312590448625181 0.18905047048759624 0.08972503617945007
0 0.3964927288280582 0.42547033285094066 0.19076133447390933 0.08972503617945007
0 0.5680068434559452 0.4257115291847564 0.15568862275449102 0.07863000482392668
0 0.11420017108639863 0.27013989387361315 0.21813515825491872 0.07718282682103232
0 0.0688622754491018 0.9006271104679209 0.05731394354148845 0.06657018813314038
0 0.06030795551753636 0.8096960926193922 0.0641573994867408 0.05740472744814279
0 0.044054747647562016 0.7450554751567776 0.05389221556886228 0.06319343945972021
0 0.04662104362703165 0.685721177038109 0.05902480752780154 0.06222865412445731
0 0.04063301967493584 0.6268692715870718 0.04704875962360992 0.05740472744814279
0 0.7254063301967494 0.12686927158707187 0.20017108639863132 0.07911239749155813
0 0.06843455945252352 0.19802219006271105 0.1300256629597947 0.0824891461649783
0 0.5342172797262618 0.25808007718282683 0.1787852865697177 0.07332368547998071
0 0.72027373823781 0.33646888567293776 0.1420017108639863 0.09117221418234443
0 0.5757057313943541 0.34008683068017365 0.15911035072711718 0.08876025084418716
0 0.3956372968349016 0.33646888567293776 0.19760479041916168 0.09117221418234443
0 0.3314798973481608 0.26410998552821996 0.23182207014542344 0.07284129281234925
0 0.7309666381522669 0.2616980221900627 0.24379811804961504 0.06608779546550893
0 0.8892215568862275 0.2616980221900627 0.08468776732249786 0.06608779546550893
0 0.9589392643284859 0.26869271587071875 0.05474764756201882 0.06367583212735166
0 0.46107784431137727 0.12349252291365172 0.3421727972626176 0.0713941148094549
0 0.7737382378100941 0.19343945972021226 0.12061591103507271 0.0713941148094549
0 0.7189905902480753 0.4191992281717318 0.15996578272027373 0.08200675349734685
0 0.5829769033361848 0.19030390738060782 0.13088109495295125 0.06222865412445731
0 0.45124037639007697 0.19368065605402798 0.13259195893926431 0.07091172214182344
0 0.3220701454234388 0.19319826338639653 0.1394354148845167 0.06994693680656054
0 0.19161676646706588 0.1994693680656054 0.12318220701454234 0.07573564881813796
0 0.6278870829769033 0.05861070911722142 0.3011120615911035 0.07187650747708635
0 0.8520102651839179 0.06608779546550893 0.1420017108639863 0.08393632416787265
0 0.7061591103507271 0.6931982633863966 0.1822070145423439 0.08586589483839846
0 0.8562874251497006 0.3376748673420164 0.12660393498716851 0.08393632416787265
0 0.8567151411462789 0.4187168355041003 0.11890504704875962 0.07814761215629522
