0 0.1077396657871592 0.056105610561056105 0.12752858399296393 0.052805280528052806
0 0.15435356200527706 0.1537010843941537 0.1310466138962181 0.05469118340405469
0 0.6899736147757256 0.034653465346534656 0.06948109058927 0.05139085337105139
0 0.18161829375549693 0.25884016973125884 0.10466138962181179 0.05186232909005186
0 0.079155672823219 0.4158415841584158 0.10729991204925242 0.058462989156058465
0 0.07871591908531222 0.2072135785007072 0.11873350923482849 0.04856199905704856
0 0.08311345646437995 0.3177746346063178 0.11345646437994723 0.05469118340405469
0 0.18337730870712401 0.3147100424328147 0.09058927000879508 0.050447901933050446
0 0.1917326297273527 0.5193305044790193 0.10729991204925242 0.056105610561056105
0 0.08355321020228672 0.5190947666195191 0.10202286719437115 0.04809052333804809
0 0.1820580474934037 0.5714285714285714 0.11961301671064203 0.04903347477604903
0 0.7906772207563765 0.02993870815652994 0.10026385224274406 0.050447901933050446
0 0.4445910290237467 0.03418198962753418 0.10466138962181179 0.04479019330504479
0 0.4547053649956025 0.0858085808580858 0.08619173262972735 0.058462989156058465
0 0.06772207563764292 0.10513908533710514 0.05980650835532102 0.04431871758604432
0 0.060246262093227795 0.15558698727015557 0.06596306068601583 0.055634134842055635
0 0.11917326297273527 0.7289014615747289 0.13808267370272648 0.05374823196605375
0 0.12005277044854881 0.6725601131541725 0.11169744942832015 0.039132484677039135
0 0.16974494283201408 0.8288543140028288 0.10554089709762533 0.04714757190004715
0 0.07563764291996482 0.8363979255068364 0.09498680738786279 0.058462989156058465
0 0.08091468777484609 0.9486091466289486 0.11081794195250659 0.04903347477604903
0 0.7273526824978013 0.9486091466289486 0.09850483729111698 0.04903347477604903
0 0.08135444151275285 0.5728429985855729 0.09058927000879508 0.05186232909005186
0 0.5738786279683378 0.03206034889203206 0.1521547933157432 0.0462046204620462
0 0.5765171503957783 0.0843941537010844 0.1468777484608619 0.04809052333804809
0 0.4995602462620932 0.1438000942951438 0.18469656992084432 0.056577086280056574
0 0.49560246262093227 0.19377652050919378 0.15919085312225154 0.05186232909005186
0 0.4995602462620932 0.24375294672324374 0.16358839050131926 0.05374823196605375
0 0.5153913808267371 0.45591702027345593 0.158311345646438 0.055634134842055635
0 0.5153913808267371 0.5082508250825083 0.15303430079155672 0.056577086280056574
0 0.5294635004397538 0.7159358793022159 0.1547933157431838 0.06082036775106082
0 0.534740545294635 0.7708628005657708 0.1565523306948109 0.05186232909005186
0 0.7194371152154794 0.7602545968882602 0.218117854001759 0.06930693069306931
0 0.08091468777484609 0.7802923149457803 0.07563764291996482 0.05374823196605375
0 0.07475813544415127 0.2604903347477605 0.1090589270008795 0.05799151343705799
0 0.7286719437115216 0.34724186704384724 0.16094986807387862 0.05233380480905234
0 0.6921723834652594 0.49222065063649223 0.2022867194371152 0.056577086280056574
0 0.4714160070360598 0.9455445544554455 0.10554089709762533 0.06742102781706742
0 0.5285839929639402 0.8316831683168316 0.15127528583992964 0.06694955209806695
0 0.5035180299032542 0.6558227251296558 0.10993843447669305 0.066006600660066
0 0.0712401055408971 0.3651579443658652 0.10026385224274406 0.04667609618104668
0 0.0932277924362357 0.624941065535125 0.11609498680738786 0.05704856199905705
0 0.07827616534740545 0.8972182932578973 0.08970976253298153 0.056577086280056574
0 0.20580474934036938 0.8882602545968883 0.16358839050131926 0.05186232909005186
0 0.5065963060686016 0.8882602545968883 0.18469656992084432 0.0594059405940594
0 0.5989445910290238 0.9488448844884488 0.16358839050131926 0.05987741631305988
0 0.6354441512752859 0.648043375766148 0.15567282321899736 0.05987741631305988
0 0.6811785400175902 0.706034889203206 0.11873350923482849 0.056105610561056105
0 0.6706244503078276 0.19000471475719 0.19085312225153914 0.05091937765205092
0 0.758575197889182 0.6487505893446488 0.06772207563764292 0.05091937765205092
0 0.8232189973614775 0.9450730787364451 0.09498680738786279 0.05704856199905705
0 0.9076517150395779 0.9415370108439416 0.07036059806508356 0.0594059405940594
0 0.20052770448548812 0.3595002357378595 0.1741424802110818 0.06176331918906176
0 0.2326297273526825 0.6183404054691184 0.1644678979771328 0.06364922206506365
0 0.8922603342128408 0.028288543140028287 0.09586631486367635 0.04903347477604903
0 0.6789797713280563 0.13767090994813766 0.12313104661389622 0.06317774634606317
0 0.802990325417766 0.13295615275813297 0.11081794195250659 0.05752003771805752
0 0.5703605980650835 0.6016030174446017 0.2559366754617414 0.04714757190004715
0 0.8658751099384345 0.5914662894860915 0.0712401055408971 0.039132484677039135
0 0.6631486367634125 0.44106553512494107 0.1284080914687775 0.05421970768505422
0 0.8135444151275286 0.4375294672324375 0.10729991204925242 0.056577086280056574
0 0.523306948109059 0.553041018387553 0.1706244503078276 0.0594059405940594
0 0.8636763412489006 0.7027345591702028 0.1248900615655233 0.05987741631305988
0 0.8056288478452067 0.18623290900518624 0.07563764291996482 0.04903347477604903
0 0.8948988566402815 0.17916077322017915 0.11521547933157432 0.056577086280056574
0 0.7137203166226913 0.8293257897218294 0.0870712401055409 0.06412069778406412
0 0.8605980650835532 0.7602545968882602 0.07299912049252419 0.05421970768505422
0 0.9379947229551451 0.756011315417256 0.10642040457343888 0.05704856199905705
0 0.6987686895338611 0.08132956152758133 0.09410729991204925 0.05233380480905234
0 0.8540017590149517 0.0818010372465818 0.22867194371152155 0.05987741631305988
0 0.6288478452066842 0.24115983026874116 0.10378188214599825 0.050447901933050446
0 0.7515391380826737 0.2388024516737388 0.1468777484608619 0.05233380480905234
0 0.7295514511873351 0.8873173031588873 0.2612137203166227 0.06694955209806695
0 0.9036939313984169 0.8851956624233852 0.09938434476693052 0.0627062706270627
0 0.793315743183817 0.8248467703913248 0.07387862796833773 0.05987741631305988
0 0.8759894459102903 0.8224893917963225 0.10378188214599825 0.06459217350306459
0 0.8403693931398417 0.6452145214521452 0.0853122251539138 0.056105610561056105
0 0.91688654353562 0.6445073078736445 0.06948109058927 0.05091937765205092
0 0.6416007036059806 0.5591702027345592 0.06948109058927 0.05469118340405469
0 0.718117854001759 0.5546911834040547 0.0853122251539138 0.06364922206506365
0 0.7946350043975374 0.5513908533710514 0.07299912049252419 0.058934464875058934
0 0.8733509234828496 0.5431400282885431 0.09146877748460862 0.05752003771805752
0 0.8276165347405453 0.4900990099009901 0.06684256816182937 0.05139085337105139
0 0.9186455584872472 0.4842055634134842 0.12576956904133685 0.06034889203206035
0 0.05980650835532102 0.4691183404054691 0.07211961301671065 0.05186232909005186
0 0.1248900615655233 0.4679396511079679 0.06860158311345646 0.05421970768505422
0 0.8856640281442393 0.33993399339933994 0.12313104661389622 0.04997642621404998
0 0.534740545294635 0.3536067892503536 0.2339489885664028 0.056577086280056574
0 0.8122251539138082 0.3868458274398868 0.0853122251539138 0.047619047619047616
0 0.8935795954265612 0.3851956624233852 0.0932277924362357 0.042432814710042434
0 0.5835532102022867 0.4000471475719001 0.18557607739665788 0.050447901933050446
0 0.7185576077396658 0.3941537010843942 0.052770448548812667 0.04714757190004715
0 0.5030782761653474 0.2996228194247996 0.1600703605980651 0.058934464875058934
0 0.6200527704485488 0.2982083922677982 0.079155672823219 0.05421970768505422
0 0.6987686895338611 0.29467232437529467 0.07651715039577836 0.056577086280056574
0 0.7735268249780123 0.29207920792079206 0.08003518029903255 0.056105610561056105
0 0.8663148636763413 0.29066478076379065 0.1090589270008795 0.053276756247053275
0 0.9481090589270009 0.28807166430928804 0.0773966578715919 0.04903347477604903
0 0.9041336851363236 0.23833097595473834 0.13368513632365875 0.05799151343705799
0 0.6402814423922604 0.8267326732673267 0.07036059806508356 0.06082036775106082
0 0.9621811785400176 0.817067421027817 0.07387862796833773 0.06694955209806695
0 0.9591029023746702 0.5405469118340406 0.08355321020228672 0.055162659123055166
