0 0.13403990024937656 0.13416009019165728 0.18079800498753118 0.16234498308906425
0 0.33541147132169574 0.1488162344983089 0.16458852867830423 0.17812852311161217
0 0.1084788029925187 0.6459977452085682 0.15211970074812967 0.1555806087936866
0 0.32418952618453867 0.6426155580608793 0.19451371571072318 0.15783540022547915
0 0.11221945137157108 0.3337091319052988 0.16458852867830423 0.20293122886133033
0 0.2524937655860349 0.3500563697857948 0.185785536159601 0.2153325817361894
0 0.10910224438902744 0.8821871476888388 0.1658354114713217 0.12514092446448705
0 0.6701995012468828 0.8928974069898534 0.1658354114713217 0.12401352874859076
0 0.7911471321695761 0.44306651634723787 0.24812967581047382 0.14656144306651633
0 0.5105985037406484 0.1459977452085682 0.17581047381546136 0.15219842164599776
0 0.47256857855361595 0.8866967305524239 0.22443890274314215 0.12514092446448705
0 0.27618453865336656 0.8821871476888388 0.17830423940149626 0.1386696730552424
0 0.57356608478803 0.6279594137542277 0.30423940149625933 0.1713641488162345
0 0.8447630922693267 0.6223224351747464 0.23316708229426433 0.17587373167981962
0 0.7824189526184538 0.7632468996617813 0.39526184538653364 0.12401352874859076
0 0.4538653366583541 0.310597519729425 0.2518703241895262 0.1386696730552424
0 0.6471321695760599 0.2959413754227734 0.16209476309226933 0.10935738444193913
0 0.8104738154613467 0.2976324689966178 0.20199501246882792 0.12401352874859076
0 0.8110972568578554 0.8895152198421646 0.13840399002493767 0.12401352874859076
0 0.6845386533665836 0.1414881623449831 0.17206982543640897 0.17474633596392333
0 0.9532418952618454 0.44306651634723787 0.0885286783042394 0.14656144306651633
0 0.9251870324189526 0.8917700112739572 0.11221945137157108 0.133032694475761
0 0.8185785536159601 0.11217587373167982 0.10099750623441396 0.11837655016910936
0 0.9177057356608479 0.12288613303269448 0.12468827930174564 0.133032694475761
0 0.9501246882793017 0.30045095828635854 0.08977556109725686 0.12288613303269448
