0 0.21428571428571427 0.21350364963503649 0.22911051212938005 0.21776155717761558
0 0.5006738544474394 0.21715328467153286 0.2196765498652291 0.21046228710462286
0 0.19070080862533692 0.7177615571776156 0.20350404312668463 0.2116788321167883
0 0.4777628032345013 0.7238442822384428 0.35714285714285715 0.17761557177615572
0 0.5309973045822103 0.5304136253041363 0.1347708894878706 0.1897810218978102
0 0.704177897574124 0.5285888077858881 0.20080862533692723 0.17153284671532848
0 0.25 0.41301703163017034 0.330188679245283 0.17153284671532848
0 0.7230458221024259 0.2037712895377129 0.2223719676549865 0.18856447688564476
0 0.6691374663072777 0.8479318734793188 0.3059299191374663 0.1411192214111922
0 0.7850404312668463 0.7135036496350365 0.26549865229110514 0.15206812652068127
0 0.48180592991913745 0.38564476885644766 0.1334231805929919 0.12165450121654502
0 0.6590296495956873 0.37165450121654503 0.22371967654986524 0.15206812652068127
0 0.9022911051212938 0.5322384428223844 0.1954177897574124 0.21289537712895376
0 0.8800539083557951 0.3728710462287105 0.23180592991913745 0.14720194647201945
0 0.20754716981132076 0.9458637469586375 0.2371967654986523 0.10340632603406326
0 0.38746630727762804 0.9513381995133819 0.14690026954177898 0.09245742092457421
0 0.5754716981132075 0.9549878345498783 0.1725067385444744 0.07785888077858881
0 0.8066037735849056 0.9434306569343066 0.27088948787061995 0.08880778588807786
0 0.8982479784366577 0.8418491484184915 0.18733153638814015 0.1435523114355231
0 0.8975741239892183 0.1873479318734793 0.1320754716981132 0.1922141119221411
0 0.9508086253369272 0.7092457420924574 0.07412398921832884 0.1362530413625304
