0 0.15984930032292788 0.08565531475748193 0.12594187298170076 0.11764705882352941
0 0.3051668460710441 0.08152734778121776 0.16254036598493002 0.1217750257997936
0 0.6426264800861141 0.06759545923632611 0.3401506996770721 0.13312693498452013
0 0.11248654467168999 0.20072239422084623 0.1689989235737352 0.12074303405572756
0 0.11248654467168999 0.3106295149638803 0.1689989235737352 0.09907120743034056
0 0.08073196986006459 0.7409700722394221 0.15069967707212056 0.13415892672858618
0 0.39881593110871905 0.20072239422084623 0.2185145317545748 0.15170278637770898
0 0.813778256189451 0.19814241486068113 0.0861141011840689 0.13622291021671826
0 0.4015069967707212 0.35810113519091846 0.2604951560818084 0.17543859649122806
0 0.689989235737352 0.34726522187822495 0.294940796555436 0.15170278637770898
0 0.24865446716899892 0.7719298245614035 0.19590958019375673 0.1238390092879257
0 0.4160387513455328 0.7708978328173375 0.15608180839612487 0.13209494324045407
0 0.635091496232508 0.7466460268317854 0.20667384284176535 0.1434468524251806
0 0.8692142088266954 0.7234262125902993 0.20344456404736275 0.14860681114551083
0 0.09472551130247578 0.8875128998968008 0.12917115177610333 0.14860681114551083
0 0.2981700753498385 0.8885448916408669 0.24757804090419805 0.13622291021671826
0 0.49784714747039827 0.8885448916408669 0.11517761033369214 0.13622291021671826
0 0.6302475780409041 0.18627450980392157 0.20344456404736275 0.1434468524251806
0 0.9031216361679225 0.3415892672858617 0.16361679224973089 0.14035087719298245
0 0.7061356297093649 0.8544891640866873 0.24757804090419805 0.14447884416924664
0 0.6108719052744886 0.9520123839009288 0.1668460710441335 0.06707946336429309
0 0.829924650161464 0.9040247678018576 0.2798708288482239 0.1197110423116615
