0 0.2537751677852349 0.40581854043392507 0.10486577181208054 0.0670611439842209
0 0.10654362416107382 0.3530571992110454 0.09563758389261745 0.0601577909270217
0 0.11199664429530201 0.42061143984220906 0.10151006711409397 0.0641025641025641
0 0.10864093959731544 0.29191321499013806 0.09815436241610738 0.0641025641025641
0 0.0796979865771812 0.22411242603550297 0.06208053691275168 0.0616370808678501
0 0.07340604026845637 0.15828402366863906 0.061241610738255035 0.05818540433925049
0 0.10906040268456375 0.7199211045364892 0.10738255033557047 0.0641025641025641
0 0.0964765100671141 0.6503944773175543 0.087248322147651 0.05621301775147929
0 0.09899328859060402 0.775887573964497 0.09228187919463088 0.050788954635108484
0 0.10318791946308725 0.8266765285996055 0.09563758389261745 0.050788954635108484
0 0.09689597315436242 0.8843688362919132 0.0964765100671141 0.060650887573964495
0 0.727768456375839 0.0668145956607495 0.1115771812080537 0.0655818540433925
0 0.5822147651006712 0.0611439842209073 0.14429530201342283 0.0650887573964497
0 0.8720637583892618 0.07421104536489152 0.17701342281879195 0.07051282051282051
0 0.8108221476510067 0.3821499013806706 0.20385906040268456 0.06607495069033531
0 0.24412751677852348 0.46548323471400394 0.14261744966442952 0.0670611439842209
0 0.40184563758389263 0.46153846153846156 0.17281879194630873 0.07495069033530571
0 0.7541946308724832 0.5078895463510849 0.2701342281879195 0.07396449704142012
0 0.20008389261744966 0.20907297830374755 0.10318791946308725 0.0601577909270217
0 0.3674496644295302 0.26528599605522685 0.1610738255033557 0.0670611439842209
0 0.4865771812080537 0.2677514792899408 0.07885906040268456 0.06804733727810651
0 0.23070469798657717 0.27317554240631164 0.11241610738255034 0.06903353057199212
0 0.24748322147651006 0.33999013806706113 0.11912751677852348 0.06854043392504931
0 0.3049496644295302 0.13732741617357003 0.13674496644295303 0.04881656804733728
0 0.3087248322147651 0.2038954635108481 0.09899328859060402 0.060650887573964495
0 0.4911912751677852 0.20019723865877712 0.24580536912751677 0.06607495069033531
0 0.6501677852348994 0.1992110453648915 0.0587248322147651 0.05818540433925049
0 0.7856543624161074 0.1947731755424063 0.10151006711409397 0.06804733727810651
0 0.7361577181208053 0.2581360946745562 0.10151006711409397 0.06656804733727811
0 0.8938758389261745 0.25542406311637084 0.16359060402684564 0.06607495069033531
0 0.5083892617449665 0.33629191321499013 0.313758389261745 0.07790927021696252
0 0.8494127516778524 0.31952662721893493 0.26593959731543626 0.0650887573964497
0 0.41023489932885904 0.758629191321499 0.1761744966442953 0.059664694280078895
0 0.5268456375838926 0.7615877712031558 0.07214765100671142 0.06656804733727811
0 0.46098993288590606 0.7021696252465484 0.057885906040268456 0.05917159763313609
0 0.4677013422818792 0.8224852071005917 0.23573825503355705 0.06903353057199212
0 0.7218959731543624 0.8121301775147929 0.2709731543624161 0.06804733727810651
0 0.26593959731543626 0.8251972386587771 0.11073825503355705 0.05670611439842209
0 0.26552013422818793 0.7699704142011834 0.1115771812080537 0.05473372781065089
0 0.2558724832214765 0.7130177514792899 0.12080536912751678 0.0611439842209073
0 0.5583053691275168 0.6994575936883629 0.10151006711409397 0.05374753451676528
0 0.8125 0.6858974358974359 0.23573825503355705 0.07100591715976332
0 0.7919463087248322 0.6252465483234714 0.10738255033557047 0.0650887573964497
0 0.2562919463087248 0.652120315581854 0.11828859060402684 0.07840236686390532
0 0.3699664429530201 0.6462031558185405 0.10570469798657718 0.0626232741617357
0 0.5746644295302014 0.6331360946745562 0.2835570469798658 0.0670611439842209
0 0.2596476510067114 0.5823471400394478 0.125 0.0650887573964497
0 0.4089765100671141 0.5803747534516766 0.17365771812080538 0.0650887573964497
0 0.5457214765100671 0.5747041420118343 0.1098993288590604 0.057692307692307696
0 0.8250838926174496 0.560404339250493 0.2139261744966443 0.0626232741617357
0 0.08263422818791946 0.5902366863905325 0.07298657718120806 0.0631163708086785
0 0.0776006711409396 0.5293392504930966 0.06963087248322147 0.05670611439842209
0 0.10109060402684564 0.47904339250493094 0.12332214765100671 0.057692307692307696
0 0.2596476510067114 0.8821499013806706 0.10486577181208054 0.0601577909270217
0 0.3687080536912752 0.8870808678500987 0.07130872483221476 0.05818540433925049
0 0.4941275167785235 0.883629191321499 0.17953020134228187 0.0631163708086785
0 0.26803691275167785 0.527120315581854 0.17197986577181207 0.04930966469428008
0 0.4148489932885906 0.5241617357001972 0.06459731543624161 0.05917159763313609
0 0.5159395973154363 0.5130670611439843 0.1040268456375839 0.06656804733727811
0 0.5780201342281879 0.44822485207100593 0.18288590604026847 0.0611439842209073
0 0.7407718120805369 0.4428007889546351 0.16946308724832215 0.05818540433925049
0 0.9031040268456376 0.4393491124260355 0.18540268456375839 0.06903353057199212
0 0.18540268456375839 0.14866863905325445 0.09731543624161074 0.06656804733727811
0 0.07130872483221476 0.9351577909270217 0.06375838926174497 0.04980276134122288
0 0.25461409395973156 0.9455128205128205 0.11493288590604027 0.060650887573964495
0 0.4391778523489933 0.9437869822485208 0.1552013422818792 0.05719921104536489
0 0.574244966442953 0.9386094674556213 0.1266778523489933 0.07051282051282051
0 0.7932046979865772 0.9230769230769231 0.14681208053691275 0.07100591715976332
0 0.9001677852348994 0.9183925049309665 0.07885906040268456 0.059664694280078895
0 0.6245805369127517 0.8735207100591716 0.06459731543624161 0.057692307692307696
0 0.7214765100671141 0.8671104536489151 0.1040268456375839 0.05670611439842209
0 0.8062080536912751 0.8611932938856016 0.08221476510067115 0.057692307692307696
0 0.8859060402684564 0.852810650887574 0.06879194630872483 0.0645956607495069
0 0.8057885906040269 0.7467948717948718 0.20385906040268456 0.0645956607495069
0 0.9161073825503355 0.6173570019723866 0.13758389261744966 0.06804733727810651
0 0.9077181208053692 0.19625246548323472 0.15100671140939598 0.0601577909270217
0 0.7961409395973155 0.131163708086785 0.09395973154362416 0.0611439842209073
0 0.915268456375839 0.13288954635108483 0.13087248322147652 0.0645956607495069
0 0.6870805369127517 0.1306706114398422 0.12583892617449666 0.0621301775147929
0 0.5486577181208053 0.131163708086785 0.15436241610738255 0.0631163708086785
0 0.42323825503355705 0.134861932938856 0.09983221476510067 0.057692307692307696
0 0.053691275167785234 0.0631163708086785 0.05536912751677853 0.038461538461538464
0 0.17533557046979867 0.045364891518737675 0.10906040268456375 0.05325443786982249
0 0.30033557046979864 0.03377712031558185 0.14093959731543623 0.04388560157790927
0 0.5037751677852349 0.022682445759368838 0.276006711409396 0.04240631163708087
0 0.7046979865771812 0.016272189349112426 0.10234899328859061 0.03254437869822485
0 0.8024328859060402 0.01849112426035503 0.07466442953020135 0.03106508875739645
0 0.8959731543624161 0.026134122287968443 0.11577181208053691 0.04240631163708087
0 0.9593120805369127 0.9053254437869822 0.0662751677852349 0.06804733727810651
0 0.3733221476510067 0.7011834319526628 0.11409395973154363 0.0601577909270217
0 0.9605704697986577 0.8441814595660749 0.07718120805369127 0.0621301775147929
