0 0.20320855614973263 0.1425414364640884 0.16898395721925133 0.09723756906077348
0 0.3732620320855615 0.14861878453038674 0.14545454545454545 0.1712707182320442
0 0.20053475935828877 0.30441988950276244 0.2106951871657754 0.1580110497237569
0 0.3770053475935829 0.30718232044198895 0.1358288770053476 0.15027624309392265
0 0.3053475935828877 0.4723756906077348 0.23850267379679144 0.15359116022099448
0 0.7262032085561497 0.6066298342541436 0.16042780748663102 0.20331491712707184
0 0.9 0.6099447513812155 0.18716577540106952 0.20994475138121546
0 0.48502673796791446 0.28895027624309394 0.09518716577540107 0.14475138121546963
0 0.5368983957219251 0.14585635359116023 0.18823529411764706 0.17900552486187846
0 0.1304812834224599 0.46187845303867403 0.1497326203208556 0.16574585635359115
0 0.5844919786096257 0.6176795580110497 0.14010695187165775 0.1878453038674033
0 0.7149732620320856 0.11712707182320442 0.16363636363636364 0.20331491712707184
0 0.1358288770053476 0.6270718232044199 0.19679144385026737 0.18011049723756906
0 0.3844919786096257 0.6209944751381216 0.2663101604278075 0.18121546961325966
0 0.6454545454545455 0.7966850828729282 0.35614973262032085 0.17458563535911603
0 0.8877005347593583 0.2535911602209945 0.19893048128342247 0.14696132596685083
0 0.24919786096256685 0.7977900552486188 0.43422459893048126 0.17900552486187846
0 0.902139037433155 0.7961325966850828 0.1786096256684492 0.16906077348066298
0 0.6705882352941176 0.281767955801105 0.22459893048128343 0.12596685082872927
0 0.4994652406417112 0.40497237569060773 0.10909090909090909 0.09834254143646409
0 0.6294117647058823 0.41878453038674035 0.40106951871657753 0.17900552486187846
0 0.9122994652406418 0.42099447513812155 0.16470588235294117 0.16795580110497238
0 0.8529411764705882 0.10331491712707182 0.11657754010695187 0.16022099447513813
