0 0.31561302681992337 0.3748541423570595 0.21743295019157088 0.09626604434072346
0 0.5589080459770115 0.3591015169194866 0.17911877394636017 0.09976662777129522
0 0.7854406130268199 0.3556009334889148 0.23946360153256704 0.10093348891481914
0 0.2595785440613027 0.25350058343057175 0.14942528735632185 0.10210035005834306
0 0.5804597701149425 0.2558343057176196 0.3218390804597701 0.0985997666277713
0 0.6920498084291188 0.5615519253208868 0.45306513409961685 0.10210035005834306
0 0.1206896551724138 0.15840140023337224 0.24904214559386972 0.10326721120186698
0 0.3524904214559387 0.14206534422403733 0.2260536398467433 0.08459743290548424
0 0.5972222222222222 0.147024504084014 0.28639846743295017 0.09101516919486581
0 0.11877394636015326 0.4798716452742124 0.1724137931034483 0.088098016336056
0 0.2916666666666667 0.4763710618436406 0.16187739463601533 0.08459743290548424
0 0.4425287356321839 0.4617852975495916 0.1360153256704981 0.0927654609101517
0 0.12547892720306514 0.05338389731621937 0.18199233716475097 0.07176196032672112
0 0.06226053639846743 0.2634189031505251 0.12260536398467432 0.09159859976662778
0 0.09195402298850575 0.3783547257876313 0.1532567049808429 0.09743290548424738
0 0.4813218390804598 0.058343057176196034 0.5335249042145593 0.08518086347724621
0 0.8093869731800766 0.056592765460910154 0.13218390804597702 0.07934655775962661
0 0.600095785440613 0.4419486581096849 0.1657088122605364 0.05309218203033839
0 0.7351532567049809 0.4492415402567094 0.4722222222222222 0.11551925320886815
0 0.8520114942528736 0.2514585764294049 0.12547892720306514 0.10268378063010501
