0 0.4263322884012539 0.10341880341880341 0.13584117032392895 0.08888888888888889
0 0.04179728317659352 0.28717948717948716 0.07523510971786834 0.08205128205128205
0 0.25287356321839083 0.27735042735042736 0.11703239289446186 0.12051282051282051
0 0.609717868338558 0.38504273504273506 0.12225705329153605 0.09487179487179487
0 0.7314524555903866 0.3923076923076923 0.12330198537095088 0.1111111111111111
0 0.845350052246604 0.3816239316239316 0.1044932079414838 0.09487179487179487
0 0.7784743991640544 0.6243589743589744 0.14420062695924765 0.08461538461538462
0 0.4122257053291536 0.3918803418803419 0.09090909090909091 0.08632478632478632
0 0.0877742946708464 0.8995726495726496 0.1400208986415883 0.06581196581196581
0 0.05381400208986416 0.8106837606837607 0.08045977011494253 0.08803418803418804
0 0.2283176593521421 0.7987179487179488 0.27481713688610243 0.08632478632478632
0 0.05851619644723093 0.12222222222222222 0.0961337513061651 0.10085470085470086
0 0.15308254963427378 0.11452991452991453 0.10344827586206896 0.09743589743589744
0 0.2774294670846395 0.10897435897435898 0.1536050156739812 0.10683760683760683
0 0.4665621734587252 0.6337606837606837 0.10553814002089865 0.08803418803418804
0 0.5579937304075235 0.6311965811965812 0.09404388714733543 0.09829059829059829
0 0.9143155694879833 0.6260683760683761 0.1044932079414838 0.09316239316239316
0 0.6698014629049112 0.7072649572649573 0.10240334378265413 0.0811965811965812
0 0.6865203761755486 0.10042735042735043 0.1588296760710554 0.09145299145299145
0 0.12591431556948798 0.5363247863247863 0.07628004179728318 0.06752136752136752
0 0.2502612330198537 0.5354700854700855 0.10762800417972831 0.07606837606837606
0 0.03396029258098224 0.3901709401709402 0.08463949843260188 0.0829059829059829
0 0.13897596656217345 0.38846153846153847 0.12748171368861025 0.08632478632478632
0 0.2910135841170324 0.3893162393162393 0.15151515151515152 0.09829059829059829
0 0.8281086729362591 0.10598290598290598 0.12225705329153605 0.08376068376068375
0 0.9237199582027168 0.18076923076923077 0.15464994775339602 0.09145299145299145
0 0.8098223615464994 0.2782051282051282 0.36990595611285265 0.14444444444444443
0 0.5559038662486938 0.2658119658119658 0.14629049111807732 0.12478632478632479
0 0.40177638453500525 0.2670940170940171 0.16614420062695925 0.1358974358974359
0 0.735632183908046 0.535042735042735 0.12330198537095088 0.10085470085470086
0 0.8526645768025078 0.5299145299145299 0.10658307210031348 0.09743589743589744
0 0.9425287356321839 0.5388888888888889 0.05642633228840126 0.10170940170940171
0 0.8145245559038663 0.7034188034188035 0.19540229885057472 0.08034188034188035
0 0.945141065830721 0.382051282051282 0.109717868338558 0.09743589743589744
0 0.4284221525600836 0.7991452991452992 0.13584117032392895 0.08547008547008547
0 0.7021943573667712 0.808974358974359 0.13166144200626959 0.09316239316239316
0 0.3996865203761755 0.9034188034188034 0.1536050156739812 0.09572649572649573
0 0.22361546499477533 0.6307692307692307 0.10658307210031348 0.07863247863247863
0 0.34221525600835945 0.6341880341880342 0.14733542319749215 0.1076923076923077
0 0.13113897596656218 0.629059829059829 0.08672936259143156 0.09401709401709402
0 0.042842215256008356 0.5358974358974359 0.08986415882967608 0.08376068376068375
0 0.05276907001044932 0.6311965811965812 0.08045977011494253 0.09658119658119659
0 0.5684430512016719 0.802991452991453 0.148380355276907 0.09316239316239316
0 0.47387669801462906 0.9705128205128205 0.07001044932079414 0.05897435897435897
0 0.6478578892371996 0.9730769230769231 0.10240334378265413 0.0641025641025641
0 0.8140020898641588 0.897008547008547 0.16509926854754442 0.0811965811965812
0 0.05172413793103448 0.04316239316239316 0.07628004179728318 0.05555555555555555
0 0.5532915360501567 0.10299145299145299 0.11598746081504702 0.08632478632478632
0 0.16875653082549635 0.03632478632478633 0.109717868338558 0.06581196581196581
0 0.24399164054336467 0.8978632478632479 0.17450365726227796 0.08974358974358974
0 0.5464994775339603 0.9012820512820513 0.14629049111807732 0.09316239316239316
0 0.4890282131661442 0.029914529914529916 0.11076280041797283 0.06153846153846154
0 0.6191222570532915 0.02863247863247863 0.15778474399164055 0.05897435897435897
0 0.7654127481713688 0.03376068376068376 0.13479623824451412 0.05726495726495726
0 0.8772204806687566 0.03675213675213675 0.08672936259143156 0.05641025641025641
0 0.9566353187042842 0.04188034188034188 0.07836990595611286 0.07521367521367521
0 0.27533960292580983 0.02863247863247863 0.13270637408568442 0.05555555555555555
0 0.38557993730407525 0.02905982905982906 0.10867293625914315 0.05641025641025641
0 0.6530825496342738 0.6260683760683761 0.10240334378265413 0.0811965811965812
0 0.5057471264367817 0.3918803418803419 0.09822361546499478 0.0811965811965812
0 0.6745036572622779 0.9004273504273504 0.12225705329153605 0.07777777777777778
0 0.8275862068965517 0.964957264957265 0.22152560083594566 0.06153846153846154
0 0.3338557993730408 0.9692307692307692 0.09926854754440961 0.05641025641025641
0 0.23249738766980146 0.9641025641025641 0.10344827586206896 0.05982905982905983
0 0.04754440961337513 0.9628205128205128 0.08881922675026123 0.06752136752136752
0 0.13897596656217345 0.9653846153846154 0.08986415882967608 0.05897435897435897
