0 0.21419753086419754 0.26738241308793453 0.15432098765432098 0.14008179959100203
0 0.5006172839506173 0.2724948875255624 0.18888888888888888 0.2361963190184049
0 0.2111111111111111 0.5352760736196319 0.25679012345679014 0.19120654396728015
0 0.2074074074074074 0.782719836400818 0.22469135802469137 0.14826175869120656
0 0.4030864197530864 0.7632924335378323 0.16666666666666666 0.16257668711656442
0 0.6858024691358025 0.23568507157464214 0.19876543209876543 0.16257668711656442
0 0.49876543209876545 0.4831288343558282 0.30617283950617286 0.17075664621676892
0 0.7481481481481481 0.44222903885480574 0.20246913580246914 0.18302658486707565
0 0.5950617283950618 0.7505112474437627 0.21975308641975308 0.16359918200409
0 0.7709876543209877 0.7321063394683026 0.13209876543209875 0.1554192229038855
0 0.9111111111111111 0.7121676891615542 0.1728395061728395 0.1605316973415133
0 0.21728395061728395 0.9187116564417178 0.23209876543209876 0.1278118609406953
0 0.4981481481481482 0.90439672801636 0.32222222222222224 0.14826175869120656
0 0.737037037037037 0.8726993865030674 0.145679012345679 0.13190184049079753
0 0.9506172839506173 0.5547034764826176 0.09382716049382717 0.1441717791411043
0 0.8864197530864197 0.21932515337423314 0.2074074074074074 0.18507157464212678
0 0.8907407407407407 0.8604294478527608 0.18395061728395062 0.15030674846625766
