0 0.14393939393939395 0.34183673469387754 0.22261072261072262 0.12857142857142856
0 0.3735431235431235 0.3183673469387755 0.22494172494172493 0.15918367346938775
0 0.62004662004662 0.3066326530612245 0.2540792540792541 0.11734693877551021
0 0.34207459207459207 0.463265306122449 0.2202797202797203 0.12857142857142856
0 0.7715617715617715 0.43826530612244896 0.331002331002331 0.1336734693877551
0 0.671911421911422 0.5612244897959183 0.21794871794871795 0.12040816326530612
0 0.8921911421911422 0.5423469387755102 0.18764568764568765 0.1377551020408163
0 0.38694638694638694 0.573469387755102 0.34265734265734266 0.14489795918367346
0 0.10780885780885781 0.5831632653061225 0.168997668997669 0.12551020408163266
0 0.14102564102564102 0.7035714285714286 0.24475524475524477 0.12551020408163266
0 0.3782051282051282 0.6938775510204082 0.23892773892773891 0.12244897959183673
0 0.4632867132867133 0.1683673469387755 0.14335664335664336 0.14489795918367346
0 0.6439393939393939 0.16581632653061223 0.22261072261072262 0.1540816326530612
0 0.8292540792540792 0.15918367346938775 0.155011655011655 0.15714285714285714
0 0.2715617715617716 0.17091836734693877 0.2261072261072261 0.14387755102040817
0 0.09673659673659674 0.19183673469387755 0.11655011655011654 0.13673469387755102
0 0.42365967365967366 0.04846938775510204 0.18764568764568765 0.09897959183673469
0 0.7622377622377622 0.04795918367346939 0.19813519813519814 0.08571428571428572
0 0.16142191142191142 0.06479591836734694 0.2505827505827506 0.0826530612244898
0 0.5664335664335665 0.6744897959183673 0.15384615384615385 0.10204081632653061
0 0.7645687645687645 0.6668367346938775 0.2540792540792541 0.11326530612244898
0 0.946969696969697 0.648469387755102 0.10839160839160839 0.09897959183673469
0 0.10955710955710955 0.4658163265306122 0.1655011655011655 0.11530612244897959
0 0.16958041958041958 0.798469387755102 0.28554778554778554 0.10918367346938776
0 0.44405594405594406 0.7882653061224489 0.1655011655011655 0.11530612244897959
0 0.622960372960373 0.7770408163265307 0.19696969696969696 0.11326530612244898
0 0.8333333333333334 0.7607142857142857 0.23776223776223776 0.11122448979591837
0 0.13752913752913754 0.8943877551020408 0.21678321678321677 0.08673469387755102
0 0.3613053613053613 0.8872448979591837 0.24475524475524477 0.09285714285714286
0 0.6107226107226107 0.8729591836734694 0.20745920745920746 0.08469387755102041
0 0.7412587412587412 0.8658163265306122 0.08624708624708624 0.09897959183673469
0 0.8630536130536131 0.8642857142857143 0.14335664335664336 0.10816326530612246
0 0.828088578088578 0.3122448979591837 0.16200466200466201 0.1469387755102041
0 0.9376456876456877 0.30357142857142855 0.09673659673659674 0.1357142857142857
0 0.11363636363636363 0.9663265306122449 0.15967365967365968 0.0673469387755102
0 0.36480186480186483 0.9673469387755103 0.21445221445221446 0.061224489795918366
0 0.7278554778554779 0.9489795918367347 0.28554778554778554 0.06326530612244897
