0 0.25811688311688313 0.1446961894953656 0.1331168831168831 0.05046343975283213
0 0.26406926406926406 0.20339855818743563 0.11255411255411256 0.053553038105046344
0 0.38582251082251084 0.19927909371781669 0.11796536796536797 0.05664263645726056
0 0.4810606060606061 0.3470648815653965 0.14393939393939395 0.057672502574665295
0 0.47564935064935066 0.14160659114315138 0.17207792207792208 0.04531410916580844
0 0.25811688311688313 0.964984552008239 0.237012987012987 0.053553038105046344
0 0.5438311688311688 0.9570030895983522 0.15043290043290045 0.05818743563336766
0 0.8262987012987013 0.946961894953656 0.20238095238095238 0.053553038105046344
0 0.8522727272727273 0.8833676622039135 0.16774891774891776 0.047888774459320285
0 0.5254329004329005 0.9006179196704428 0.20454545454545456 0.053553038105046344
0 0.49134199134199136 0.042996910401647784 0.1471861471861472 0.061277033985581875
0 0.23214285714285715 0.7518022657054583 0.1461038961038961 0.057672502574665295
0 0.4161255411255411 0.8583934088568486 0.21103896103896103 0.053553038105046344
0 0.7007575757575758 0.7940267765190525 0.18073593073593072 0.0690010298661174
0 0.3484848484848485 0.6879505664263645 0.20995670995670995 0.06282183316168898
0 0.25703463203463206 0.256951596292482 0.1461038961038961 0.053553038105046344
0 0.7153679653679653 0.0888259526261586 0.12554112554112554 0.049948506694129764
0 0.24134199134199133 0.6338825952626158 0.10606060606060606 0.046343975283213185
0 0.24621212121212122 0.913491246138002 0.12445887445887446 0.0607621009268795
0 0.5183982683982684 0.291967044284243 0.1774891774891775 0.053553038105046344
0 0.6845238095238095 0.039392378990731204 0.24134199134199133 0.057157569515962924
0 0.0946969696969697 0.42173017507724 0.10281385281385282 0.06591143151390319
0 0.2326839826839827 0.41735324407826985 0.19047619047619047 0.07260556127703399
0 0.5005411255411255 0.41529351184346036 0.32142857142857145 0.06848609680741503
0 0.8057359307359307 0.3959835221421215 0.24567099567099568 0.06488156539649846
0 0.06168831168831169 0.8596807415036045 0.09956709956709957 0.04891864057672503
0 0.20616883116883117 0.8555612770339855 0.20238095238095238 0.057157569515962924
0 0.5151515151515151 0.7425334706488157 0.18181818181818182 0.06385169927909372
0 0.7050865800865801 0.7340370751802265 0.13095238095238096 0.06230690010298661
0 0.10714285714285714 0.154994850669413 0.15151515151515152 0.06282183316168898
0 0.11471861471861472 0.2059732234809475 0.15800865800865802 0.061791967044284246
0 0.10606060606060606 0.2600411946446962 0.14502164502164502 0.055612770339855816
0 0.11580086580086581 0.3123069001029866 0.16017316017316016 0.05509783728115345
0 0.30627705627705626 0.34783728115345003 0.19696969696969696 0.0674562306900103
0 0.612012987012987 0.34243048403707516 0.11147186147186147 0.07106076210092688
0 0.8538961038961039 0.3213182286302781 0.20995670995670995 0.05664263645726056
0 0.12608225108225107 0.535015447991761 0.10930735930735931 0.05870236869207003
0 0.11038961038961038 0.4801750772399588 0.12337662337662338 0.0509783728115345
0 0.12445887445887446 0.5849639546858908 0.12554112554112554 0.05664263645726056
0 0.12229437229437229 0.638259526261586 0.1341991341991342 0.054067971163748715
0 0.1406926406926407 0.6936148300720907 0.17965367965367965 0.06488156539649846
0 0.1066017316017316 0.7543769309989702 0.11147186147186147 0.05664263645726056
0 0.5064935064935064 0.8027806385169928 0.19913419913419914 0.061791967044284246
0 0.3566017316017316 0.7991761071060762 0.09632034632034632 0.06694129763130793
0 0.9020562770562771 0.7762615859938208 0.15476190476190477 0.07260556127703399
0 0.8506493506493507 0.7224510813594233 0.14502164502164502 0.06488156539649846
0 0.8506493506493507 0.667610710607621 0.19480519480519481 0.06848609680741503
0 0.7905844155844156 0.45365602471678684 0.17207792207792208 0.05973223480947477
0 0.935064935064935 0.44464469618949537 0.13636363636363635 0.06024716786817714
0 0.6439393939393939 0.4590628218331617 0.12987012987012986 0.05509783728115345
0 0.8939393939393939 0.6161174047373842 0.07142857142857142 0.052008238928939236
0 0.6331168831168831 0.2399588053553038 0.2597402597402597 0.055612770339855816
0 0.8517316017316018 0.23455200823892894 0.13852813852813853 0.0509783728115345
0 0.2472943722943723 0.29788877445932027 0.11796536796536797 0.04376930998970134
0 0.5968614718614719 0.1892378990731205 0.16125541125541126 0.0509783728115345
0 0.09632034632034632 0.9155509783728115 0.18181818181818182 0.05149330587023687
0 0.08008658008658008 0.9673017507723995 0.1277056277056277 0.05303810504634397
0 0.6271645021645021 0.8514418125643667 0.2067099567099567 0.04891864057672503
0 0.8382034632034632 0.8406282183316169 0.2305194805194805 0.06333676622039135
0 0.11904761904761904 0.1004119464469619 0.12121212121212122 0.05252317198764161
0 0.3398268398268398 0.09500514933058703 0.33116883116883117 0.05509783728115345
0 0.5703463203463204 0.092173017507724 0.12554112554112554 0.05149330587023687
0 0.7521645021645021 0.28192584963954687 0.2987012987012987 0.049948506694129764
0 0.9464285714285714 0.26853759011328526 0.10064935064935066 0.047888774459320285
0 0.25757575757575757 0.5298661174047374 0.12554112554112554 0.05458290422245108
0 0.2532467532467532 0.583676622039135 0.1341991341991342 0.057157569515962924
0 0.25757575757575757 0.47811534500514935 0.12121212121212122 0.04685890834191555
0 0.4734848484848485 0.4698764160659114 0.18073593073593072 0.05303810504634397
