0 0.3744612068965517 0.4313304721030043 0.1713362068965517 0.23605150214592274
0 0.3744612068965517 0.7045779685264664 0.23814655172413793 0.2246065808297568
0 0.2785560344827586 0.1402002861230329 0.1540948275862069 0.22031473533619456
0 0.8038793103448276 0.6766809728183119 0.27155172413793105 0.2374821173104435
0 0.11907327586206896 0.15879828326180256 0.16702586206896552 0.26609442060085836
0 0.5948275862068966 0.413447782546495 0.15301724137931033 0.2088698140200286
0 0.7424568965517241 0.4105865522174535 0.12284482758620689 0.18025751072961374
0 0.1206896551724138 0.7195994277539342 0.15517241379310345 0.20314735336194564
0 0.8776939655172413 0.43776824034334766 0.1497844827586207 0.24320457796852646
0 0.8362068965517241 0.18168812589413447 0.23922413793103448 0.22031473533619456
