0 0.1615553121577218 0.13392857142857142 0.1588170865279299 0.16491596638655462
0 0.39978094194961666 0.10714285714285714 0.1774370208105148 0.15966386554621848
0 0.7086527929901424 0.15021008403361344 0.33953997809419495 0.17016806722689076
0 0.21193866374589265 0.8366596638655462 0.2267250821467689 0.16071428571428573
0 0.3822562979189485 0.8592436974789915 0.11829134720700986 0.15336134453781514
0 0.20372398685651696 0.717436974789916 0.16429353778751368 0.12184873949579832
0 0.6144578313253012 0.7358193277310925 0.10514786418400876 0.13130252100840337
0 0.5761226725082147 0.8613445378151261 0.23877327491785322 0.1407563025210084
0 0.8023001095290252 0.8371848739495799 0.21358159912376778 0.14495798319327732
0 0.6166484118291348 0.9627100840336135 0.1511500547645126 0.07457983193277311
0 0.39430449069003287 0.729516806722689 0.19934282584884994 0.12289915966386554
0 0.73986856516977 0.9390756302521008 0.10624315443592552 0.07983193277310924
0 0.8608981380065718 0.9196428571428571 0.14676889375684557 0.11869747899159663
0 0.39211391018619934 0.9564075630252101 0.27163198247535597 0.08298319327731092
