0 0.13764044943820225 0.24040920716112532 0.17134831460674158 0.16879795396419436
0 0.31179775280898875 0.23529411764705882 0.1853932584269663 0.1636828644501279
0 0.17275280898876405 0.08951406649616368 0.21629213483146068 0.12531969309462915
0 0.5709269662921348 0.08375959079283887 0.40870786516853935 0.12404092071611253
0 0.8953651685393258 0.09654731457800511 0.13904494382022473 0.11892583120204604
0 0.7001404494382022 0.22186700767263426 0.39747191011235955 0.1547314578005115
0 0.0800561797752809 0.38938618925831203 0.08146067415730338 0.1265984654731458
0 0.0723314606741573 0.510230179028133 0.07162921348314606 0.10997442455242967
0 0.26615168539325845 0.4968030690537084 0.22331460674157302 0.13682864450127877
0 0.511938202247191 0.4852941176470588 0.2654494382022472 0.15217391304347827
0 0.8307584269662921 0.48145780051150894 0.3300561797752809 0.15217391304347827
0 0.16643258426966293 0.6560102301790282 0.24578651685393257 0.1534526854219949
0 0.1271067415730337 0.8222506393861893 0.20084269662921347 0.16879795396419436
0 0.300561797752809 0.8190537084398977 0.14887640449438203 0.14194373401534527
0 0.3335674157303371 0.36892583120204603 0.3047752808988764 0.13682864450127877
0 0.7717696629213483 0.34846547314578 0.2907303370786517 0.1265984654731458
0 0.43047752808988765 0.6508951406649617 0.28792134831460675 0.1585677749360614
0 0.6769662921348315 0.6355498721227621 0.22752808988764045 0.13810741687979539
0 0.8658707865168539 0.629156010230179 0.16432584269662923 0.13810741687979539
0 0.9669943820224719 0.6259590792838875 0.07443820224719101 0.1265984654731458
0 0.5400280898876404 0.7762148337595908 0.3300561797752809 0.14066496163682865
0 0.7471910112359551 0.7672634271099744 0.10674157303370786 0.11508951406649616
0 0.8637640449438202 0.7755754475703325 0.13764044943820225 0.12404092071611253
0 0.32514044943820225 0.9162404092071611 0.1446629213483146 0.09846547314578005
0 0.601123595505618 0.9021739130434783 0.40730337078651685 0.1265984654731458
