0 0.14355828220858896 0.07775377969762419 0.1668711656441718 0.12958963282937366
0 0.4171779141104294 0.06317494600431965 0.2282208588957055 0.11987041036717062
0 0.7331288343558282 0.07991360691144708 0.3079754601226994 0.1468682505399568
0 0.11042944785276074 0.4762419006479482 0.19877300613496932 0.14038876889848811
0 0.3380368098159509 0.46490280777537796 0.23680981595092024 0.14794816414686826
0 0.5914110429447853 0.4508639308855292 0.21595092024539878 0.14146868250539957
0 0.8447852760736196 0.4524838012958963 0.25644171779141106 0.15334773218142547
0 0.18220858895705522 0.6128509719222462 0.298159509202454 0.12419006479481641
0 0.4368098159509202 0.6090712742980562 0.18895705521472392 0.12526997840172785
0 0.6276073619631902 0.593952483801296 0.19754601226993865 0.13822894168466524
0 0.30122699386503066 0.843952483801296 0.2196319018404908 0.1306695464362851
0 0.6484662576687117 0.8358531317494601 0.2392638036809816 0.13390928725701945
0 0.46503067484662575 0.838012958963283 0.1276073619631902 0.13606911447084233
0 0.8386503067484663 0.8288336933045356 0.14846625766871166 0.14146868250539957
0 0.6190184049079754 0.7008639308855291 0.3914110429447853 0.13822894168466524
0 0.8625766871165644 0.6987041036717062 0.15460122699386503 0.12526997840172785
0 0.8460122699386503 0.5885529157667386 0.27361963190184047 0.12958963282937366
0 0.10061349693251534 0.8471922246220303 0.17423312883435582 0.132829373650108
0 0.10061349693251534 0.6970842332613391 0.10552147239263804 0.052915766738660906
0 0.2214723926380368 0.7208423326133909 0.40613496932515336 0.11339092872570194
0 0.41779141104294476 0.9600431965442765 0.24171779141104294 0.0734341252699784
0 0.7245398773006135 0.9519438444924406 0.3325153374233129 0.08963282937365011
