0 0.3752821670428894 0.47381422924901184 0.2832957110609481 0.17885375494071146
0 0.14390519187358916 0.4683794466403162 0.17945823927765236 0.17193675889328064
0 0.20033860045146726 0.6146245059288538 0.3148984198645598 0.1482213438735178
0 0.7025959367945824 0.8458498023715415 0.2562076749435666 0.15217391304347827
0 0.582392776523702 0.7208498023715415 0.30699774266365687 0.12944664031620554
0 0.5880361173814899 0.47035573122529645 0.14672686230248308 0.17193675889328064
0 0.7200902934537246 0.4659090909090909 0.1489841986455982 0.19861660079051383
0 0.4966139954853273 0.6101778656126482 0.28893905191873587 0.11363636363636363
0 0.7878103837471784 0.7134387351778656 0.11963882618510158 0.12055335968379446
0 0.9102708803611738 0.8305335968379447 0.1636568848758465 0.13142292490118576
0 0.8707674943566591 0.5943675889328063 0.1523702031602709 0.11758893280632411
0 0.8871331828442438 0.45306324110671936 0.20090293453724606 0.17885375494071146
0 0.7144469525959368 0.6141304347826086 0.16252821670428894 0.11166007905138339
0 0.422686230248307 0.8819169960474308 0.2562076749435666 0.16897233201581027
0 0.17042889390519186 0.8863636363636364 0.2686230248306998 0.1324110671936759
0 0.13318284424379231 0.7114624505928854 0.09932279909706546 0.05533596837944664
0 0.23306997742663657 0.7435770750988142 0.3939051918735892 0.13932806324110672
0 0.9238148984198645 0.70899209486166 0.1433408577878104 0.11166007905138339
