0 0.15234375 0.07545367717287488 0.19308035714285715 0.10315186246418338
0 0.33816964285714285 0.07211079274116523 0.19196428571428573 0.11556829035339064
0 0.31919642857142855 0.3653295128939828 0.14508928571428573 0.12893982808022922
0 0.4849330357142857 0.3553008595988539 0.11272321428571429 0.12034383954154727
0 0.140625 0.37965616045845274 0.15848214285714285 0.13658070678127984
0 0.14397321428571427 0.6389684813753582 0.23214285714285715 0.11843361986628462
0 0.3705357142857143 0.6380133715377269 0.22767857142857142 0.1356255969436485
0 0.6261160714285714 0.07402101241642789 0.36607142857142855 0.1251193887297039
0 0.8699776785714286 0.08022922636103152 0.14174107142857142 0.1279847182425979
0 0.55078125 0.22254059216809932 0.13504464285714285 0.12225405921680993
0 0.38839285714285715 0.2125119388729704 0.18973214285714285 0.14231136580706782
0 0.18024553571428573 0.2086914995224451 0.25111607142857145 0.14995224450811842
0 0.11328125 0.5052531041069723 0.19977678571428573 0.14326647564469913
0 0.5920758928571429 0.6351480420248329 0.21316964285714285 0.13944603629417382
0 0.8197544642857143 0.3519579751671442 0.21316964285714285 0.13658070678127984
0 0.7170758928571429 0.2177650429799427 0.20647321428571427 0.14326647564469913
0 0.6863839285714286 0.49522445081184335 0.16517857142857142 0.12320916905444126
0 0.8922991071428571 0.47564469914040114 0.19754464285714285 0.1451766953199618
0 0.32645089285714285 0.49522445081184335 0.17299107142857142 0.13658070678127984
0 0.5094866071428571 0.5019102196752626 0.19308035714285715 0.12893982808022922
0 0.9012276785714286 0.223018147086915 0.18415178571428573 0.13658070678127984
0 0.8314732142857143 0.7702960840496658 0.22544642857142858 0.16523400191021967
0 0.6534598214285714 0.7822349570200573 0.14620535714285715 0.1623686723973257
0 0.38950892857142855 0.7750716332378224 0.36830357142857145 0.16523400191021967
0 0.11886160714285714 0.7531041069723018 0.20200892857142858 0.12129894937917861
0 0.8470982142857143 0.6155682903533907 0.30357142857142855 0.14995224450811842
