0 0.2652733118971061 0.2927272727272727 0.0932475884244373 0.06454545454545454
0 0.1310289389067524 0.2952272727272727 0.1720257234726688 0.0659090909090909
0 0.3259646302250804 0.11727272727272728 0.07636655948553055 0.05
0 0.5932475884244373 0.11704545454545455 0.10128617363344052 0.05409090909090909
0 0.6784565916398714 0.11431818181818182 0.08681672025723473 0.06409090909090909
0 0.10490353697749197 0.3568181818181818 0.10691318327974277 0.06181818181818182
0 0.12540192926045016 0.4163636363636364 0.13665594855305466 0.06727272727272728
0 0.2966237942122186 0.4109090909090909 0.11414790996784566 0.06636363636363636
0 0.21302250803858522 0.4125 0.04662379421221865 0.065
0 0.09364951768488745 0.5888636363636364 0.058681672025723476 0.055
0 0.1985530546623794 0.5804545454545454 0.08681672025723473 0.05454545454545454
0 0.3114951768488746 0.5725 0.11816720257234727 0.045909090909090906
0 0.10972668810289389 0.5302272727272728 0.09405144694533762 0.05409090909090909
0 0.10771704180064309 0.4759090909090909 0.09807073954983923 0.04727272727272727
0 0.3665594855305466 0.2918181818181818 0.1157556270096463 0.06636363636363636
0 0.5032154340836013 0.2877272727272727 0.15112540192926044 0.06636363636363636
0 0.6338424437299035 0.2777272727272727 0.11012861736334405 0.05818181818181818
0 0.1045016077170418 0.1775 0.13665594855305466 0.04045454545454545
0 0.053858520900321546 0.13022727272727272 0.06752411575562701 0.05590909090909091
0 0.565112540192926 0.06409090909090909 0.10771704180064309 0.046363636363636364
0 0.04823151125401929 0.03090909090909091 0.06109324758842444 0.05181818181818182
0 0.2222668810289389 0.4706818181818182 0.12781350482315113 0.056818181818181816
0 0.3392282958199357 0.46863636363636363 0.09646302250803858 0.05545454545454546
0 0.2266881028938907 0.5272727272727272 0.12540192926045016 0.04818181818181818
0 0.34364951768488744 0.5259090909090909 0.1085209003215434 0.05272727272727273
0 0.0819935691318328 0.23363636363636364 0.11254019292604502 0.060909090909090906
0 0.14911575562700966 0.12363636363636364 0.1229903536977492 0.05454545454545454
0 0.24356913183279744 0.12045454545454545 0.08360128617363344 0.04818181818181818
0 0.4397106109324759 0.1190909090909091 0.14790996784565916 0.060909090909090906
0 0.2528135048231511 0.1725 0.11173633440514469 0.053181818181818184
0 0.430064308681672 0.4025 0.1527331189710611 0.06954545454545455
0 0.5627009646302251 0.4006818181818182 0.11736334405144695 0.06227272727272727
0 0.5787781350482315 0.45431818181818184 0.1302250803858521 0.049545454545454545
0 0.2604501607717042 0.06568181818181819 0.1157556270096463 0.060454545454545455
0 0.44935691318327975 0.06181818181818182 0.10771704180064309 0.045454545454545456
0 0.11173633440514469 0.8097727272727273 0.12057877813504823 0.0740909090909091
0 0.2315112540192926 0.8022727272727272 0.1045016077170418 0.07090909090909091
0 0.5309485530546624 0.91 0.0860128617363344 0.05454545454545454
0 0.5217041800643086 0.8556818181818182 0.09163987138263666 0.05863636363636364
0 0.23713826366559485 0.735 0.1189710610932476 0.05818181818181818
0 0.20418006430868169 0.6768181818181818 0.1045016077170418 0.060909090909090906
0 0.6828778135048231 0.7961363636363636 0.07797427652733119 0.056818181818181816
0 0.7821543408360129 0.610909090909091 0.10289389067524116 0.04909090909090909
0 0.8778135048231511 0.6031818181818182 0.07877813504823152 0.05909090909090909
0 0.11053054662379422 0.07659090909090908 0.182475884244373 0.053181818181818184
0 0.4457395498392283 0.22636363636363635 0.19533762057877813 0.06636363636363636
0 0.24115755627009647 0.23136363636363635 0.19614147909967847 0.06
0 0.6229903536977492 0.2177272727272727 0.15916398713826366 0.06545454545454546
0 0.7713022508038585 0.21386363636363637 0.14067524115755628 0.06136363636363636
0 0.9115755627009646 0.2131818181818182 0.13344051446945338 0.06454545454545454
0 0.23512861736334406 0.3518181818181818 0.1487138263665595 0.05818181818181818
0 0.3770096463022508 0.6738636363636363 0.22990353697749197 0.055
0 0.7021704180064309 0.665 0.08762057877813505 0.057272727272727274
0 0.809887459807074 0.6631818181818182 0.12459807073954984 0.05909090909090909
0 0.15313504823151125 0.028181818181818183 0.12942122186495178 0.04909090909090909
0 0.39268488745980706 0.17068181818181818 0.15514469453376206 0.053181818181818184
0 0.5393890675241158 0.17295454545454544 0.10932475884244373 0.045909090909090906
0 0.44895498392282956 0.4593181818181818 0.1342443729903537 0.05227272727272727
0 0.38143086816720256 0.7975 0.1647909967845659 0.065
0 0.6414790996784566 0.9002272727272728 0.13183279742765272 0.06772727272727273
0 0.8106913183279743 0.7859090909090909 0.1422829581993569 0.06272727272727273
0 0.37861736334405144 0.7334090909090909 0.13183279742765272 0.06409090909090909
0 0.5016077170418006 0.7313636363636363 0.10289389067524116 0.05909090909090909
0 0.6330385852090032 0.7265909090909091 0.14389067524115756 0.06227272727272727
0 0.8147106109324759 0.7243181818181819 0.21945337620578778 0.06136363636363636
0 0.2966237942122186 0.021363636363636362 0.16237942122186494 0.038181818181818185
0 0.35852090032154343 0.3475 0.10610932475884244 0.05954545454545455
0 0.11937299035369775 0.8759090909090909 0.14389067524115756 0.06
0 0.26768488745980706 0.8663636363636363 0.15594855305466238 0.05545454545454546
0 0.40836012861736337 0.8570454545454546 0.1045016077170418 0.05409090909090909
0 0.2632636655948553 0.9220454545454545 0.15032154340836013 0.06227272727272727
0 0.7785369774919614 0.11636363636363636 0.10048231511254019 0.05818181818181818
0 0.10610932475884244 0.9329545454545455 0.1045016077170418 0.05409090909090909
0 0.11696141479099678 0.7429545454545454 0.12942122186495178 0.065
0 0.10490353697749197 0.6836363636363636 0.09405144694533762 0.05272727272727273
0 0.2029742765273312 0.6293181818181818 0.08118971061093247 0.04318181818181818
0 0.33440514469453375 0.6215909090909091 0.1495176848874598 0.053181818181818184
0 0.5237138263665595 0.6736363636363636 0.06511254019292605 0.05090909090909091
0 0.6065112540192926 0.6681818181818182 0.10530546623794212 0.05545454545454546
0 0.920016077170418 0.6581818181818182 0.09887459807073955 0.06181818181818182
0 0.6832797427652733 0.1625 0.17684887459807075 0.04681818181818182
0 0.8677652733118971 0.15795454545454546 0.11012861736334405 0.045909090909090906
0 0.7479903536977492 0.2740909090909091 0.14389067524115756 0.06
0 0.8697749196141479 0.27204545454545453 0.10771704180064309 0.057727272727272724
0 0.4895498392282958 0.3377272727272727 0.16237942122186494 0.06272727272727273
0 0.677652733118971 0.3770454545454546 0.07395498392282958 0.03318181818181818
0 0.7628617363344051 0.38886363636363636 0.2942122186495177 0.06954545454545455
0 0.6258038585209004 0.31931818181818183 0.07636655948553055 0.026818181818181817
0 0.719855305466238 0.32886363636363636 0.30305466237942125 0.06227272727272727
0 0.9417202572347267 0.3209090909090909 0.08762057877813505 0.056363636363636366
0 0.9405144694533762 0.3815909090909091 0.06752411575562701 0.06318181818181819
0 0.09565916398713827 0.6422727272727272 0.08681672025723473 0.04090909090909091
0 0.44895498392282956 0.6227272727272727 0.09405144694533762 0.04818181818181818
0 0.5393890675241158 0.6215909090909091 0.08681672025723473 0.05409090909090909
0 0.6567524115755627 0.6131818181818182 0.15594855305466238 0.04909090909090909
0 0.8219453376205788 0.5595454545454546 0.15192926045016078 0.05454545454545454
0 0.9457395498392283 0.5509090909090909 0.09565916398713827 0.042727272727272725
0 0.7431672025723473 0.5084090909090909 0.12620578778135047 0.05590909090909091
0 0.852491961414791 0.5038636363636364 0.09565916398713827 0.055
0 0.8689710610932476 0.4475 0.09485530546623794 0.06318181818181819
0 0.942524115755627 0.4470454545454545 0.06672025723472669 0.05227272727272727
0 0.555064308681672 0.7963636363636364 0.182475884244373 0.06545454545454546
0 0.7290996784565916 0.8504545454545455 0.10610932475884244 0.053636363636363635
0 0.8207395498392283 0.8459090909090909 0.06752411575562701 0.05545454545454546
0 0.9087620578778135 0.8425 0.0635048231511254 0.06227272727272727
0 0.7841639871382636 0.9011363636363636 0.1535369774919614 0.06318181818181819
0 0.4119774919614148 0.9145454545454546 0.1454983922829582 0.06545454545454546
0 0.5856109324758842 0.5106818181818182 0.18569131832797428 0.05409090909090909
0 0.5647106109324759 0.5643181818181818 0.12942122186495178 0.053181818181818184
0 0.6893086816720257 0.5629545454545455 0.12459807073954984 0.05409090909090909
0 0.42885852090032156 0.5711363636363637 0.1310289389067524 0.05227272727272727
0 0.7286977491961415 0.4536363636363636 0.17765273311897106 0.05818181818181818
0 0.9433279742765274 0.5043181818181818 0.09244372990353698 0.056818181818181816
0 0.947347266881029 0.6025 0.0635048231511254 0.05136363636363636
0 0.9188102893890675 0.7829545454545455 0.06752411575562701 0.05590909090909091
0 0.8934887459807074 0.8977272727272727 0.07154340836012862 0.046363636363636364
0 0.46061093247588425 0.02 0.16881028938906753 0.04
