0 0.5298181818181819 0.09867963863794302 0.11272727272727273 0.08756080611535788
0 0.6967272727272728 0.09555246699096595 0.20945454545454545 0.08408617095205004
0 0.8829090909090909 0.0851285615010424 0.09454545454545454 0.08269631688672689
0 0.2789090909090909 0.27936066712995133 0.12290909090909091 0.08061153578874218
0 0.37236363636363634 0.2810979847116053 0.06836363636363636 0.07852675469075747
0 0.6967272727272728 0.529186935371786 0.096 0.10215427380125087
0 0.7814545454545454 0.5271021542738012 0.08218181818181818 0.103544127866574
0 0.5996363636363636 0.5281445448227936 0.10836363636363637 0.09589993050729674
0 0.49818181818181817 0.5260597637248089 0.10618181818181818 0.0917303683113273
0 0.3850909090909091 0.4499652536483669 0.14181818181818182 0.07435719249478805
0 0.5029090909090909 0.44440583738707434 0.104 0.07435719249478805
0 0.3610909090909091 0.36935371785962473 0.088 0.08686587908269632
0 0.44436363636363635 0.3634468380820014 0.07418181818181818 0.09867963863794302
0 0.5174545454545455 0.35997220291869353 0.07490909090909091 0.0945100764419736
0 0.6072727272727273 0.35719249478804727 0.12363636363636364 0.0917303683113273
0 0.7054545454545454 0.3512856150104239 0.06981818181818182 0.08547602501737317
0 0.8294545454545454 0.3488533703961084 0.18109090909090908 0.08756080611535788
0 0.43963636363636366 0.1014593467685893 0.08072727272727273 0.09034051424600417
0 0.34145454545454546 0.0965948575399583 0.11563636363636363 0.10006949270326616
0 0.31345454545454543 0.19457956914523974 0.12945454545454546 0.08756080611535788
0 0.43054545454545456 0.1911049339819319 0.10763636363636364 0.08895066018068103
0 0.5116363636363637 0.17060458651841556 0.04581818181818182 0.0423905489923558
0 0.5305454545454545 0.17998610145934676 0.10690909090909091 0.07227241139680333
0 0.6301818181818182 0.17824878387769283 0.09236363636363637 0.07157748436414177
0 0.7069090909090909 0.17720639332870047 0.064 0.07088255733148019
0 0.7869090909090909 0.16990965948575398 0.11054545454545454 0.08269631688672689
0 0.8883636363636364 0.16608756080611536 0.09963636363636363 0.0847810979847116
0 0.8534545454545455 0.25747046560111186 0.12 0.09520500347463516
0 0.24254545454545454 0.448227936066713 0.13454545454545455 0.08200138985406533
0 0.3789090909090909 0.5316191799861014 0.13672727272727273 0.08339124391938846
0 0.26545454545454544 0.5333564975677554 0.09018181818181818 0.08686587908269632
0 0.8974545454545455 0.5149409312022237 0.11781818181818182 0.09312022237665045
0 0.6061818181818182 0.4402362751911049 0.10836363636363637 0.08269631688672689
0 0.7032727272727273 0.43537178596247395 0.08581818181818182 0.08408617095205004
0 0.7818181818181819 0.4346768589298124 0.08 0.08825573314801946
0 0.44 0.7157748436414176 0.0989090909090909 0.0847810979847116
0 0.6021818181818182 0.7050034746351633 0.16436363636363635 0.08269631688672689
0 0.8636363636363636 0.6924947880472551 0.17236363636363636 0.08130646282140375
0 0.872 0.610145934676859 0.07854545454545454 0.08617095205003475
0 0.7396363636363636 0.6282140375260598 0.09745454545454546 0.09312022237665045
0 0.6483636363636364 0.6223071577484364 0.088 0.08130646282140375
0 0.544 0.6233495482974287 0.0989090909090909 0.0945100764419736
0 0.7061818181818181 0.2644197359277276 0.11781818181818182 0.09103544127866574
0 0.6127272727272727 0.263724808895066 0.07490909090909091 0.09381514940931203
0 0.4429090909090909 0.2758860319666435 0.07563636363636364 0.07644197359277276
0 0.5283636363636364 0.26337734537873525 0.09963636363636363 0.0945100764419736
0 0.9683636363636363 0.7602501737317582 0.05890909090909091 0.09312022237665045
0 0.848 0.8485059068797777 0.17454545454545456 0.08200138985406533
0 0.264 0.3690062543432939 0.11345454545454546 0.08617095205003475
0 0.3287272727272727 0.7206393328700487 0.11781818181818182 0.08617095205003475
0 0.3981818181818182 0.8019457956914524 0.09672727272727273 0.08617095205003475
0 0.4930909090909091 0.7936066712995136 0.0989090909090909 0.08895066018068103
0 0.5803636363636364 0.7890896455872134 0.0829090909090909 0.09103544127866574
0 0.6603636363636364 0.7859624739402363 0.08 0.08200138985406533
0 0.7403636363636363 0.7793606671299513 0.08145454545454546 0.09103544127866574
0 0.3010909090909091 0.8082001389854065 0.10036363636363636 0.08617095205003475
0 0.176 0.711952744961779 0.05381818181818182 0.046560111188325225
0 0.20727272727272728 0.7178596247394023 0.13963636363636364 0.0847810979847116
