0 0.17004264392324095 0.0687732342007435 0.21641791044776118 0.10780669144981413
0 0.4163113006396588 0.0645910780669145 0.27185501066098083 0.1087360594795539
0 0.14925373134328357 0.17843866171003717 0.2025586353944563 0.10966542750929369
0 0.1433901918976546 0.29739776951672864 0.21215351812366737 0.12453531598513011
0 0.35927505330490406 0.30297397769516726 0.20042643923240938 0.14869888475836432
0 0.3502132196162047 0.17611524163568773 0.20149253731343283 0.11988847583643122
0 0.17430703624733476 0.7978624535315985 0.291044776119403 0.16263940520446096
0 0.597547974413646 0.17518587360594795 0.2867803837953092 0.10687732342007435
0 0.5517057569296375 0.9488847583643123 0.2505330490405117 0.09851301115241635
0 0.6162046908315565 0.8015799256505576 0.23667377398720682 0.13475836431226765
0 0.1140724946695096 0.6575278810408922 0.15778251599147122 0.13289962825278812
0 0.7825159914712153 0.0683085501858736 0.16204690831556504 0.11431226765799256
0 0.8246268656716418 0.9391263940520446 0.291044776119403 0.11059479553903345
0 0.35874200426439234 0.6644981412639405 0.244136460554371 0.16171003717472118
0 0.599680170575693 0.6510223048327137 0.23560767590618337 0.18680297397769516
0 0.5346481876332623 0.2904275092936803 0.1396588486140725 0.10315985130111524
0 0.40618336886993606 0.8141263940520446 0.18976545842217485 0.13197026022304834
0 0.6263326226012793 0.07295539033457249 0.15458422174840086 0.1366171003717472
0 0.8443496801705757 0.6505576208178439 0.279317697228145 0.16356877323420074
0 0.6657782515991472 0.2732342007434944 0.13113006396588486 0.14312267657992564
0 0.7452025586353944 0.28113382899628253 0.05543710021321962 0.129182156133829
0 0.835820895522388 0.26394052044609667 0.13859275053304904 0.16356877323420074
0 0.9434968017057569 0.25325278810408924 0.09381663113006397 0.13475836431226765
0 0.27025586353944564 0.9488847583643123 0.20575692963752665 0.09479553903345725
0 0.8395522388059702 0.15288104089219332 0.11833688699360341 0.08643122676579926
0 0.8001066098081023 0.8020446096654275 0.12686567164179105 0.13568773234200743
0 0.9248400852878464 0.7797397769516728 0.13113006396588486 0.12639405204460966
0 0.9211087420042644 0.05855018587360595 0.13432835820895522 0.09665427509293681
