0 0.43855421686746987 0.2834319526627219 0.18072289156626506 0.2
0 0.6512048192771084 0.26568047337278106 0.17710843373493976 0.15976331360946747
0 0.24819277108433735 0.26627218934911245 0.13734939759036144 0.13964497041420118
0 0.09939759036144578 0.26745562130177514 0.1578313253012048 0.20591715976331362
0 0.1536144578313253 0.09171597633136094 0.25903614457831325 0.15266272189349112
0 0.1650602409638554 0.8023668639053254 0.2433734939759036 0.19644970414201182
0 0.39518072289156625 0.09112426035502959 0.24819277108433735 0.1514792899408284
0 0.5861445783132531 0.09940828402366864 0.19156626506024096 0.15857988165680473
0 0.43373493975903615 0.7976331360946746 0.29397590361445786 0.2319526627218935
0 0.8722891566265061 0.7538461538461538 0.17349397590361446 0.15621301775147928
0 0.4475903614457831 0.9485207100591716 0.16265060240963855 0.09112426035502959
0 0.65 0.9502958579881656 0.1578313253012048 0.09230769230769231
0 0.8024096385542169 0.9319526627218935 0.12771084337349398 0.11005917159763313
0 0.6807228915662651 0.7656804733727811 0.21204819277108433 0.20591715976331362
