0 0.7072368421052632 0.1644602851323829 0.20394736842105263 0.14969450101832993
0 0.45394736842105265 0.6425661914460286 0.16885964912280702 0.1894093686354379
0 0.18640350877192982 0.4663951120162933 0.2916666666666667 0.1690427698574338
0 0.19078947368421054 0.6466395112016293 0.2916666666666667 0.1710794297352342
0 0.7966008771929824 0.3340122199592668 0.3344298245614035 0.1446028513238289
0 0.24342105263157895 0.3019348268839104 0.4342105263157895 0.1985743380855397
0 0.8481359649122807 0.6471486761710794 0.14583333333333334 0.13747454175152748
0 0.23026315789473684 0.11761710794297352 0.3574561403508772 0.17413441955193482
0 0.5932017543859649 0.810081466395112 0.23903508771929824 0.13136456211812628
0 0.3481359649122807 0.8065173116089613 0.2774122807017544 0.14867617107942974
0 0.7861842105263158 0.7968431771894093 0.16228070175438597 0.14358452138492872
0 0.12554824561403508 0.8014256619144603 0.1875 0.15478615071283094
0 0.1699561403508772 0.939918533604888 0.26535087719298245 0.11608961303462322
0 0.5400219298245614 0.4694501018329939 0.39364035087719296 0.1364562118126273
0 0.5010964912280702 0.13441955193482688 0.1600877192982456 0.20162932790224034
0 0.8064692982456141 0.48828920570264767 0.12828947368421054 0.15784114052953158
0 0.4830043859649123 0.9332993890020367 0.35635964912280704 0.11507128309572301
0 0.8070175438596491 0.9170061099796334 0.13157894736842105 0.12729124236252545
0 0.9259868421052632 0.7942973523421588 0.12609649122807018 0.12830957230142567
0 0.9298245614035088 0.47352342158859473 0.1337719298245614 0.12830957230142567
0 0.6864035087719298 0.6624236252545825 0.17982456140350878 0.14969450101832993
0 0.9024122807017544 0.15835030549898166 0.1600877192982456 0.15173116089613034
0 0.9654605263157895 0.6227087576374746 0.0712719298245614 0.1680244399185336
