0 0.11586051743532058 0.09790979097909791 0.14173228346456693 0.13861386138613863
0 0.23959505061867267 0.0891089108910891 0.08998875140607424 0.1342134213421342
0 0.23284589426321708 0.2552255225522552 0.08773903262092239 0.1474147414741474
0 0.10798650168728909 0.2722772277227723 0.12598425196850394 0.14411441144114412
0 0.10011248593925759 0.4158415841584158 0.11473565804274466 0.1276127612761276
0 0.22609673790776152 0.3998899889988999 0.0764904386951631 0.13091309130913092
0 0.7002249718785152 0.5302530253025303 0.14960629921259844 0.18921892189218922
0 0.5022497187851519 0.5572057205720572 0.11811023622047244 0.15951595159515952
0 0.41394825646794153 0.07865786578657866 0.1529808773903262 0.12431243124312431
0 0.6023622047244095 0.07260726072607261 0.2170978627671541 0.12321232123212321
0 0.3892013498312711 0.23377337733773376 0.21597300337457817 0.1485148514851485
0 0.5056242969628797 0.36743674367436746 0.2283464566929134 0.132013201320132
0 0.7137232845894264 0.3536853685368537 0.18110236220472442 0.1265126512651265
0 0.8166479190101237 0.07865786578657866 0.17547806524184478 0.1485148514851485
0 0.8993250843644545 0.3371837183718372 0.1203599550056243 0.11331133113311331
0 0.5613048368953881 0.21837183718371836 0.0922384701912261 0.13751375137513752
0 0.7238470191226096 0.21397139713971397 0.19910011248593926 0.12871287128712872
0 0.904949381327334 0.21397139713971397 0.15185601799775028 0.1265126512651265
0 0.10404949381327334 0.5451045104510451 0.12485939257592801 0.1265126512651265
0 0.30821147356580425 0.5555555555555556 0.27671541057367827 0.18701870187018702
