0 0.48524762908324554 0.23172905525846701 0.220231822971549 0.1497326203208556
0 0.09852476290832456 0.9024064171122995 0.14857744994731295 0.12210338680926916
0 0.28187565858798735 0.8988413547237076 0.21812434141201265 0.12923351158645277
0 0.49420442571127504 0.8908199643493762 0.18124341412012646 0.14171122994652408
0 0.7913593256059009 0.08823529411764706 0.30979978925184404 0.13903743315508021
0 0.4905163329820864 0.08912655971479501 0.2792413066385669 0.1443850267379679
0 0.2555321390937829 0.09714795008912656 0.1612223393045311 0.16399286987522282
0 0.17386722866174922 0.5227272727272727 0.3119072708113804 0.13636363636363635
0 0.051106427818756586 0.08912655971479501 0.07692307692307693 0.11051693404634581
0 0.06743940990516333 0.25133689839572193 0.0821917808219178 0.11764705882352941
0 0.2507903055848261 0.24777183600713013 0.24446786090621708 0.15508021390374332
0 0.6981032665964173 0.4692513368983957 0.20126448893572182 0.13636363636363635
0 0.11538461538461539 0.7718360071301248 0.20969441517386722 0.12121212121212122
0 0.10748155953635406 0.64349376114082 0.19388830347734456 0.1265597147950089
0 0.4383561643835616 0.6314616755793226 0.16649104320337196 0.14705882352941177
0 0.46206533192834565 0.4893048128342246 0.2708113804004215 0.13725490196078433
0 0.7197049525816649 0.5993761140819964 0.12223393045310854 0.13458110516934046
0 0.6180189673340358 0.7624777183600713 0.08535300316122234 0.11497326203208556
0 0.6612223393045311 0.8979500891265597 0.15700737618545837 0.12388591800356506
0 0.8266596417281349 0.8961675579322638 0.1970495258166491 0.13814616755793227
0 0.30505795574288724 0.7687165775401069 0.1654373024236038 0.12388591800356506
0 0.4794520547945205 0.7606951871657754 0.1833508956796628 0.11140819964349376
0 0.8245521601685986 0.7575757575757576 0.3403582718651212 0.16042780748663102
0 0.7781875658587988 0.2281639928698752 0.40569020021074814 0.16399286987522282
0 0.8645943097997892 0.4772727272727273 0.1422550052687039 0.13814616755793227
