0 0.3373015873015873 0.05956678700361011 0.21825396825396826 0.11371841155234658
0 0.12896825396825398 0.16877256317689532 0.1765873015873016 0.11732851985559567
0 0.09573412698412699 0.27481949458483756 0.11408730158730158 0.09115523465703972
0 0.09970238095238096 0.3722924187725632 0.11805555555555555 0.09296028880866426
0 0.10317460317460317 0.48826714801444043 0.13690476190476192 0.1263537906137184
0 0.27132936507936506 0.49864620938628157 0.20337301587301587 0.11281588447653429
0 0.27976190476190477 0.37815884476534295 0.24603174603174602 0.10469314079422383
0 0.3551587301587302 0.17012635379061372 0.2876984126984127 0.13808664259927797
0 0.2425595238095238 0.2815884476534296 0.19940476190476192 0.10830324909747292
0 0.11160714285714286 0.7996389891696751 0.1498015873015873 0.1444043321299639
0 0.29662698412698413 0.8136281588447654 0.13293650793650794 0.13447653429602888
0 0.10714285714285714 0.9142599277978339 0.16666666666666666 0.10830324909747292
0 0.30505952380952384 0.9246389891696751 0.18353174603174602 0.13267148014440433
0 0.7787698412698413 0.8280685920577617 0.16468253968253968 0.1092057761732852
0 0.6046626984126984 0.1796028880866426 0.20337301587301587 0.1299638989169675
0 0.11259920634920635 0.05956678700361011 0.18154761904761904 0.11371841155234658
0 0.5421626984126984 0.8240072202166066 0.2906746031746032 0.1552346570397112
0 0.7336309523809523 0.5148916967509025 0.19146825396825398 0.14530685920577618
0 0.623015873015873 0.06949458483754513 0.375 0.11913357400722022
0 0.7514880952380952 0.18772563176895307 0.11805555555555555 0.10649819494584838
0 0.8918650793650794 0.18140794223826714 0.17857142857142858 0.10830324909747292
0 0.5024801587301587 0.5121841155234657 0.2847222222222222 0.1651624548736462
0 0.47271825396825395 0.953971119133574 0.12202380952380952 0.09566787003610108
0 0.40922619047619047 0.2779783393501805 0.1378968253968254 0.10830324909747292
0 0.7604166666666666 0.29422382671480146 0.18353174603174602 0.10649819494584838
0 0.75 0.39620938628158847 0.25793650793650796 0.11010830324909747
0 0.5699404761904762 0.2770758122743682 0.1974206349206349 0.11010830324909747
