0 0.26651785714285714 0.13331792975970425 0.17410714285714285 0.06977818853974121
0 0.2575892857142857 0.05083179297597042 0.12589285714285714 0.07948243992606285
0 0.47276785714285713 0.04436229205175601 0.24375 0.07208872458410351
0 0.7174107142857142 0.04644177449168207 0.12946428571428573 0.05406654343807763
0 0.4857142857142857 0.12407578558225509 0.19464285714285715 0.07347504621072089
0 0.44821428571428573 0.1963955637707948 0.18035714285714285 0.06284658040665435
0 0.44151785714285713 0.2659426987060998 0.17232142857142857 0.0688539741219963
0 0.7040178571428571 0.12407578558225509 0.24196428571428572 0.05406654343807763
0 0.6138392857142857 0.20309611829944546 0.13660714285714284 0.06792975970425139
0 0.603125 0.2728743068391867 0.1419642857142857 0.06792975970425139
0 0.6950892857142857 0.408271719038817 0.17410714285714285 0.06423290203327171
0 0.3205357142857143 0.3465804066543438 0.20892857142857144 0.06746765249537892
0 0.4138392857142857 0.4685767097966728 0.11517857142857142 0.059149722735674676
0 0.10044642857142858 0.4817467652495379 0.14732142857142858 0.07347504621072089
0 0.22901785714285713 0.7164972273567468 0.10446428571428572 0.060536044362292055
0 0.11785714285714285 0.947550831792976 0.11428571428571428 0.042975970425138635
0 0.24241071428571428 0.9530961182994455 0.11160714285714286 0.05314232902033272
0 0.11383928571428571 0.9008780036968577 0.10803571428571429 0.05406654343807763
0 0.5580357142857143 0.8939463955637708 0.08571428571428572 0.05591497227356747
0 0.4575892857142857 0.899260628465804 0.09017857142857143 0.054528650646950096
0 0.6950892857142857 0.8879390018484289 0.13660714285714284 0.06146025878003697
0 0.12098214285714286 0.7774953789279113 0.11875 0.07347504621072089
0 0.08526785714285715 0.6524953789279113 0.08839285714285715 0.06284658040665435
0 0.12723214285714285 0.1321626617375231 0.12589285714285714 0.07208872458410351
0 0.13258928571428572 0.20771719038817005 0.13660714285714284 0.07347504621072089
0 0.1375 0.2814232902033272 0.12678571428571428 0.07578558225508318
0 0.2700892857142857 0.20702402957486138 0.12767857142857142 0.07763401109057301
0 0.47232142857142856 0.41150646950092423 0.2767857142857143 0.05961182994454713
0 0.27455357142857145 0.5371996303142329 0.15803571428571428 0.06608133086876156
0 0.10178571428571428 0.539279112754159 0.15 0.04621072088724584
0 0.39553571428571427 0.7118761552680222 0.1767857142857143 0.060536044362292055
0 0.2714285714285714 0.8923290203327172 0.14642857142857144 0.06377079482439926
0 0.6330357142857143 0.9410813308687616 0.2767857142857143 0.047597042513863215
0 0.4049107142857143 0.947550831792976 0.14732142857142858 0.05683918669131238
0 0.11517857142857142 0.054528650646950096 0.10357142857142858 0.0822550831792976
0 0.6303571428571428 0.04251386321626617 0.07321428571428572 0.06931608133086876
0 0.859375 0.05129390018484288 0.15982142857142856 0.08040665434380777
0 0.7535714285714286 0.19431608133086875 0.14821428571428572 0.06977818853974121
0 0.26160714285714287 0.4704251386321627 0.1392857142857143 0.06931608133086876
0 0.5026785714285714 0.4683456561922366 0.06607142857142857 0.05591497227356747
0 0.11339285714285714 0.7139556377079482 0.11428571428571428 0.06099815157116451
0 0.2544642857142857 0.7781885397412199 0.14464285714285716 0.06284658040665435
0 0.5629464285714286 0.7684842883548983 0.08660714285714285 0.07208872458410351
0 0.6508928571428572 0.655268022181146 0.13214285714285715 0.06839186691312385
0 0.421875 0.7726432532347505 0.1669642857142857 0.06561922365988909
0 0.115625 0.8398798521256932 0.12053571428571429 0.050369685767097966
0 0.25625 0.8350277264325323 0.18392857142857144 0.053604436229205174
0 0.5964285714285714 0.7102587800369686 0.23392857142857143 0.05268022181146026
0 0.6602678571428572 0.7636321626617375 0.10267857142857142 0.057763401109057304
0 0.7910714285714285 0.755083179297597 0.14107142857142857 0.05822550831792976
0 0.09285714285714286 0.592652495378928 0.09642857142857143 0.044824399260628464
0 0.23169642857142858 0.5914972273567468 0.18482142857142858 0.05822550831792976
0 0.6415178571428571 0.46788354898336415 0.1455357142857143 0.062384473197781884
0 0.09375 0.4161275415896488 0.10178571428571428 0.057763401109057304
0 0.240625 0.4121996303142329 0.18660714285714286 0.05822550831792976
0 0.215625 0.6506469500924215 0.12589285714285714 0.06099815157116451
0 0.44821428571428573 0.5933456561922366 0.2625 0.06377079482439926
0 0.6267857142857143 0.5295748613678374 0.24107142857142858 0.06099815157116451
0 0.9071428571428571 0.19015711645101663 0.15535714285714286 0.06515711645101664
0 0.7383928571428572 0.26571164510166356 0.12321428571428572 0.05822550831792976
0 0.8763392857142858 0.2601663585951941 0.14732142857142858 0.05545286506469501
0 0.10580357142857143 0.35189463955637706 0.10089285714285715 0.06977818853974121
0 0.6808035714285714 0.5931146025878004 0.20625 0.0633086876155268
0 0.7763392857142857 0.4699630314232902 0.11696428571428572 0.06007393715341959
0 0.8964285714285715 0.4653419593345656 0.125 0.06746765249537892
0 0.6883928571428571 0.33849353049907577 0.1 0.07809611829944547
0 0.6825892857142857 0.8299445471349353 0.2330357142857143 0.06839186691312385
0 0.8897321428571429 0.8126155268022182 0.18482142857142858 0.06977818853974121
0 0.44821428571428573 0.8368761552680222 0.21964285714285714 0.06746765249537892
0 0.8352678571428571 0.880083179297597 0.14375 0.062384473197781884
0 0.75625 0.7060998151571165 0.09464285714285714 0.053604436229205174
0 0.5308035714285714 0.34149722735674676 0.21875 0.0767097966728281
0 0.80625 0.3345656192236599 0.14285714285714285 0.07393715341959335
0 0.7919642857142857 0.5291127541589649 0.09642857142857143 0.05730129390018484
0 0.9008928571428572 0.5184842883548983 0.15 0.05822550831792976
0 0.8723214285714286 0.12176524953789279 0.10892857142857143 0.060536044362292055
0 0.2638392857142857 0.2816543438077634 0.13839285714285715 0.06700554528650647
0 0.271875 0.29066543438077636 0.06875 0.04528650646950092
0 0.9339285714285714 0.3292513863216266 0.11785714285714285 0.07902033271719039
0 0.8790178571428572 0.40318853974122 0.19553571428571428 0.07347504621072089
0 0.4299107142857143 0.5314232902033271 0.15982142857142856 0.06377079482439926
0 0.8669642857142857 0.5898798521256932 0.17857142857142858 0.06977818853974121
0 0.4388392857142857 0.6527264325323475 0.11160714285714286 0.06146025878003697
0 0.8191964285714286 0.9316081330868762 0.09375 0.059149722735674676
0 0.7714285714285715 0.6506469500924215 0.11785714285714285 0.05730129390018484
0 0.8883928571428571 0.6490295748613678 0.12857142857142856 0.062384473197781884
0 0.9245535714285714 0.7546210720887245 0.12053571428571429 0.06192236598890943
0 0.5321428571428571 0.6511090573012939 0.10178571428571428 0.05822550831792976
0 0.5392857142857143 0.6631238447319778 0.05178571428571429 0.036044362292051754
0 0.8767857142857143 0.7007855822550831 0.15 0.045748613678373386
