0 0.24682926829268292 0.20469798657718122 0.23219512195121952 0.10258868648130393
0 0.4058536585365854 0.21476510067114093 0.08585365853658537 0.18983700862895495
0 0.5448780487804878 0.19798657718120805 0.20390243902439023 0.23106423777564716
0 0.7370731707317073 0.22003835091083412 0.17658536585365853 0.2099712368168744
0 0.9039024390243903 0.21476510067114093 0.15902439024390244 0.13806327900287632
0 0.1404878048780488 0.8298178331735379 0.1951219512195122 0.19079578139980824
0 0.3985365853658537 0.8202301054650047 0.3248780487804878 0.16970278044103548
0 0.6234146341463415 0.8288590604026845 0.1248780487804878 0.1716203259827421
0 0.8863414634146342 0.6030680728667306 0.22341463414634147 0.16874400767018216
0 0.6575609756097561 0.6308724832214765 0.255609756097561 0.1860019175455417
0 0.46634146341463417 0.6505273250239694 0.13658536585365855 0.17353787152444872
0 0.29804878048780487 0.6409395973154363 0.21365853658536585 0.18887823585810162
0 0.14682926829268292 0.638542665388303 0.12195121951219512 0.18791946308724833
0 0.5107317073170732 0.43720038350910834 0.14926829268292682 0.22051773729626079
0 0.7029268292682926 0.4467881112176414 0.24878048780487805 0.20901246404602108
0 0.9126829268292683 0.39453499520613616 0.13951219512195123 0.16586768935762225
0 0.8312195121951219 0.8139980824544583 0.2673170731707317 0.1840843720038351
