0 0.5126964933494559 0.4621394230769231 0.12333736396614269 0.15264423076923078
0 0.3222490931076179 0.45492788461538464 0.2430471584038694 0.17908653846153846
0 0.23155985489721886 0.7932692307692307 0.1656590084643289 0.16105769230769232
0 0.4274486094316808 0.7854567307692307 0.1777509068923821 0.11658653846153846
0 0.5411124546553809 0.2512019230769231 0.2599758162031439 0.19951923076923078
0 0.6686819830713422 0.4338942307692308 0.17896009673518742 0.18509615384615385
0 0.5544135429262395 0.9242788461538461 0.15114873035066506 0.13942307692307693
0 0.7388149939540508 0.9206730769230769 0.2007255139056832 0.13221153846153846
0 0.7351874244256348 0.6021634615384616 0.3022974607013301 0.18028846153846154
0 0.8331318016928658 0.4248798076923077 0.1475211608222491 0.17427884615384615
0 0.9226118500604595 0.41466346153846156 0.08222490931076179 0.17307692307692307
0 0.7424425634824667 0.24699519230769232 0.14268440145102781 0.19110576923076922
0 0.8845223700120919 0.17427884615384615 0.14631197097944376 0.19471153846153846
0 0.3101571946795647 0.27944711538461536 0.18742442563482467 0.15264423076923078
0 0.7237001209189843 0.7542067307692307 0.3954050785973398 0.17427884615384615
0 0.4026602176541717 0.9158653846153846 0.1523579201934704 0.13942307692307693
0 0.20737605804111245 0.9164663461538461 0.2478839177750907 0.14543269230769232
0 0.5937122128174124 0.75 0.11608222490931076 0.09134615384615384
