0 0.49946351931330474 0.1162037037037037 0.17489270386266095 0.13240740740740742
0 0.22371244635193133 0.12222222222222222 0.33583690987124465 0.17222222222222222
0 0.4227467811158798 0.43148148148148147 0.16952789699570817 0.1425925925925926
0 0.16684549356223177 0.45416666666666666 0.286480686695279 0.18425925925925926
0 0.8299356223175965 0.5685185185185185 0.10622317596566523 0.14444444444444443
0 0.6362660944206009 0.575462962962963 0.2982832618025751 0.14537037037037037
0 0.6373390557939914 0.2708333333333333 0.296137339055794 0.16018518518518518
0 0.8234978540772532 0.26851851851851855 0.07188841201716738 0.15185185185185185
0 0.41469957081545067 0.7347222222222223 0.33798283261802575 0.1398148148148148
0 0.9286480686695279 0.2722222222222222 0.13197424892703863 0.15555555555555556
0 0.9431330472103004 0.5675925925925925 0.11158798283261803 0.1537037037037037
0 0.13251072961373392 0.749537037037037 0.21781115879828325 0.15462962962962962
0 0.7054721030042919 0.7157407407407408 0.22424892703862662 0.12962962962962962
0 0.694206008583691 0.12268518518518519 0.18669527896995708 0.13240740740740742
0 0.6110515021459227 0.42962962962962964 0.18776824034334763 0.14629629629629629
0 0.9007510729613734 0.11944444444444445 0.13626609442060086 0.12222222222222222
0 0.16201716738197425 0.8925925925925926 0.2832618025751073 0.14444444444444443
0 0.8664163090128756 0.8555555555555555 0.25 0.13703703703703704
0 0.3406652360515021 0.26435185185185184 0.31008583690987124 0.16018518518518518
0 0.3487124463519313 0.5921296296296297 0.2854077253218884 0.16018518518518518
0 0.9028969957081545 0.7171296296296297 0.15987124463519314 0.14722222222222223
0 0.375 0.8949074074074074 0.1555793991416309 0.13425925925925927
0 0.532725321888412 0.8782407407407408 0.17274678111587982 0.13240740740740742
0 0.677038626609442 0.8717592592592592 0.13304721030042918 0.14537037037037037
