0 0.153363740022805 0.2857142857142857 0.08551881413911061 0.14169570267131243
0 0.7434435575826682 0.7799070847851336 0.2645381984036488 0.13588850174216027
0 0.45781071835803877 0.7746806039488966 0.15393386545039908 0.13937282229965156
0 0.2571265678449259 0.7601626016260162 0.1630558722919042 0.13821138211382114
0 0.4925883694412771 0.6120789779326364 0.23033067274800456 0.18118466898954705
0 0.685290763968073 0.6027874564459931 0.1322690992018244 0.16492450638792103
0 0.5832383124287344 0.4332171893147503 0.1676168757126568 0.17421602787456447
0 0.18985176738882553 0.4518002322880372 0.18586088939566706 0.1602787456445993
0 0.2217787913340935 0.6074332171893148 0.24971493728620298 0.1672473867595819
0 0.4064994298745724 0.2700348432055749 0.2748004561003421 0.14750290360046459
0 0.6687571265678449 0.27119628339140534 0.16989737742303307 0.17073170731707318
0 0.8192702394526796 0.29500580720092917 0.11516533637400228 0.14634146341463414
0 0.8580387685290763 0.6149825783972126 0.2063854047890536 0.17305458768873402
0 0.2576966932725199 0.9140534262485482 0.1459521094640821 0.13704994192799072
0 0.4885974914481186 0.924506387921022 0.26567844925883694 0.13704994192799072
0 0.7474344355758267 0.9105691056910569 0.2291904218928164 0.12311265969802555
0 0.9310148232611174 0.9012775842044135 0.09236031927023945 0.12775842044134728
0 0.7953249714937286 0.4419279907084785 0.2611174458380844 0.17073170731707318
0 0.5684150513112884 0.11556329849012775 0.14709236031927023 0.14982578397212543
0 0.39110604332953247 0.4355400696864111 0.21436716077537057 0.15563298490127758
0 0.28107183580387685 0.12020905923344948 0.40022805017103763 0.1521486643437863
0 0.7833523375142531 0.13066202090592335 0.2554161915621437 0.16144018583042974
0 0.9640820980615735 0.44018583042973286 0.07639680729760548 0.18815331010452963
