0 0.12165178571428571 0.11091703056768559 0.11607142857142858 0.1467248908296943
0 0.26283482142857145 0.11615720524017467 0.13058035714285715 0.1537117903930131
0 0.09821428571428571 0.37903930131004365 0.15401785714285715 0.1589519650655022
0 0.35379464285714285 0.37554585152838427 0.36160714285714285 0.09956331877729258
0 0.21428571428571427 0.5161572052401747 0.359375 0.10131004366812227
0 0.10379464285714286 0.6847161572052402 0.125 0.13275109170305677
0 0.36495535714285715 0.6646288209606986 0.14955357142857142 0.12925764192139738
0 0.7472098214285714 0.6410480349344978 0.3627232142857143 0.13449781659388646
0 0.08761160714285714 0.8262008733624454 0.08816964285714286 0.11528384279475982
0 0.4224330357142857 0.8131004366812227 0.26004464285714285 0.13449781659388646
0 0.6880580357142857 0.7960698689956331 0.23995535714285715 0.14410480349344978
0 0.09095982142857142 0.9502183406113537 0.06808035714285714 0.10131004366812227
0 0.6361607142857143 0.11004366812227075 0.20758928571428573 0.125764192139738
0 0.4927455357142857 0.24192139737991267 0.31361607142857145 0.1467248908296943
0 0.7321428571428571 0.24366812227074236 0.17857142857142858 0.13973799126637554
0 0.5797991071428571 0.5109170305676856 0.3247767857142857 0.125764192139738
0 0.8850446428571429 0.4908296943231441 0.18973214285714285 0.11703056768558952
0 0.8180803571428571 0.11528384279475982 0.15625 0.13100436681222707
0 0.36941964285714285 0.9349344978165939 0.19866071428571427 0.1091703056768559
0 0.6183035714285714 0.9270742358078603 0.29910714285714285 0.11441048034934498
0 0.8627232142857143 0.9187772925764193 0.18973214285714285 0.11703056768558952
0 0.8872767857142857 0.7816593886462883 0.16294642857142858 0.16419213973799127
0 0.8928571428571429 0.2349344978165939 0.15625 0.125764192139738
0 0.9402901785714286 0.11004366812227075 0.09263392857142858 0.1240174672489083
0 0.43359375 0.11353711790393013 0.2109375 0.1205240174672489
0 0.7349330357142857 0.36681222707423583 0.39174107142857145 0.1275109170305677
0 0.6183035714285714 0.3471615720524017 0.15848214285714285 0.06375545851528384
