0 0.157548125633232 0.1884272997032641 0.0800405268490375 0.12561819980217606
0 0.6899696048632219 0.14391691394658754 0.18034447821681865 0.20870425321463898
0 0.8571428571428571 0.15479723046488625 0.14387031408308004 0.19683481701285854
0 0.18693009118541035 0.3847675568743818 0.18743667679837892 0.19188921859545005
0 0.4148936170212766 0.35855588526211674 0.19756838905775076 0.2344213649851632
0 0.22087132725430597 0.5722057368941642 0.3161094224924012 0.21068249258160238
0 0.502532928064843 0.5633036597428289 0.19250253292806485 0.17507418397626112
0 0.6965552178318136 0.5563798219584569 0.15704154002026344 0.18694362017804153
0 0.8743667679837892 0.5420375865479723 0.22087132725430597 0.21167161226508407
0 0.16717325227963525 0.7893175074183977 0.1945288753799392 0.20969337289812068
0 0.4675785207700101 0.7462908011869436 0.3961499493414387 0.19683481701285854
0 0.7907801418439716 0.7324431256181998 0.25430597771023306 0.17903066271018794
0 0.7462006079027356 0.8926805143422354 0.25227963525835867 0.16122650840751732
0 0.5673758865248227 0.3545994065281899 0.10131712259371833 0.08605341246290801
0 0.6560283687943262 0.3733926805143422 0.06180344478216818 0.1513353115727003
0 0.7512664640324215 0.3560830860534125 0.12259371833839919 0.13452027695351138
0 0.869807497467072 0.34322453016815035 0.10435663627152988 0.13254203758654798
0 0.9544072948328267 0.35113748763600394 0.08308004052684904 0.14836795252225518
0 0.9240121580547113 0.874381800197824 0.12158054711246201 0.17804154302670624
0 0.44224924012158057 0.1394658753709199 0.3191489361702128 0.17606330365974282
