0 0.330188679245283 0.08651911468812877 0.23113207547169812 0.12877263581488935
0 0.3290094339622642 0.21730382293762576 0.16273584905660377 0.1267605633802817
0 0.22464622641509435 0.8450704225352113 0.25589622641509435 0.1227364185110664
0 0.44457547169811323 0.8415492957746479 0.17688679245283018 0.11770623742454728
0 0.5288915094339622 0.2152917505030181 0.18514150943396226 0.15090543259557343
0 0.8614386792452831 0.10915492957746478 0.13089622641509435 0.14989939637826963
0 0.5819575471698113 0.08551307847082495 0.30306603773584906 0.13480885311871227
0 0.1332547169811321 0.26006036217303824 0.15330188679245282 0.176056338028169
0 0.7942216981132075 0.2243460764587525 0.24646226415094338 0.13279678068410464
0 0.10554245283018868 0.11670020120724346 0.1332547169811321 0.13480885311871227
0 0.6067216981132075 0.829979879275654 0.16627358490566038 0.13682092555331993
0 0.6869103773584906 0.9300804828973843 0.3738207547169811 0.12575452716297786
0 0.8349056603773585 0.8038229376257545 0.30424528301886794 0.15090543259557343
