0 0.08979391560353288 0.046790641871625675 0.07360157016683022 0.05038992201559688
0 0.239450441609421 0.04079184163167367 0.10598626104023552 0.05638872225554889
0 0.2693817468105986 0.21715656868626274 0.12070657507360157 0.06718656268746251
0 0.22325809617271836 0.3509298140371926 0.11089303238469088 0.06598680263947211
0 0.2154072620215898 0.4154169166166767 0.10500490677134446 0.05338932213557288
0 0.20019627085377822 0.48470305938812236 0.10402355250245339 0.0635872825434913
0 0.19921491658488713 0.5572885422915417 0.10402355250245339 0.06598680263947211
0 0.08292443572129539 0.7819436112777445 0.0873405299313052 0.07138572285542892
0 0.2139352306182532 0.7750449910017997 0.11579980372914622 0.06958608278344332
0 0.2070657507360157 0.9205158968206358 0.11383709519136408 0.0665866826634673
0 0.07360157016683022 0.9199160167966407 0.07065750736015702 0.060587882423515295
0 0.4607458292443572 0.9247150569886022 0.22276741903827282 0.0665866826634673
0 0.7939156035328754 0.9229154169166167 0.2198233562315996 0.05818836232753449
0 0.5682041216879293 0.7738452309538092 0.09813542688910697 0.07558488302339532
0 0.8145240431795878 0.7780443911217756 0.1903827281648675 0.07798440311937613
0 0.408243375858685 0.7681463707258548 0.20019627085377822 0.06418716256748651
0 0.7360157016683022 0.6301739652069586 0.09421000981354269 0.0653869226154769
0 0.844946025515211 0.6229754049190162 0.08635917566241413 0.0629874025194961
0 0.8346418056918548 0.5461907618476305 0.09519136408243375 0.0665866826634673
0 0.7404317958783121 0.5545890821835633 0.08930323846908735 0.06418716256748651
0 0.7315996074582924 0.48680263947210556 0.08341511285574092 0.06418716256748651
0 0.8307163886162905 0.4766046790641872 0.09126594700686948 0.05338932213557288
0 0.7399411187438666 0.42081583683263346 0.08243375858684986 0.0629874025194961
0 0.8316977428851815 0.41211757648470304 0.07948969578017664 0.055188962207558485
0 0.739450441609421 0.355128974205159 0.08537782139352307 0.06718656268746251
0 0.7757605495583906 0.28434313137372524 0.10893032384690873 0.06718656268746251
0 0.9057899901864573 0.28164367126574685 0.14131501472031405 0.0593881223755249
0 0.8253189401373896 0.35332933413317336 0.08243375858684986 0.05038992201559688
0 0.4111874386653582 0.8545290941811637 0.11579980372914622 0.06898620275944811
0 0.6894013738959764 0.8545290941811637 0.17762512266928362 0.07618476304739052
0 0.852306182531894 0.853629274145171 0.1560353287536801 0.07678464307138572
0 0.8567222767419038 0.6931613677264548 0.08439646712463199 0.07378524295140972
0 0.7536800785083415 0.7003599280143972 0.11776251226692837 0.07378524295140972
0 0.9455348380765456 0.6793641271745651 0.0873405299313052 0.060587882423515295
0 0.9362119725220804 0.6196760647870426 0.08635917566241413 0.05638872225554889
0 0.9381746810598626 0.5464907018596281 0.09224730127576054 0.055188962207558485
0 0.33709519136408245 0.03719256148770246 0.07163886162904809 0.059988002399520096
0 0.09371933267909716 0.6214757048590281 0.07556427870461237 0.057588482303539294
0 0.2664376840039254 0.8512297540491902 0.17566241413150147 0.08158368326334733
0 0.4867517173699706 0.03629274145170966 0.21589793915603533 0.0653869226154769
0 0.23061825318940138 0.15266946610677865 0.2512266928361138 0.06898620275944811
0 0.05446516192345437 0.10347930413917217 0.06771344455348381 0.05458908218356329
0 0.12365063788027478 0.09538092381523695 0.08243375858684986 0.04799040191961608
0 0.40775269872423947 0.16016796640671865 0.10304219823356231 0.0635872825434913
0 0.6521099116781158 0.16016796640671865 0.1481844946025515 0.057588482303539294
0 0.8675171736997056 0.16526694661067787 0.1844946025515211 0.07378524295140972
0 0.23159960745829244 0.09298140371925614 0.155053974484789 0.0623875224955009
0 0.3390578999018646 0.09628074385122976 0.07360157016683022 0.05578884223155369
0 0.18989205103042198 0.6271745650869825 0.12855740922473013 0.07138572285542892
0 0.3066732090284593 0.6295740851829634 0.11089303238469088 0.07618476304739052
0 0.43768400392541706 0.6190761847630474 0.10402355250245339 0.0623875224955009
0 0.32875368007850836 0.5572885422915417 0.11383709519136408 0.07558488302339532
0 0.4916584887144259 0.5578884223155369 0.20804710500490678 0.08398320335932813
0 0.6457311089303238 0.029394121175764846 0.10009813542688911 0.04919016196760648
0 0.8655544651619235 0.042891421715656866 0.15701668302257116 0.0665866826634673
0 0.7443572129538764 0.03839232153569286 0.0971540726202159 0.06958608278344332
0 0.3209028459273798 0.34823035392921414 0.1099116781157998 0.07618476304739052
0 0.5691854759568205 0.35182963407318535 0.25711481844946027 0.07378524295140972
0 0.47399411187438667 0.28014397120575885 0.13346418056918546 0.06958608278344332
0 0.5976447497546614 0.28134373125374923 0.12168792934249265 0.07198560287942411
0 0.6889106967615309 0.2855428914217157 0.06084396467124632 0.07078584283143372
0 0.37978410206084395 0.27714457108578283 0.058881256133464184 0.0683863227354529
0 0.27428851815505395 0.277744451109778 0.14425907752698724 0.06718656268746251
0 0.1481844946025515 0.27234553089382124 0.10009813542688911 0.0683863227354529
0 0.38272816486751715 0.21715656868626274 0.1197252208047105 0.05638872225554889
0 0.5956820412168793 0.21715656868626274 0.2433758586849853 0.0611877624475105
0 0.5191364082433758 0.15356928614277143 0.1256133464180569 0.0683863227354529
0 0.9421000981354269 0.09748050389922015 0.1099116781157998 0.0629874025194961
0 0.3974484789008832 0.41091781643671266 0.20804710500490678 0.0611877624475105
0 0.9317958783120707 0.4802039592081584 0.09519136408243375 0.05338932213557288
0 0.9273797841020608 0.42081583683263346 0.08832188420019627 0.05098980203959208
0 0.9224730127576055 0.3572285542891422 0.10794896957801767 0.052189562087582485
0 0.5466143277723258 0.09568086382723455 0.12365063788027478 0.05578884223155369
0 0.6619234543670265 0.10317936412717456 0.12266928361138371 0.057588482303539294
0 0.7590775269872424 0.09868026394721056 0.052011776251226695 0.04979004199160168
0 0.8321884200196271 0.09898020395920816 0.09813542688910697 0.0623875224955009
0 0.08047105004906771 0.7078584283143371 0.08832188420019627 0.07678464307138572
0 0.15652600588812562 0.7054589082183563 0.07360157016683022 0.07078584283143372
0 0.2664376840039254 0.7015596880623876 0.14425907752698724 0.07018596280743851
0 0.6447497546614328 0.7006598680263947 0.11776251226692837 0.07678464307138572
0 0.08145240431795878 0.8545290941811637 0.09028459273797841 0.07258548290341932
0 0.15260058881256133 0.8527294541091782 0.07948969578017664 0.07378524295140972
0 0.3056918547595682 0.48530293941211755 0.10893032384690873 0.07438512297540492
0 0.478900883218842 0.48680263947210556 0.27085377821393525 0.06418716256748651
0 0.06869479882237488 0.15746850629874026 0.0745829244357213 0.06778644271145771
0 0.5250245338567223 0.8527294541091782 0.14327772325809618 0.08458308338332333
0 0.422963689892051 0.09118176364727054 0.1256133464180569 0.055188962207558485
0 0.5294406280667321 0.42141571685662865 0.05789990186457311 0.0653869226154769
0 0.07360157016683022 0.5530893821235753 0.05691854759568204 0.05038992201559688
0 0.6472031403336604 0.5575884823035393 0.11285574092247301 0.08458308338332333
0 0.3994111874386654 0.7018596280743852 0.1197252208047105 0.06598680263947211
0 0.5225711481844946 0.7015596880623876 0.12070657507360157 0.06778644271145771
