0 0.8314732142857143 0.2376573088092933 0.171875 0.17909002904162633
0 0.48549107142857145 0.2357212003872217 0.2857142857142857 0.1868344627299129
0 0.796875 0.8378509196515005 0.36830357142857145 0.18102613746369797
0 0.15345982142857142 0.4864472410454985 0.17075892857142858 0.18102613746369797
0 0.4375 0.681026137463698 0.18303571428571427 0.16360116166505323
0 0.65234375 0.6548886737657309 0.21540178571428573 0.1829622458857696
0 0.8655133928571429 0.6311713455953534 0.20647321428571427 0.19167473378509198
0 0.19921875 0.6723136495643756 0.24665178571428573 0.1345595353339787
0 0.48939732142857145 0.8330106485963213 0.1953125 0.15392061955469508
0 0.38392857142857145 0.49564375605033884 0.25 0.14133591481122942
0 0.6824776785714286 0.2521781219748306 0.11495535714285714 0.15004840271055178
0 0.22823660714285715 0.2521781219748306 0.26450892857142855 0.1771539206195547
0 0.7092633928571429 0.46708615682478216 0.40736607142857145 0.16553727008712488
0 0.5915178571428571 0.43756050338818975 0.16071428571428573 0.08906098741529525
