0 0.13523131672597866 0.10158730158730159 0.17556346381969157 0.1312169312169312
0 0.32680901542111507 0.2746031746031746 0.14116251482799524 0.10899470899470899
0 0.6429418742586003 0.24285714285714285 0.0830367734282325 0.12804232804232804
0 0.09193357058125741 0.4417989417989418 0.1387900355871886 0.15978835978835979
0 0.34400948991696323 0.40105820105820106 0.3534994068801898 0.1312169312169312
0 0.11209964412811388 0.2708994708994709 0.19572953736654805 0.13544973544973546
0 0.4679715302491103 0.5513227513227513 0.3499406880189798 0.18624338624338624
0 0.806049822064057 0.5407407407407407 0.3190984578884935 0.16507936507936508
0 0.18979833926453143 0.7074074074074074 0.31316725978647686 0.1259259259259259
0 0.4804270462633452 0.7084656084656085 0.2704626334519573 0.1259259259259259
0 0.6542111506524317 0.38994708994708993 0.2597864768683274 0.164021164021164
0 0.4958481613285884 0.24603174603174602 0.2206405693950178 0.12804232804232804
0 0.896797153024911 0.3941798941798942 0.19454329774614473 0.13862433862433862
0 0.7265717674970344 0.6925925925925925 0.2265717674970344 0.14074074074074075
0 0.863582443653618 0.2365079365079365 0.21826809015421114 0.13015873015873017
0 0.8849347568208779 0.08994708994708994 0.15183867141162516 0.17777777777777778
0 0.36595492289442466 0.09259259259259259 0.32858837485172004 0.1492063492063492
0 0.6215895610913404 0.09788359788359788 0.1874258600237248 0.16825396825396827
0 0.12930011862396204 0.9629629629629629 0.16132858837485173 0.0656084656084656
0 0.297153024911032 0.9523809523809523 0.14827995255041518 0.05714285714285714
0 0.6233689205219455 0.9566137566137566 0.4092526690391459 0.0656084656084656
0 0.9157769869513642 0.7015873015873015 0.14472123368920523 0.14814814814814814
0 0.2888493475682088 0.8624338624338624 0.3404507710557533 0.1439153439153439
0 0.5925266903914591 0.8407407407407408 0.2669039145907473 0.15132275132275133
0 0.861803084223013 0.8338624338624339 0.22894424673784106 0.1544973544973545
0 0.7615658362989324 0.09365079365079365 0.10201660735468565 0.1746031746031746
