0 0.2056840077071291 0.7148717948717949 0.24566473988439305 0.19487179487179487
0 0.4051059730250482 0.7615384615384615 0.18786127167630057 0.14051282051282052
0 0.5684007707129094 0.7435897435897436 0.17341040462427745 0.17025641025641025
0 0.25529865125240847 0.8451282051282051 0.3333333333333333 0.16
0 0.48554913294797686 0.8743589743589744 0.15414258188824662 0.15076923076923077
0 0.2288053949903661 0.9338461538461539 0.21676300578034682 0.09948717948717949
0 0.5337186897880539 0.9564102564102565 0.34296724470134876 0.07282051282051281
0 0.6372832369942196 0.8733333333333333 0.15895953757225434 0.12410256410256411
0 0.7552986512524085 0.8743589743589744 0.08670520231213873 0.08512820512820513
0 0.8670520231213873 0.8733333333333333 0.14836223506743737 0.13435897435897437
0 0.7124277456647399 0.7246153846153847 0.10500963391136801 0.07487179487179488
0 0.8222543352601156 0.7158974358974359 0.3516377649325626 0.17025641025641025
