0 0.48139255702280914 0.10984848484848485 0.20888355342136855 0.17857142857142858
0 0.7749099639855942 0.1331168831168831 0.382953181272509 0.19480519480519481
0 0.20048019207683074 0.8906926406926406 0.2617046818727491 0.13852813852813853
0 0.117046818727491 0.7494588744588745 0.1788715486194478 0.15692640692640691
0 0.5612244897959183 0.6926406926406926 0.13565426170468187 0.15800865800865802
0 0.7004801920768308 0.7191558441558441 0.13805522208883553 0.11147186147186147
0 0.8493397358943577 0.6931818181818182 0.1404561824729892 0.1461038961038961
0 0.421968787515006 0.9653679653679653 0.1788715486194478 0.09307359307359307
0 0.42857142857142855 0.8566017316017316 0.16806722689075632 0.13095238095238096
0 0.44237695078031214 0.7261904761904762 0.09963985594237695 0.1471861471861472
0 0.2995198079231693 0.7408008658008658 0.18847539015606243 0.16125541125541126
0 0.5846338535414166 0.8457792207792207 0.15126050420168066 0.15476190476190477
0 0.19387755102040816 0.13095238095238096 0.2581032412965186 0.18614718614718614
0 0.8001200480192077 0.8425324675324676 0.2965186074429772 0.1525974025974026
0 0.7088835534213686 0.9453463203463204 0.34933973589435774 0.09415584415584416
