0 0.11840490797546012 0.16535433070866143 0.1116564417177914 0.13910761154855644
0 0.27300613496932513 0.1620734908136483 0.15828220858895706 0.15091863517060367
0 0.4662576687116564 0.1541994750656168 0.19631901840490798 0.17979002624671916
0 0.8699386503067484 0.12335958005249344 0.16441717791411042 0.1679790026246719
0 0.1165644171779141 0.547244094488189 0.14969325153374233 0.16010498687664043
0 0.3987730061349693 0.5236220472440944 0.3950920245398773 0.1968503937007874
0 0.16625766871165645 0.8799212598425197 0.2294478527607362 0.16929133858267717
0 0.4153374233128834 0.8753280839895013 0.28588957055214725 0.1732283464566929
0 0.6662576687116565 0.14501312335958005 0.19141104294478528 0.19816272965879264
0 0.6012269938650306 0.33267716535433073 0.32883435582822085 0.16666666666666666
0 0.8822085889570552 0.3110236220472441 0.22085889570552147 0.17585301837270342
0 0.6883435582822086 0.5498687664041995 0.17423312883435582 0.17060367454068243
0 0.6987730061349693 0.8694225721784777 0.298159509202454 0.17716535433070865
0 0.9165644171779141 0.8628608923884514 0.1276073619631902 0.17979002624671916
