0 0.21714922048997773 0.21550903901046622 0.2561247216035635 0.17411988582302568
0 0.21325167037861914 0.3915318744053283 0.18374164810690424 0.16079923882017128
0 0.20044543429844097 0.5813510941960038 0.18930957683741648 0.1807802093244529
0 0.23997772828507796 0.8663177925784966 0.18151447661469933 0.15889628924833493
0 0.47438752783964366 0.8615604186489058 0.1603563474387528 0.170313986679353
0 0.7633630289532294 0.8705994291151284 0.36414253897550114 0.13891531874405327
0 0.6185968819599109 0.2373929590865842 0.09910913140311804 0.14747859181731685
0 0.772271714922049 0.23263558515699334 0.14142538975501115 0.15509039010466222
0 0.438195991091314 0.5585156993339676 0.29287305122494434 0.1560418648905804
0 0.30233853006681516 0.7174119885823026 0.366369710467706 0.1522359657469077
0 0.5801781737193764 0.7174119885823026 0.24721603563474387 0.16175071360608945
0 0.4599109131403118 0.23120837297811608 0.2071269487750557 0.16745956232159848
0 0.38919821826280626 0.4048525214081827 0.18819599109131402 0.15509039010466222
0 0.910913140311804 0.22882968601332065 0.1447661469933185 0.13415794481446242
0 0.9097995545657016 0.3943862987630828 0.10690423162583519 0.12464319695528069
0 0.6681514476614699 0.4072312083729781 0.38084632516703787 0.13701236917221693
0 0.7984409799554566 0.7235965746907707 0.19376391982182628 0.13035204567078973
0 0.6720489977728286 0.5751665080875357 0.17483296213808464 0.14176974310180782
0 0.8457683741648107 0.566127497621313 0.16369710467706014 0.15033301617507136
