0 0.15045871559633028 0.4858156028368794 0.26788990825688075 0.2127659574468085
0 0.4036697247706422 0.45656028368794327 0.23119266055045873 0.20390070921985815
0 0.573394495412844 0.6569148936170213 0.6990825688073394 0.274822695035461
0 0.12018348623853212 0.23581560283687944 0.21100917431192662 0.2730496453900709
0 0.3339449541284404 0.2296099290780142 0.2018348623853211 0.20390070921985815
0 0.6293577981651376 0.23049645390070922 0.3853211009174312 0.2127659574468085
0 0.9119266055045872 0.23581560283687944 0.12844036697247707 0.19858156028368795
0 0.6137614678899083 0.44858156028368795 0.181651376146789 0.19858156028368795
0 0.5009174311926605 0.8829787234042553 0.48073394495412847 0.19858156028368795
0 0.8403669724770643 0.39361702127659576 0.20917431192660552 0.11347517730496454
