0 0.1998001998001998 0.38556985294117646 0.26173826173826176 0.13143382352941177
0 0.1088911088911089 0.5427389705882353 0.07992007992007992 0.16268382352941177
0 0.11638361638361638 0.6893382352941176 0.08091908091908091 0.13051470588235295
0 0.4020979020979021 0.5193014705882353 0.09290709290709291 0.15992647058823528
0 0.21178821178821178 0.24724264705882354 0.3196803196803197 0.1323529411764706
0 0.16233766233766234 0.11167279411764706 0.22877122877122877 0.13511029411764705
0 0.3926073926073926 0.10983455882352941 0.2017982017982018 0.13143382352941177
0 0.5979020979020979 0.10248161764705882 0.1928071928071928 0.12591911764705882
0 0.8201798201798202 0.09191176470588236 0.24775224775224775 0.12867647058823528
0 0.8561438561438561 0.3359375 0.14785214785214784 0.12775735294117646
0 0.24825174825174826 0.5211397058823529 0.16483516483516483 0.14705882352941177
0 0.477022977022977 0.6636029411764706 0.20279720279720279 0.13786764705882354
0 0.8451548451548452 0.21691176470588236 0.15584415584415584 0.1213235294117647
0 0.5589410589410589 0.5110294117647058 0.1968031968031968 0.17095588235294118
0 0.8171828171828172 0.4885110294117647 0.25374625374625376 0.18474264705882354
0 0.2712287712287712 0.6773897058823529 0.16883116883116883 0.13786764705882354
0 0.6458541458541458 0.6383272058823529 0.15684315684315683 0.109375
0 0.8461538461538461 0.6231617647058824 0.25574425574425574 0.16727941176470587
0 0.5754245754245755 0.7757352941176471 0.16383616383616384 0.11397058823529412
0 0.521978021978022 0.23759191176470587 0.22877122877122877 0.14430147058823528
0 0.15284715284715283 0.7987132352941176 0.1878121878121878 0.10845588235294118
0 0.3611388611388611 0.7982536764705882 0.2547452547452547 0.12591911764705882
0 0.15034965034965034 0.9071691176470589 0.13286713286713286 0.11213235294117647
0 0.3786213786213786 0.9021139705882353 0.14785214785214784 0.109375
0 0.5854145854145855 0.8800551470588235 0.2097902097902098 0.12224264705882353
0 0.8161838161838162 0.7555147058823529 0.26973026973026976 0.1323529411764706
