0 0.6948784722222222 0.17373233582709893 0.14149305555555555 0.19950124688279303
0 0.4670138888888889 0.3790523690773067 0.1371527777777778 0.14131338320864506
0 0.8697916666666666 0.18661679135494597 0.1892361111111111 0.16375727348295926
0 0.3059895833333333 0.22901080631753948 0.3984375 0.1487946799667498
0 0.5546875 0.2194513715710723 0.10243055555555555 0.16791354945968412
0 0.17317708333333334 0.5394846217788861 0.17100694444444445 0.1862011637572735
0 0.4548611111111111 0.5407315045719036 0.3454861111111111 0.15876974231088944
0 0.24739583333333334 0.37531172069825436 0.2881944444444444 0.1487946799667498
0 0.7990451388888888 0.5606816292601828 0.3116319444444444 0.19534497090606817
0 0.2534722222222222 0.8117206982543641 0.34375 0.17206982543640897
0 0.6822916666666666 0.940149625935162 0.3506944444444444 0.10141313383208644
0 0.8684895833333334 0.8374896093100582 0.21961805555555555 0.1172069825436409
0 0.6271701388888888 0.37614297589359935 0.1796875 0.16375727348295926
0 0.5850694444444444 0.8246051537822111 0.3003472222222222 0.13300083125519535
0 0.5833333333333334 0.6924355777223608 0.3107638888888889 0.1313383208645054
0 0.3897569444444444 0.9384871155444722 0.1875 0.09808811305070657
0 0.1675347222222222 0.928927680798005 0.19270833333333334 0.11388196176226101
0 0.8550347222222222 0.7098919368246052 0.2534722222222222 0.14131338320864506
0 0.7686631944444444 0.35203657522859516 0.06684027777777778 0.1288445552784705
0 0.86328125 0.3557772236076476 0.1362847222222222 0.1396508728179551
0 0.9552951388888888 0.33915211970074816 0.08246527777777778 0.12468827930174564
