0 0.10590858416945373 0.42622180451127817 0.16499442586399107 0.14943609022556392
0 0.3472686733556299 0.4426691729323308 0.20178372352285395 0.16541353383458646
0 0.7363433667781494 0.44783834586466165 0.3600891861761427 0.1475563909774436
0 0.10033444816053512 0.8270676691729323 0.1716833890746934 0.10338345864661654
0 0.07748049052396878 0.13580827067669174 0.16387959866220736 0.1513157894736842
0 0.1354515050167224 0.27725563909774437 0.2530657748049052 0.15225563909774437
0 0.45652173913043476 0.27208646616541354 0.28205128205128205 0.17199248120300753
0 0.08528428093645485 0.7152255639097744 0.1415830546265329 0.12030075187969924
0 0.07803790412486064 0.9243421052631579 0.11817168338907469 0.06672932330827068
0 0.26031215161649945 0.11513157894736842 0.1794871794871795 0.13439849624060152
0 0.745819397993311 0.27208646616541354 0.3054626532887402 0.17199248120300753
0 0.09754738015607581 0.5681390977443609 0.1527313266443701 0.13439849624060152
0 0.3171683389074693 0.5657894736842105 0.30211817168338906 0.12969924812030076
0 0.5652173913043478 0.5737781954887218 0.17614269788182832 0.1513157894736842
0 0.7335562987736901 0.5808270676691729 0.17391304347826086 0.14097744360902256
0 0.2530657748049052 0.7114661654135338 0.1939799331103679 0.12030075187969924
0 0.4052396878483835 0.7081766917293233 0.13489409141583056 0.1212406015037594
0 0.5863991081382386 0.7142857142857143 0.23857302118171683 0.12593984962406016
0 0.8500557413600892 0.6959586466165414 0.29988851727982163 0.14191729323308272
0 0.4899665551839465 0.11513157894736842 0.2887402452619844 0.1475563909774436
0 0.23857302118171683 0.9229323308270677 0.16945373467112598 0.08458646616541353
0 0.3595317725752508 0.8035714285714286 0.1326644370122631 0.06015037593984962
0 0.40635451505016723 0.8308270676691729 0.3132664437012263 0.12030075187969924
0 0.6884057971014492 0.831766917293233 0.2798216276477146 0.12218045112781954
