0 0.7733265720081136 0.728583916083916 0.17545638945233266 0.1145104895104895
0 0.5091277890466531 0.7312062937062938 0.2332657200811359 0.125
0 0.2936105476673428 0.7526223776223776 0.1308316430020284 0.11713286713286714
0 0.12018255578093306 0.7478146853146853 0.17139959432048682 0.1145104895104895
0 0.1308316430020284 0.5515734265734266 0.1845841784989858 0.10139860139860139
0 0.3605476673427992 0.5445804195804196 0.29107505070993916 0.11188811188811189
0 0.5709939148073022 0.5423951048951049 0.15821501014198783 0.13024475524475523
0 0.09533468559837728 0.4353146853146853 0.11764705882352941 0.14160839160839161
0 0.24239350912778904 0.4366258741258741 0.10953346855983773 0.1284965034965035
0 0.38336713995943206 0.4313811188811189 0.1643002028397566 0.10751748251748251
0 0.11105476673427991 0.12980769230769232 0.13488843813387424 0.11276223776223776
0 0.1191683569979716 0.8426573426573427 0.1997971602434077 0.09265734265734266
0 0.33620689655172414 0.8426573426573427 0.24239350912778904 0.08916083916083917
0 0.5491886409736308 0.833041958041958 0.19168356997971603 0.11888111888111888
0 0.6004056795131846 0.11276223776223776 0.13387423935091278 0.10139860139860139
0 0.4553752535496957 0.10751748251748251 0.14807302231237324 0.11888111888111888
0 0.3275862068965517 0.10751748251748251 0.11561866125760649 0.0979020979020979
0 0.7865111561866126 0.10576923076923077 0.2383367139959432 0.0979020979020979
0 0.5446247464503042 0.42744755244755245 0.16227180527383367 0.12062937062937062
0 0.6617647058823529 0.42132867132867136 0.07606490872210954 0.1048951048951049
0 0.7662271805273834 0.5358391608391608 0.22616632860040567 0.12062937062937062
0 0.9168356997971603 0.9082167832167832 0.15821501014198783 0.11013986013986014
0 0.7474645030425964 0.9261363636363636 0.17647058823529413 0.09877622377622378
0 0.6044624746450304 0.9256993006993007 0.10953346855983773 0.10664335664335664
0 0.1191683569979716 0.041520979020979024 0.16937119675456389 0.06381118881118882
0 0.3711967545638945 0.027972027972027972 0.25963488843813387 0.055944055944055944
0 0.5948275862068966 0.027097902097902096 0.16937119675456389 0.05419580419580419
0 0.7915821501014199 0.03671328671328671 0.2525354969574036 0.06993006993006994
0 0.14046653144016227 0.32736013986013984 0.2099391480730223 0.08304195804195805
0 0.33367139959432046 0.32954545454545453 0.1643002028397566 0.0979020979020979
0 0.5040567951318459 0.32124125874125875 0.13793103448275862 0.10227272727272728
0 0.7297160243407708 0.3186188811188811 0.23225152129817445 0.09702797202797203
0 0.8524340770791075 0.3951048951048951 0.27079107505070993 0.1048951048951049
0 0.9406693711967545 0.4659090909090909 0.11460446247464504 0.10139860139860139
0 0.8062880324543611 0.8151223776223776 0.3225152129817444 0.1145104895104895
0 0.1374239350912779 0.9243881118881119 0.16328600405679514 0.06381118881118882
0 0.18255578093306288 0.9392482517482518 0.2697768762677485 0.10052447552447552
0 0.385395537525355 0.9392482517482518 0.15618661257606492 0.09702797202797203
0 0.505578093306288 0.9366258741258742 0.08417849898580122 0.09877622377622378
0 0.9426977687626775 0.583041958041958 0.12677484787018256 0.13286713286713286
