0 0.6892666939778779 0.18336369156041288 0.04793117574764441 0.071645415907711
0 0.6872183531339615 0.25136612021857924 0.047111839410077835 0.08014571948998178
0 0.6896763621466612 0.3299939283545841 0.04383449405981155 0.07953855494839102
0 0.7400655469070053 0.31572556162720095 0.061859893486276116 0.08136004857316333
0 0.7914789020893077 0.3017607771706132 0.050798852929127405 0.08986035215543413
0 0.6872183531339615 0.39799635701275043 0.0454731667349447 0.08561020036429873
0 0.7341253584596477 0.38919247115968425 0.05161818926669398 0.0777170613236187
0 0.6925440393281442 0.5458409228901032 0.043015157722244984 0.07650273224043716
0 0.6935682097501025 0.6183970856102003 0.043424825891028265 0.07953855494839102
0 0.6945923801720606 0.6879174256223437 0.039737812371978695 0.07285974499089254
0 0.6958213846784105 0.7540983606557377 0.0454731667349447 0.07285974499089254
0 0.7341253584596477 0.2416514875531269 0.039328144203195414 0.07893139040680024
0 0.7904547316673495 0.22647237401335762 0.07169192953707497 0.0922890103217972
0 0.8185170012290045 0.7996357012750456 0.07046292503072511 0.0947176684881603
0 0.6161409258500614 0.3512446873102611 0.031134780827529702 0.08561020036429873
0 0.6196231052847194 0.4225865209471767 0.029086439983613273 0.07285974499089254
0 0.6142974190905367 0.4893746205221615 0.03646046702171241 0.07893139040680024
0 0.40024580090127 0.8151183970856102 0.035231462515362556 0.06618093503339405
0 0.40536665301106106 0.8767455980570734 0.04383449405981155 0.07043108682452945
0 0.40495698484227777 0.7474195506982392 0.043015157722244984 0.0692167577413479
0 0.40884883244571896 0.6775956284153005 0.03850880786562884 0.07528840315725562
0 0.4074149938549775 0.9383727990285368 0.04629250307251127 0.06860959319975714
0 0.4860712822613683 0.8591378263509412 0.030725112658746414 0.07285974499089254
0 0.6044653830397378 0.8278688524590164 0.08152396558787382 0.08925318761384335
0 0.4748054076198279 0.7962962962962963 0.046702171241294554 0.08318154219793564
0 0.5383039737812372 0.7868852459016393 0.050798852929127405 0.0947176684881603
0 0.6220811142974191 0.7531876138433515 0.09135600163867268 0.0880388585306618
0 0.46968455551003685 0.7261687917425622 0.06349856616140925 0.08257437765634487
0 0.5380991396968455 0.7082574377656344 0.0733306022122081 0.0880388585306618
0 0.6366243342892257 0.684274438372799 0.036050798852929125 0.07285974499089254
0 0.10671855796804589 0.5206435944140863 0.04383449405981155 0.06982392228293868
0 0.7890208930766079 0.44201578627808136 0.04506349856616141 0.071645415907711
0 0.8351085620647276 0.43108682452944747 0.0594018844735764 0.08864602307225258
0 0.7414993854977469 0.45476624165148755 0.06063088897992626 0.0777170613236187
0 0.7331011880376894 0.5327868852459017 0.04137648504711184 0.07589556769884638
0 0.8109381401065138 0.5179113539769278 0.0766079475624744 0.09836065573770492
0 0.7470299057763212 0.5998785670916819 0.04629250307251127 0.08014571948998178
0 0.7886112249078246 0.730722525804493 0.14092585006145023 0.10382513661202186
