0 0.15833333333333333 0.14993646759847523 0.21944444444444444 0.20584498094027953
0 0.14722222222222223 0.46315120711562896 0.2 0.18932655654383734
0 0.48819444444444443 0.4498094027954257 0.4597222222222222 0.18297331639135958
0 0.5166666666666667 0.6747141041931385 0.3111111111111111 0.17789072426937738
0 0.19722222222222222 0.7001270648030495 0.25833333333333336 0.21601016518424396
0 0.7368055555555556 0.22935196950444728 0.20694444444444443 0.21473951715374842
0 0.6583333333333333 0.09847522236340533 0.30277777777777776 0.15374841168996187
0 0.8076388888888889 0.6346886912325286 0.29583333333333334 0.2096569250317662
0 0.8986111111111111 0.09085133418043202 0.18055555555555555 0.13850063532401524
0 0.39305555555555555 0.1207115628970775 0.2361111111111111 0.1473951715374841
0 0.8180555555555555 0.4307496823379924 0.16944444444444445 0.21346886912325286
0 0.9034722222222222 0.2312579415501906 0.13472222222222222 0.16010165184243966
