0 0.16971153846153847 0.18232558139534882 0.14326923076923076 0.15813953488372093
0 0.38798076923076924 0.17302325581395347 0.23365384615384616 0.1841860465116279
0 0.6110576923076924 0.1772093023255814 0.19134615384615383 0.1925581395348837
0 0.4173076923076923 0.6627906976744186 0.225 0.1330232558139535
0 0.7889423076923077 0.19674418604651162 0.1798076923076923 0.173953488372093
0 0.20432692307692307 0.6479069767441861 0.20865384615384616 0.15534883720930232
0 0.7653846153846153 0.37534883720930234 0.14615384615384616 0.15534883720930232
0 0.8528846153846154 0.5344186046511628 0.2653846153846154 0.1516279069767442
0 0.6072115384615384 0.5306976744186046 0.2298076923076923 0.1516279069767442
0 0.9149038461538461 0.3702325581395349 0.1605769230769231 0.1655813953488372
0 0.8649038461538462 0.7809302325581395 0.13173076923076923 0.15534883720930232
0 0.6519230769230769 0.6748837209302325 0.23653846153846153 0.14976744186046512
0 0.8764423076923077 0.6688372093023256 0.2298076923076923 0.1172093023255814
0 0.20096153846153847 0.3590697674418605 0.14038461538461539 0.15069767441860465
0 0.48028846153846155 0.35255813953488374 0.42403846153846153 0.1413953488372093
0 0.3855769230769231 0.8813953488372093 0.18846153846153846 0.16651162790697674
0 0.18557692307692308 0.8846511627906977 0.175 0.16744186046511628
0 0.6490384615384616 0.8902325581395348 0.2673076923076923 0.13581395348837208
