0 0.03428317008014248 0.22681067344345615 0.06144256455921639 0.054637865311308764
0 0.032056990204808546 0.29415501905972047 0.04630454140694568 0.053367217280813214
0 0.02404274265360641 0.35069885641677256 0.04452359750667854 0.06353240152477764
0 0.026714158504007122 0.4078780177890724 0.053428317008014245 0.05717916137229987
0 0.02804986642920748 0.4701397712833545 0.048975957257346395 0.06353240152477764
0 0.0943900267141585 0.46124523506988563 0.07836153161175423 0.062261753494282084
0 0.10151380231522707 0.5212833545108005 0.0943900267141585 0.06289707750952986
0 0.13312555654496883 0.5727445997458704 0.1522707034728406 0.06289707750952986
0 0.1219946571682992 0.6311944091486659 0.12822796081923418 0.05146124523506988
0 0.09617097061442564 0.6899618805590851 0.08370436331255565 0.06480304955527319
0 0.11487088156723063 0.7519059720457433 0.1246660730186999 0.06035578144853875
0 0.12644701691896706 0.8071791613722998 0.1246660730186999 0.056543837357052096
0 0.11531611754229741 0.8640406607369758 0.12021371326803205 0.053367217280813214
0 0.13446126447016918 0.9085133418043202 0.14781834372217276 0.048284625158831
0 0.2858414959928762 0.8614993646759848 0.22796081923419412 0.053367217280813214
0 0.4358860195903829 0.8656289707750953 0.05966162065894924 0.05019059720457433
0 0.25422974176313445 0.9126429479034307 0.11487088156723063 0.05400254129606099
0 0.3668744434550312 0.9129606099110547 0.12288512911843277 0.054637865311308764
0 0.30632235084594833 0.7474587039390089 0.2493321460373998 0.06162642947903431
0 0.030276046304541407 0.5301778907242694 0.03383793410507569 0.04891994917407878
0 0.03294746215494212 0.5784625158831004 0.0427426536064114 0.04891994917407878
0 0.032056990204808546 0.6299237611181703 0.04630454140694568 0.05146124523506988
0 0.1585040071237756 0.6896442185514613 0.037399821905609976 0.05781448538754765
0 0.23597506678539626 0.6877382465057179 0.1246660730186999 0.05400254129606099
0 0.36776491540516476 0.6829733163913596 0.14247551202137132 0.062261753494282084
0 0.5258236865538736 0.6832909783989835 0.18788958147818344 0.06670902160101652
0 0.763579697239537 0.679161372299873 0.2804986642920748 0.06861499364675985
0 0.5142475512021372 0.9155019059720457 0.170080142475512 0.05844980940279543
0 0.667853962600178 0.9135959339263025 0.1460373998219056 0.05844980940279543
0 0.329919857524488 0.9561626429479034 0.09528049866429207 0.045743329097839895
0 0.19902048085485308 0.9529860228716646 0.11843276936776491 0.04066073697585769
0 0.28138913624220835 0.625158831003812 0.18699910952804988 0.06353240152477764
0 0.703472840605521 0.6114993646759848 0.1246660730186999 0.07306226175349428
0 0.850845948352627 0.6070520965692503 0.1682991985752449 0.08195679796696315
0 0.9585930543187889 0.5981575603557815 0.04719501335707925 0.07433290978398983
0 0.8076580587711487 0.5447903430749682 0.11219946571682991 0.056543837357052096
0 0.6179875333926982 0.5603557814485387 0.07123775601068566 0.05590851334180432
0 0.38958147818343725 0.5635324015247777 0.3018699910952805 0.060991105463786534
0 0.6366874443455031 0.502858958068615 0.11754229741763135 0.056543837357052096
0 0.7934105075690115 0.4974587039390089 0.18699910952804988 0.06734434561626429
0 0.03383793410507569 0.7477763659466328 0.04452359750667854 0.05590851334180432
0 0.04007123775601069 0.804002541296061 0.051647373107747106 0.056543837357052096
0 0.03873552983081033 0.8583227445997459 0.04363312555654497 0.04955527318932656
0 0.773820124666073 0.7369758576874206 0.0730186999109528 0.05972045743329098
0 0.8797862867319679 0.72712833545108 0.13891362422083706 0.07179161372299873
0 0.5084594835262689 0.7465057179161372 0.1585040071237756 0.05972045743329098
0 0.6620658949243099 0.7423761118170267 0.15405164737310775 0.06416772554002541
0 0.12644701691896706 0.39675984752223636 0.1549421193232413 0.06289707750952986
0 0.21193232413178986 0.5190597204574333 0.13000890471950133 0.052096569250317665
0 0.3512911843276937 0.5095298602287166 0.12911843276936777 0.052096569250317665
0 0.47506678539626 0.5073062261753494 0.13268032056990206 0.055273189326556546
0 0.43098842386464825 0.6095933926302414 0.07479964381121995 0.03748411689961881
0 0.45859305431878894 0.6188055908513341 0.1495992876224399 0.062261753494282084
0 0.5828138913624221 0.6210292249047014 0.10418521816562779 0.06035578144853875
0 0.5351736420302761 0.8576874205844981 0.11754229741763135 0.05972045743329098
0 0.6308993766696349 0.8570520965692503 0.07747105966162066 0.05972045743329098
0 0.736420302760463 0.8548284625158831 0.1371326803205699 0.06670902160101652
0 0.04007123775601069 0.9018424396442185 0.039180765805877114 0.04383735705209657
0 0.28272484416740873 0.8062261753494282 0.19145146927871773 0.054637865311308764
0 0.4692787177203918 0.8030495552731893 0.1923419412288513 0.05590851334180432
0 0.6651825467497774 0.8001905972045743 0.1460373998219056 0.055273189326556546
0 0.8138913624220837 0.7938373570520966 0.15138023152270705 0.06035578144853875
0 0.9358860195903829 0.7744599745870394 0.0943900267141585 0.08005082592121983
0 0.182546749777382 0.4590216010165184 0.10685663401602849 0.06416772554002541
0 0.3027604630454141 0.45616264294790343 0.15316117542297417 0.07369758576874205
0 0.25823686553873554 0.39644218551461247 0.0943900267141585 0.05717916137229987
0 0.45547640249332144 0.9529860228716646 0.10774710596616206 0.044472681067344345
0 0.5667853962600178 0.9558449809402796 0.13624220837043632 0.040025412960609914
0 0.7154942119323241 0.9558449809402796 0.182546749777382 0.04383735705209657
0 0.8771148708815673 0.9466327827191868 0.15316117542297417 0.05844980940279543
0 0.052983081032947466 0.9323379923761118 0.0365093499554764 0.0349428208386277
0 0.10596616206589493 0.9428208386277002 0.06767586821015138 0.05082592121982211
