0 0.2261284722222222 0.09600997506234414 0.23697916666666666 0.13549459684123025
0 0.4470486111111111 0.07938487115544472 0.1840277777777778 0.10224438902743142
0 0.62890625 0.785120532003325 0.23697916666666666 0.15045719035743974
0 0.6462673611111112 0.08645054031587697 0.18836805555555555 0.13300083125519535
0 0.1519097222222222 0.9330839567747299 0.1545138888888889 0.11554447215295095
0 0.3198784722222222 0.92809642560266 0.16927083333333334 0.12219451371571072
0 0.4939236111111111 0.927265170407315 0.1840277777777778 0.12718204488778054
0 0.8116319444444444 0.23815461346633415 0.3368055555555556 0.16043225270157938
0 0.3012152777777778 0.1770573566084788 0.09722222222222222 0.08645054031587697
0 0.3923611111111111 0.22776392352452202 0.4982638888888889 0.18121363258520365
0 0.3984375 0.7834580216126351 0.19791666666666666 0.16708229426433915
0 0.7921006944444444 0.9297589359933499 0.3255208333333333 0.11554447215295095
0 0.859375 0.09351620947630923 0.24131944444444445 0.13216957605985039
0 0.9657118055555556 0.4792186201163757 0.0720486111111111 0.16541978387364922
0 0.8567708333333334 0.7917705735660848 0.1527777777777778 0.16043225270157938
0 0.16015625 0.7934330839567747 0.22135416666666666 0.15378221113881962
