0 0.08987783595113438 0.24884615384615386 0.08027923211169284 0.13615384615384615
0 0.5327225130890052 0.5957692307692307 0.08638743455497382 0.1423076923076923
0 0.4027050610820244 0.6119230769230769 0.10383944153577661 0.16076923076923078
0 0.16143106457242584 0.59 0.27399650959860383 0.18769230769230769
0 0.31151832460732987 0.24192307692307694 0.2931937172774869 0.16692307692307692
0 0.19546247818499127 0.7226923076923077 0.31413612565445026 0.13307692307692306
0 0.5239965095986039 0.7553846153846154 0.30279232111692844 0.12923076923076923
0 0.818935427574171 0.7292307692307692 0.25741710296684117 0.17076923076923076
0 0.1618673647469459 0.8973076923076924 0.1823734729493892 0.12538461538461537
0 0.3333333333333333 0.9007692307692308 0.16579406631762653 0.11846153846153847
0 0.4799301919720768 0.9453846153846154 0.15008726003490402 0.10923076923076923
0 0.643542757417103 0.9438461538461539 0.13525305410122165 0.10923076923076923
0 0.8067190226876091 0.9411538461538461 0.16841186736474695 0.09769230769230769
0 0.800174520069808 0.40807692307692306 0.2600349040139616 0.17615384615384616
0 0.6199825479930192 0.40576923076923077 0.10732984293193717 0.06692307692307692
0 0.49956369982547993 0.40576923076923077 0.17539267015706805 0.19153846153846155
