0 0.20119521912350596 0.17641509433962263 0.13147410358565736 0.13584905660377358
0 0.33217131474103584 0.1740566037735849 0.0946215139442231 0.15
0 0.4591633466135458 0.17735849056603772 0.14940239043824702 0.15849056603773584
0 0.5971115537848606 0.17783018867924527 0.11852589641434264 0.15377358490566037
0 0.7679282868525896 0.17452830188679244 0.1952191235059761 0.1641509433962264
0 0.3949203187250996 0.31886792452830187 0.10059760956175298 0.12075471698113208
0 0.6598605577689243 0.3320754716981132 0.07669322709163347 0.13773584905660377
0 0.20418326693227093 0.4910377358490566 0.16733067729083664 0.16886792452830188
0 0.199203187250996 0.8183962264150944 0.1752988047808765 0.17264150943396225
0 0.39193227091633465 0.8113207547169812 0.13844621513944222 0.1792452830188679
0 0.6942231075697212 0.8014150943396227 0.35258964143426297 0.17264150943396225
0 0.4302788844621514 0.480188679245283 0.2549800796812749 0.16226415094339622
0 0.476593625498008 0.6405660377358491 0.18426294820717132 0.13773584905660377
0 0.23057768924302788 0.31839622641509435 0.2201195219123506 0.15188679245283018
0 0.23356573705179282 0.6608490566037736 0.2360557768924303 0.14245283018867924
0 0.6817729083665338 0.47783018867924526 0.2400398406374502 0.17452830188679244
0 0.3700199203187251 0.940566037735849 0.20019920318725098 0.0830188679245283
0 0.6942231075697212 0.6443396226415095 0.2290836653386454 0.14528301886792452
0 0.5293824701195219 0.32358490566037734 0.15438247011952191 0.13773584905660377
0 0.8356573705179283 0.3117924528301887 0.14741035856573706 0.14433962264150943
0 0.9173306772908366 0.1509433962264151 0.11752988047808766 0.16226415094339622
0 0.9098605577689243 0.9235849056603773 0.09661354581673307 0.09622641509433963
0 0.17729083665338646 0.9429245283018868 0.09561752988047809 0.06886792452830189
0 0.8954183266932271 0.6372641509433963 0.18725099601593626 0.1481132075471698
0 0.8899402390438247 0.4716981132075472 0.16832669322709162 0.1792452830188679
0 0.5542828685258964 0.9528301886792453 0.0946215139442231 0.07547169811320754
0 0.6593625498007968 0.9466981132075472 0.10557768924302789 0.09150943396226414
0 0.7843625498007968 0.9400943396226416 0.15836653386454183 0.09905660377358491
0 0.7305776892430279 0.30660377358490565 0.08067729083665338 0.13773584905660377
0 0.9546812749003984 0.3141509433962264 0.09860557768924302 0.1320754716981132
