0 0.13036649214659685 0.2684258416742493 0.16230366492146597 0.13830755232029118
0 0.34764397905759165 0.39171974522292996 0.18848167539267016 0.15741583257506825
0 0.3287958115183246 0.2602365787079163 0.2136125654450262 0.13102820746132848
0 0.15549738219895287 0.8312101910828026 0.21256544502617802 0.11191992720655142
0 0.5256544502617801 0.9331210191082803 0.1549738219895288 0.11191992720655142
0 0.4942408376963351 0.8107370336669699 0.14450261780104712 0.1364877161055505
0 0.16701570680628272 0.40445859872611467 0.16858638743455498 0.1410373066424022
0 0.15026178010471203 0.6997270245677889 0.20628272251308902 0.15468607825295724
0 0.42094240837696334 0.6901728844404004 0.29109947643979056 0.1264786169244768
0 0.7157068062827225 0.6860782529572339 0.2858638743455497 0.12738853503184713
0 0.9298429319371728 0.6710646041856233 0.11518324607329843 0.1392174704276615
0 0.3418848167539267 0.8184713375796179 0.16020942408376965 0.12829845313921748
0 0.18167539267015706 0.9272065514103731 0.28167539267015707 0.10737033666969972
0 0.3785340314136126 0.9272065514103731 0.11832460732984293 0.11101000909918107
0 0.5340314136125655 0.3958143767060964 0.20104712041884817 0.16560509554140126
0 0.6858638743455497 0.3953594176524113 0.1193717277486911 0.1464968152866242
0 0.8586387434554974 0.3885350318471338 0.2387434554973822 0.1565059144676979
0 0.8319371727748691 0.2470427661510464 0.16858638743455498 0.12283894449499545
0 0.5753926701570681 0.2556869881710646 0.24397905759162303 0.13284804367606914
0 0.881151832460733 0.14467697907188354 0.1769633507853403 0.09645131938125569
0 0.6952879581151833 0.14422202001819837 0.18848167539267016 0.10646041856232939
0 0.7654450261780105 0.8043676069153776 0.4 0.13466787989080983
0 0.6162303664921466 0.7898089171974523 0.08691099476439791 0.07097361237488627
0 0.3575916230366492 0.1392174704276615 0.1643979057591623 0.10373066424021839
0 0.16282722513089004 0.14240218380345768 0.23979057591623038 0.11373976342129208
0 0.5198952879581152 0.14012738853503184 0.16858638743455498 0.10555050045495905
0 0.16701570680628272 0.052775250227479524 0.21675392670157068 0.06551410373066424
0 0.29581151832460734 0.050500454959053684 0.10157068062827225 0.07734303912647862
0 0.4109947643979058 0.045950864422202004 0.12460732984293194 0.07552320291173795
0 0.5172774869109947 0.025477707006369428 0.08376963350785341 0.04185623293903549
0 0.5554973821989528 0.04322111010009099 0.20628272251308902 0.08462238398544131
0 0.7057591623036649 0.053230209281164696 0.1549738219895288 0.0791628753412193
0 0.8722513089005236 0.05777979981801638 0.17801047120418848 0.08280254777070063
0 0.6727748691099477 0.9358507734303912 0.13717277486910995 0.11010009099181074
0 0.8534031413612565 0.9322111010009099 0.22408376963350785 0.11373976342129208
