0 0.3401639344262295 0.0946822308690013 0.2568306010928962 0.15304798962386512
0 0.5983606557377049 0.10181582360570687 0.23497267759562843 0.17769130998702984
0 0.24043715846994534 0.2607003891050584 0.1721311475409836 0.1815823605706874
0 0.4105191256830601 0.26394293125810636 0.16256830601092895 0.17509727626459143
0 0.12226775956284153 0.5071335927367056 0.20081967213114754 0.22568093385214008
0 0.4371584699453552 0.48508430609597925 0.45081967213114754 0.2204928664072633
0 0.4542349726775956 0.8164721141374838 0.3237704918032787 0.16990920881971466
0 0.16530054644808742 0.8041504539559015 0.24043715846994534 0.19455252918287938
0 0.8114754098360656 0.09857328145265888 0.15300546448087432 0.1815823605706874
0 0.7424863387978142 0.4701686121919585 0.19262295081967212 0.2243839169909209
0 0.8292349726775956 0.2704280155642023 0.24863387978142076 0.1569390402075227
0 0.7472677595628415 0.8236057068741893 0.273224043715847 0.17639429312581065
0 0.12704918032786885 0.12127107652399481 0.2103825136612022 0.14656290531776914
0 0.5778688524590164 0.2827496757457847 0.1885245901639344 0.191958495460441
0 0.9187158469945356 0.4487678339818418 0.15163934426229508 0.191958495460441
0 0.9323770491803278 0.8274967574578469 0.12158469945355191 0.18417639429312582
