0 0.23315363881401618 0.07725060827250609 0.32345013477088946 0.13746958637469586
0 0.5471698113207547 0.07420924574209246 0.32075471698113206 0.1362530413625304
0 0.1664420485175202 0.2305352798053528 0.21428571428571427 0.15693430656934307
0 0.431266846361186 0.2183698296836983 0.1940700808625337 0.15450121654501217
0 0.7068733153638814 0.20802919708029197 0.3140161725067385 0.15571776155717762
0 0.192722371967655 0.8181265206812652 0.2398921832884097 0.13990267639902676
0 0.431266846361186 0.8278588807785888 0.25336927223719674 0.16180048661800486
0 0.6482479784366577 0.8181265206812652 0.19137466307277629 0.13017031630170317
0 0.8477088948787062 0.8114355231143552 0.22371967654986524 0.14841849148418493
0 0.21159029649595687 0.9105839416058394 0.30727762803234504 0.12530413625304138
0 0.16172506738544473 0.6532846715328468 0.1967654986522911 0.1362530413625304
0 0.3834231805929919 0.6630170316301703 0.238544474393531 0.15571776155717762
0 0.6752021563342318 0.6581508515815085 0.09164420485175202 0.17274939172749393
0 0.2661725067385445 0.5085158150851582 0.37870619946091644 0.14841849148418493
0 0.6327493261455526 0.49939172749391725 0.35983827493261455 0.15450121654501217
0 0.8995956873315364 0.5024330900243309 0.192722371967655 0.17761557177615572
0 0.1752021563342318 0.3710462287104623 0.24258760107816713 0.1386861313868613
0 0.4501347708894879 0.36739659367396593 0.2830188679245283 0.145985401459854
0 0.7425876010781671 0.3546228710462287 0.32345013477088946 0.14720194647201945
0 0.9137466307277629 0.20072992700729927 0.12129380053908356 0.15328467153284672
0 0.7769541778975741 0.07725060827250609 0.15498652291105122 0.11313868613138686
0 0.4615902964959569 0.9343065693430657 0.15498652291105122 0.09975669099756691
0 0.6826145552560647 0.9294403892944039 0.2358490566037736 0.12165450121654502
