0 0.14787946428571427 0.10649474689589303 0.19084821428571427 0.14422158548233047
0 0.36049107142857145 0.10649474689589303 0.15401785714285715 0.1518624641833811
0 0.5909598214285714 0.09073543457497613 0.15513392857142858 0.15472779369627507
0 0.80078125 0.09503342884431709 0.27120535714285715 0.13658070678127984
0 0.2896205357142857 0.2693409742120344 0.5234375 0.15090735434574976
0 0.6300223214285714 0.2593123209169054 0.19754464285714285 0.16714422158548234
0 0.8409598214285714 0.24689589302769818 0.15066964285714285 0.14613180515759314
0 0.18638392857142858 0.42120343839541546 0.3325892857142857 0.15663801337153774
0 0.5279017857142857 0.4078319006685769 0.35044642857142855 0.1413562559694365
0 0.7795758928571429 0.4044890162368672 0.19754464285714285 0.1556829035339064
0 0.9352678571428571 0.389207258834766 0.10714285714285714 0.16141356255969436
0 0.20926339285714285 0.5764087870105062 0.3872767857142857 0.13276026743075453
0 0.52734375 0.5740210124164279 0.2533482142857143 0.15854823304680038
0 0.7734375 0.5577841451766953 0.2611607142857143 0.15854823304680038
0 0.10881696428571429 0.7320916905444126 0.19308035714285715 0.1384909264565425
0 0.14285714285714285 0.8643744030563515 0.25 0.11843361986628462
0 0.44029017857142855 0.8529130850047756 0.3359375 0.1279847182425979
0 0.6886160714285714 0.836676217765043 0.18080357142857142 0.1356255969436485
0 0.8208705357142857 0.8204393505253104 0.11049107142857142 0.12416427889207259
0 0.9185267857142857 0.7908309455587392 0.09598214285714286 0.11079274116523401
0 0.35267857142857145 0.723018147086915 0.30580357142857145 0.13944603629417382
0 0.61328125 0.6919770773638968 0.20424107142857142 0.16714422158548234
0 0.8470982142857143 0.6867239732569246 0.26339285714285715 0.15663801337153774
0 0.9458705357142857 0.5372492836676218 0.11049107142857142 0.14804202483285578
0 0.19587053571428573 0.9617956064947469 0.3203125 0.07640878701050621
0 0.4458705357142857 0.9594078319006686 0.2109375 0.08118433619866285
0 0.6233258928571429 0.954632282712512 0.13504464285714285 0.07927411652340019
0 0.8141741071428571 0.938872970391595 0.23772321428571427 0.1069723018147087
