0 0.14797136038186157 0.1437125748502994 0.13365155131264916 0.1497005988023952
0 0.6115751789976134 0.11027944111776447 0.32816229116945106 0.14471057884231536
0 0.3502386634844869 0.27345309381237526 0.1467780429594272 0.1656686626746507
0 0.5859188544152745 0.27694610778443113 0.25059665871121717 0.17265469061876249
0 0.8902147971360382 0.2884231536926148 0.18377088305489261 0.1596806387225549
0 0.18914081145584727 0.8652694610778443 0.29952267303102625 0.17564870259481039
0 0.14976133651551313 0.281437125748503 0.26610978520286394 0.16766467065868262
0 0.14558472553699284 0.47355289421157687 0.2243436754176611 0.18263473053892215
0 0.831145584725537 0.6531936127744511 0.2684964200477327 0.18662674650698602
0 0.4236276849642005 0.8717564870259481 0.19809069212410502 0.14870259481037923
0 0.15692124105011934 0.6706586826347305 0.2016706443914081 0.18962075848303392
0 0.584128878281623 0.657185628742515 0.18496420047732698 0.17065868263473055
0 0.5405727923627685 0.4545908183632735 0.4295942720763723 0.18263473053892215
0 0.8693317422434368 0.47155688622754494 0.23269689737470167 0.15868263473053892
0 0.7571599045346062 0.2899201596806387 0.09427207637231504 0.15269461077844312
0 0.8562052505966588 0.11526946107784432 0.15632458233890215 0.15868263473053892
0 0.3747016706443914 0.6661676646706587 0.2243436754176611 0.19860279441117765
0 0.639618138424821 0.8817365269461078 0.24821002386634844 0.17065868263473055
0 0.8054892601431981 0.875249500998004 0.10501193317422435 0.12375249500998003
0 0.9116945107398569 0.8717564870259481 0.10739856801909307 0.13073852295409183
