0 0.17066521264994547 0.17763904653802498 0.2366412213740458 0.17366628830874006
0 0.37949836423118866 0.18217934165720773 0.18974918211559433 0.1782065834279228
0 0.6063249727371864 0.3229284903518729 0.1875681570338059 0.17366628830874006
0 0.8315158124318429 0.32009080590238365 0.24318429661941113 0.17253121452894438
0 0.7006543075245365 0.14301929625425652 0.19956379498364232 0.1793416572077185
0 0.8489640130861504 0.6339387060158911 0.11014176663031625 0.13053348467650397
0 0.10087241003271538 0.8144154370034052 0.173391494002181 0.16685584562996594
0 0.10959651035986914 0.4982973893303065 0.16030534351145037 0.188422247446084
0 0.3745910577971647 0.8036322360953462 0.36314067611777534 0.1611804767309875
0 0.8587786259541985 0.4909194097616345 0.2846237731733915 0.15096481271282633
0 0.8844056706652127 0.14699205448354144 0.17011995637949837 0.18501702610669693
0 0.6324972737186477 0.8234960272417707 0.15703380588876772 0.1623155505107832
0 0.17393675027262814 0.6577752553916004 0.2366412213740458 0.14188422247446084
0 0.3653217011995638 0.6515323496027242 0.13522355507088332 0.15209988649262202
0 0.26608505997818976 0.49943246311010214 0.14612868047982552 0.1611804767309875
0 0.4247546346782988 0.492622020431328 0.173391494002181 0.19069239500567536
0 0.6161395856052344 0.4960272417707151 0.2093784078516903 0.16345062429057888
0 0.8402399127589967 0.9375709421112373 0.25190839694656486 0.10669693530079455
0 0.821701199563795 0.8087400681044268 0.22355507088331517 0.15777525539160045
0 0.5338058887677208 0.15550510783200908 0.1406761177753544 0.1611804767309875
0 0.6112322791712105 0.6486946651532349 0.3260632497273719 0.16004540295119182
0 0.9612868047982552 0.8047673098751419 0.07960741548527808 0.14755959137343927
