0 0.2545743834526651 0.4194616977225673 0.162291169451074 0.043064182194616975
0 0.3910103420843278 0.42049689440993787 0.0883054892601432 0.07080745341614907
0 0.11137629276054097 0.5650103519668737 0.12728719172633254 0.07329192546583851
0 0.8392999204455052 0.41490683229813663 0.2020684168655529 0.0546583850931677
0 0.33571996817820204 0.5645962732919255 0.22752585521081942 0.06832298136645963
0 0.1288782816229117 0.8339544513457557 0.18456642800318218 0.0629399585921325
0 0.6233094669848847 0.8194616977225673 0.15194908512330946 0.06376811594202898
0 0.42482100238663484 0.9434782608695652 0.21957040572792363 0.058385093167701865
0 0.7828162291169452 0.9370600414078675 0.24343675417661098 0.06459627329192547
0 0.17979315831344472 0.8904761904761904 0.28003182179793157 0.06997929606625258
0 0.10063643595863166 0.48674948240165633 0.09148766905330151 0.07412008281573498
0 0.2159904534606205 0.48737060041407865 0.1360381861575179 0.07122153209109731
0 0.33850437549721557 0.49026915113871633 0.11694510739856802 0.0803312629399586
0 0.44749403341288785 0.49420289855072463 0.11694510739856802 0.07660455486542443
0 0.6996817820206842 0.4772256728778468 0.14558472553699284 0.06252587991718427
0 0.32140015910898967 0.825879917184265 0.2020684168655529 0.06997929606625258
0 0.5620525059665871 0.47867494824016565 0.14399363564041368 0.07204968944099378
0 0.11654733492442323 0.4227743271221532 0.12649164677804295 0.053830227743271224
0 0.5425616547334925 0.5629399585921325 0.06364359586316627 0.06335403726708075
0 0.8460620525059666 0.5561076604554865 0.23309466984884647 0.07122153209109731
0 0.8404932378679395 0.47846790890269153 0.13922036595067622 0.07246376811594203
0 0.48528241845664283 0.8229813664596274 0.13365155131264916 0.06832298136645963
0 0.7446300715990454 0.8196687370600414 0.09705648369132856 0.06169772256728778
0 0.3627684964200477 0.8892339544513458 0.09069212410501193 0.05755693581780538
0 0.5198886237072394 0.8834368530020704 0.23627684964200477 0.06252587991718427
0 0.7179793158313444 0.8780538302277433 0.15672235481304694 0.06169772256728778
0 0.8313444709626094 0.801863354037267 0.06682577565632458 0.031055900621118012
0 0.8850437549721559 0.8064182194616977 0.19968178202068418 0.0650103519668737
0 0.890612569610183 0.8743271221532091 0.18217979315831345 0.06418219461697723
