0 0.18627450980392157 0.13101330603889458 0.1787773933102653 0.14329580348004095
0 0.4129181084198385 0.1284544524053224 0.25144175317185696 0.14841351074718526
0 0.20703575547866204 0.2656090071647902 0.2618223760092272 0.12589559877175024
0 0.5161476355247981 0.263050153531218 0.18800461361014995 0.12077789150460594
0 0.734717416378316 0.2507676560900716 0.23760092272202998 0.14124872057318322
0 0.19319492502883506 0.41914022517911975 0.23183391003460208 0.11156601842374617
0 0.3944636678200692 0.42374616171954965 0.1637831603229527 0.15148413510747186
0 0.5997693194925029 0.41760491299897645 0.14994232987312572 0.18014329580348004
0 0.7641291810841984 0.39662231320368474 0.2041522491349481 0.11566018423746162
0 0.17704728950403692 0.5921187308085978 0.22491349480968859 0.14636642784032752
0 0.4596309111880046 0.5839303991811668 0.18800461361014995 0.12794268167860798
0 0.7525951557093425 0.5644831115660184 0.2664359861591695 0.12589559877175024
0 0.34544405997693195 0.7246673490276356 0.16724336793540945 0.14329580348004095
0 0.5495963091118801 0.710849539406346 0.21337946943483277 0.14022517911975435
0 0.7941176470588235 0.7021494370522006 0.2895040369088812 0.1535312180143296
0 0.49480968858131485 0.9037871033776868 0.21914648212226068 0.1330603889457523
0 0.6908881199538639 0.8884339815762539 0.1776239907727797 0.12896622313203684
0 0.8742791234140715 0.8843398157625384 0.19377162629757785 0.14124872057318322
0 0.7162629757785467 0.1202661207778915 0.34371395617070355 0.14841351074718526
