0 0.07437275985663082 0.08700081499592502 0.06451612903225806 0.041972290138549306
0 0.15143369175627241 0.08598207008964955 0.08243727598566308 0.04156479217603912
0 0.3655913978494624 0.2045639771801141 0.06451612903225806 0.039119804400977995
0 0.48476702508960573 0.20558272208638956 0.11648745519713262 0.040342298288508556
0 0.6720430107526881 0.2049714751426243 0.18458781362007168 0.03830480847595762
0 0.8248207885304659 0.16992665036674817 0.1639784946236559 0.03341483292583537
0 0.8870967741935484 0.20660146699266504 0.1057347670250896 0.037489812550937245
0 0.8422939068100358 0.2430725346373268 0.0931899641577061 0.036267318663406684
0 0.14202508960573476 0.2110839445802771 0.224910394265233 0.044009779951100246
0 0.150089605734767 0.2536674816625917 0.2446236559139785 0.04604726976365118
0 0.3095878136200717 0.0843520782396088 0.19086021505376344 0.03830480847595762
0 0.6075268817204301 0.09168704156479218 0.16666666666666666 0.037489812550937245
0 0.8082437275985663 0.09861450692746536 0.10931899641577061 0.037489812550937245
0 0.2692652329749104 0.1301955990220049 0.4578853046594982 0.040342298288508556
0 0.5551075268817204 0.12815810920945395 0.09767025089605735 0.04360228198859006
0 0.6648745519713262 0.1297881010594947 0.11469534050179211 0.040342298288508556
0 0.7741935483870968 0.13182559087204565 0.1111111111111111 0.038712306438467806
0 0.8817204301075269 0.132640586797066 0.10931899641577061 0.03463732681336593
0 0.12231182795698925 0.1719641401792991 0.1335125448028674 0.037489812550937245
0 0.1442652329749104 0.29645476772616136 0.25089605734767023 0.044417277913610435
0 0.13127240143369176 0.33924205378973105 0.235663082437276 0.044417277913610435
0 0.0739247311827957 0.4262428687856561 0.09229390681003584 0.03993480032599837
0 0.8521505376344086 0.4421352893235534 0.1003584229390681 0.039119804400977995
0 0.9050179211469535 0.5295436022819886 0.0931899641577061 0.04849225753871231
0 0.796594982078853 0.5336185819070904 0.12724014336917563 0.044417277913610435
0 0.9713261648745519 0.5295436022819886 0.053763440860215055 0.04767726161369193
0 0.1460573476702509 0.587000814995925 0.25268817204301075 0.04767726161369193
0 0.8978494623655914 0.569478402607987 0.08064516129032258 0.03219233903830481
0 0.8767921146953405 0.6974327628361858 0.10304659498207885 0.05175224123879381
0 0.8732078853046595 0.7885085574572127 0.1603942652329749 0.04156479217603912
0 0.9139784946236559 0.962917685411573 0.0931899641577061 0.04156479217603912
0 0.7956989247311828 0.9669926650366748 0.0967741935483871 0.040749796251018745
0 0.7051971326164874 0.9682151589242054 0.10215053763440861 0.03993480032599837
0 0.599910394265233 0.9678076609616952 0.10842293906810035 0.040749796251018745
0 0.4986559139784946 0.9686226568867156 0.08512544802867383 0.03667481662591687
0 0.7056451612903226 0.9182966585167074 0.1550179211469534 0.04849225753871231
0 0.8906810035842294 0.912999185004075 0.21505376344086022 0.05745721271393643
0 0.9005376344086021 0.865321923390383 0.13978494623655913 0.04767726161369193
0 0.892921146953405 0.3938467807660962 0.10304659498207885 0.038712306438467806
0 0.8915770609318996 0.32253463732681337 0.08781362007168458 0.040342298288508556
0 0.900089605734767 0.2850448247758761 0.08691756272401434 0.037082314588427055
0 0.4578853046594982 0.4172779136104319 0.11648745519713262 0.044009779951100246
