0 0.21061843640606767 0.25737898465171194 0.22987164527421236 0.2361275088547816
0 0.6155192532088681 0.26741440377804016 0.17386231038506417 0.2231404958677686
0 0.1487747957992999 0.845926800472255 0.15985997666277713 0.18536009445100354
0 0.4014002333722287 0.8353010625737899 0.18203033838973162 0.19008264462809918
0 0.7427071178529755 0.8246753246753247 0.47024504084014 0.2255017709563164
0 0.23453908984830804 0.667060212514758 0.338389731621937 0.179456906729634
0 0.1423570595099183 0.49173553719008267 0.15869311551925322 0.1641086186540732
0 0.43990665110851807 0.48760330578512395 0.3570595099183197 0.17237308146399055
0 0.7333722287047841 0.46162927981109797 0.21820303383897316 0.1487603305785124
0 0.7835472578763127 0.6328217237308147 0.26254375729288215 0.1770956316410862
0 0.838973162193699 0.26210153482880755 0.25204200700116686 0.21487603305785125
0 0.9084014002333722 0.45690672963400236 0.1295215869311552 0.1770956316410862
