0 0.12442396313364056 0.16 0.14516129032258066 0.14363636363636365
0 0.3352534562211982 0.15363636363636363 0.2626728110599078 0.14545454545454545
0 0.11693548387096774 0.5440909090909091 0.15092165898617513 0.14454545454545453
0 0.1595622119815668 0.6790909090909091 0.2269585253456221 0.13272727272727272
0 0.37327188940092165 0.6704545454545454 0.1912442396313364 0.12454545454545454
0 0.30702764976958524 0.5436363636363636 0.23617511520737328 0.14545454545454545
0 0.5299539170506913 0.525 0.21889400921658986 0.1390909090909091
0 0.6912442396313364 0.5136363636363637 0.11290322580645161 0.11090909090909092
0 0.7799539170506913 0.7513636363636363 0.3847926267281106 0.12454545454545454
0 0.5616359447004609 0.6522727272727272 0.19009216589861752 0.11545454545454545
0 0.7511520737327189 0.6413636363636364 0.22119815668202766 0.1318181818181818
0 0.9297235023041475 0.6309090909090909 0.14516129032258066 0.12363636363636364
0 0.8341013824884793 0.5109090909090909 0.1774193548387097 0.12363636363636364
0 0.4798387096774194 0.7759090909090909 0.18317972350230416 0.12636363636363637
0 0.13940092165898618 0.8790909090909091 0.1543778801843318 0.10363636363636364
0 0.179147465437788 0.9559090909090909 0.20852534562211983 0.07
0 0.5518433179723502 0.1431818181818182 0.17511520737327188 0.14636363636363636
0 0.4631336405529954 0.04090909090909091 0.24423963133640553 0.08181818181818182
0 0.6745391705069125 0.041363636363636366 0.17857142857142858 0.07909090909090909
0 0.1336405529953917 0.7822727272727272 0.16359447004608296 0.09
0 0.7091013824884793 0.14272727272727273 0.17857142857142858 0.14181818181818182
0 0.8796082949308756 0.15363636363636363 0.16705069124423963 0.13636363636363635
0 0.25460829493087556 0.04909090909090909 0.09216589861751152 0.06727272727272728
0 0.11290322580645161 0.06 0.12211981566820276 0.06181818181818182
0 0.8283410138248848 0.04318181818181818 0.14285714285714285 0.0809090909090909
0 0.9516129032258065 0.5045454545454545 0.08755760368663594 0.12727272727272726
0 0.5495391705069125 0.9504545454545454 0.17050691244239632 0.07727272727272727
0 0.37039170506912444 0.9486363636363636 0.17857142857142858 0.07727272727272727
0 0.7027649769585254 0.9504545454545454 0.1359447004608295 0.0809090909090909
0 0.8162442396313364 0.9513636363636364 0.10483870967741936 0.08272727272727273
0 0.9268433179723502 0.9340909090909091 0.11635944700460829 0.12090909090909091
