0 0.2233560090702948 0.2611228813559322 0.1383219954648526 0.2086864406779661
0 0.5051020408163265 0.24523305084745764 0.31405895691609975 0.1875
0 0.5136054421768708 0.4819915254237288 0.1383219954648526 0.15889830508474576
0 0.7040816326530612 0.4835805084745763 0.2290249433106576 0.17266949152542374
0 0.2834467120181406 0.4899364406779661 0.31746031746031744 0.2319915254237288
0 0.6950113378684807 0.6657838983050848 0.2698412698412698 0.1917372881355932
0 0.7420634920634921 0.267478813559322 0.18253968253968253 0.225635593220339
0 0.2556689342403628 0.8622881355932204 0.28458049886621317 0.17372881355932204
0 0.20124716553287983 0.6859110169491526 0.1893424036281179 0.17902542372881355
0 0.4280045351473923 0.6885593220338984 0.2800453514739229 0.17796610169491525
0 0.8486394557823129 0.4846398305084746 0.07369614512471655 0.1641949152542373
0 0.8775510204081632 0.2627118644067797 0.1111111111111111 0.23940677966101695
0 0.909297052154195 0.663135593220339 0.15192743764172337 0.1864406779661017
0 0.6570294784580499 0.8522245762711864 0.5226757369614512 0.1875
0 0.935374149659864 0.4883474576271186 0.11791383219954649 0.15677966101694915
