0 0.06273234200743494 0.1479944674965422 0.11245353159851301 0.10235131396957123
0 0.37174721189591076 0.13001383125864455 0.21561338289962825 0.08022130013831259
0 0.07063197026022305 0.24515905947441216 0.13011152416356878 0.09336099585062241
0 0.09014869888475836 0.42496542185338865 0.14869888475836432 0.10027662517289074
0 0.24721189591078066 0.42047026279391425 0.1654275092936803 0.09405255878284924
0 0.07946096654275094 0.5283540802213001 0.11802973977695168 0.0954356846473029
0 0.3861524163568773 0.5961272475795297 0.21654275092936803 0.07745504840940526
0 0.14265799256505576 0.9412171507607192 0.21096654275092938 0.07330567081604426
0 0.1092007434944238 0.8651452282157677 0.10687732342007435 0.08852005532503458
0 0.22211895910780668 0.8644536652835408 0.13197026022304834 0.08298755186721991
0 0.07806691449814127 0.7818118948824343 0.0724907063197026 0.07123098201936376
0 0.15985130111524162 0.6134163208852006 0.2379182156133829 0.08298755186721991
0 0.41403345724907065 0.04944674965421853 0.1775092936802974 0.0739972337482711
0 0.6612453531598513 0.12240663900414937 0.1087360594795539 0.08713692946058091
0 0.550185873605948 0.13070539419087138 0.11895910780669144 0.09681881051175657
0 0.18447955390334572 0.7783540802213001 0.14591078066914498 0.08921161825726141
0 0.31366171003717475 0.9315352697095436 0.13104089219330856 0.07745504840940526
0 0.48977695167286245 0.9304979253112033 0.15613382899628253 0.08506224066390042
0 0.8619888475836431 0.9114799446749654 0.1737918215613383 0.0995850622406639
0 0.570631970260223 0.588865836791148 0.16356877323420074 0.08782849239280774
0 0.7053903345724907 0.5826417704011065 0.10037174721189591 0.0975103734439834
0 0.8480483271375465 0.5746887966804979 0.06784386617100371 0.08437067773167359
0 0.18680297397769516 0.1313969571230982 0.15055762081784388 0.08575380359612725
0 0.6565985130111525 0.4847856154910097 0.18866171003717472 0.08990318118948824
0 0.6547397769516728 0.39557399723374825 0.11059479553903345 0.08852005532503458
0 0.7606877323420075 0.38658367911479946 0.10315985130111524 0.08022130013831259
0 0.5371747211895911 0.40076071922544954 0.14312267657992564 0.09197786998616875
0 0.8671003717472119 0.3834716459197787 0.1171003717472119 0.10719225449515905
0 0.7904275092936803 0.2966804979253112 0.12732342007434944 0.09266943291839558
0 0.9284386617100372 0.2752420470262794 0.14312267657992564 0.08990318118948824
0 0.22769516728624536 0.23997233748271093 0.19888475836431227 0.09820193637621023
0 0.36477695167286245 0.32295988934993086 0.24814126394052044 0.09405255878284924
0 0.5655204460966543 0.23098201936376211 0.15148698884758363 0.08990318118948824
0 0.7676579925650557 0.20850622406639005 0.22676579925650558 0.08644536652835408
0 0.237453531598513 0.5117565698478561 0.19981412639405205 0.08990318118948824
0 0.33178438661710036 0.6784232365145229 0.14684014869888476 0.0912863070539419
0 0.4921003717472119 0.6749654218533887 0.18680297397769516 0.0912863070539419
0 0.8522304832713755 0.6649377593360996 0.20631970260223048 0.08506224066390042
0 0.3252788104089219 0.8509681881051175 0.08921933085501858 0.0739972337482711
0 0.42657992565055763 0.8478561549100968 0.12453531598513011 0.08298755186721991
0 0.5548327137546468 0.8423236514522822 0.12825278810408922 0.09820193637621023
0 0.7026022304832714 0.8336791147994468 0.1449814126394052 0.07538035961272475
0 0.8610594795539034 0.8295297372060858 0.17193308550185873 0.07676348547717843
0 0.7820631970260223 0.12275242047026279 0.1366171003717472 0.09336099585062241
0 0.4065985130111524 0.22164591977869985 0.1607806691449814 0.10442600276625173
0 0.11942379182156133 0.04702627939142462 0.1737918215613383 0.0677731673582296
0 0.9423791821561338 0.1970954356846473 0.09479553903345725 0.07607192254495158
0 0.07899628252788105 0.33367911479944673 0.11895910780669144 0.08921161825726141
0 0.19144981412639406 0.33367911479944673 0.10780669144981413 0.08921161825726141
0 0.39637546468401486 0.41632088520055327 0.13847583643122677 0.08852005532503458
0 0.9512081784386617 0.37413554633471646 0.05111524163568773 0.07883817427385892
0 0.39776951672862454 0.5096818810511756 0.11338289962825279 0.08852005532503458
0 0.5078996282527881 0.5024204702627939 0.11059479553903345 0.09336099585062241
0 0.8322490706319703 0.4664591977869986 0.1775092936802974 0.06708160442600276
0 0.9493494423791822 0.4598893499308437 0.06598513011152417 0.07330567081604426
0 0.14730483271375464 0.6964038727524204 0.22397769516728624 0.08437067773167359
0 0.3513011152416357 0.7669432918395575 0.19330855018587362 0.08852005532503458
0 0.6026951672862454 0.7555325034578146 0.3187732342007435 0.09197786998616875
0 0.8359665427509294 0.7493084370677732 0.1421933085501859 0.08782849239280774
0 0.5413568773234201 0.30567081604426005 0.11802973977695168 0.0912863070539419
0 0.6621747211895911 0.30221300138312585 0.13104089219330856 0.08990318118948824
