0 0.24721984602224123 0.24457308248914617 0.2703165098374679 0.06560540279787747
0 0.4769033361847733 0.258803666184274 0.15483319076133448 0.07573564881813796
0 0.27502138579982893 0.17269657501205982 0.2865697177074423 0.060781476121562955
0 0.5414884516680923 0.1799324650265316 0.20017108639863132 0.07332368547998071
0 0.3716852010265184 0.1020260492040521 0.40290846877673225 0.08055957549445249
0 0.7399486740804107 0.10926193921852388 0.09409751924721985 0.08345393150024119
0 0.7309666381522669 0.18620356970574048 0.1941830624465355 0.09937288953207911
0 0.8917878528656972 0.19609261939218525 0.1377245508982036 0.09020742884708152
0 0.8845166809238666 0.6384466956102267 0.1317365269461078 0.0602990834539315
0 0.72027373823781 0.6432706222865412 0.20017108639863132 0.07284129281234925
0 0.5363558597091531 0.6497829232995659 0.1710863986313088 0.06367583212735166
0 0.32677502138579984 0.6442354076218042 0.24807527801539778 0.06801736613603473
0 0.10735671514114628 0.6319343945972021 0.20273738237810093 0.0955137481910275
0 0.5303678357570573 0.028219971056439943 0.2018819503849444 0.05161601543656536
0 0.30538922155688625 0.03424987940183309 0.24123182207014543 0.05885190545103714
0 0.7656116338751069 0.03256150506512301 0.2754491017964072 0.06415822479498312
0 0.05004277159965783 0.2583212735166425 0.05218135158254919 0.05161601543656536
0 0.059880239520958084 0.1808972503617945 0.059880239520958084 0.0723589001447178
0 0.07613344739093242 0.11625663289917994 0.06672369546621043 0.056922334780511334
0 0.16638152266894782 0.7016401350699469 0.3088109495295124 0.07573564881813796
0 0.4965782720273738 0.7122527737578389 0.31223267750213857 0.07863000482392668
0 0.7104362703165098 0.7163531114327062 0.13088109495295125 0.07332368547998071
0 0.8618477331052181 0.7095996140858659 0.1958939264328486 0.08683068017366136
0 0.07100085543199315 0.8294741919922817 0.1146278870829769 0.08731307284129282
0 0.16467065868263472 0.8451519536903039 0.08297690333618478 0.0713941148094549
0 0.2694610778443114 0.8446695610226724 0.1300256629597947 0.08104196816208394
0 0.4354148845166809 0.848528702363724 0.19503849443969204 0.08393632416787265
0 0.6659538066723696 0.8523878437047757 0.1804961505560308 0.07621804148576941
0 0.07228400342172797 0.7595272551857212 0.1394354148845167 0.06994693680656054
0 0.3032506415739949 0.7754462132175591 0.2917023096663815 0.0844187168355041
0 0.5765611633875107 0.783405692233478 0.2891360136869119 0.07718282682103232
0 0.76732249786142 0.7783405692233478 0.1283147989734816 0.07573564881813796
0 0.11291702309666382 0.9143753014954172 0.14713430282292558 0.07766521948866377
0 0.26390076988879385 0.9155812831644959 0.165098374679213 0.06464061746261457
0 0.41402908468776733 0.9252291365171249 0.1317365269461078 0.05595754944524843
0 0.5380667236954663 0.9290882778581766 0.1283147989734816 0.056922334780511334
0 0.6407185628742516 0.2682103232030873 0.1864841745081266 0.0945489628557646
0 0.844311377245509 0.28630004823926675 0.22412318220701455 0.09503135552339605
0 0.7634730538922155 0.9124457308248914 0.32591958939264326 0.08634828750602991
0 0.22241231822070145 0.964785335262904 0.24636441402908468 0.05016883743367101
0 0.43498716852010266 0.9688856729377714 0.1223267750213858 0.04486251808972504
0 0.6295979469632165 0.9734684032802702 0.20530367835757057 0.04052098408104197
