0 0.12796976241900648 0.05474764756201882 0.13930885529157666 0.08041060735671514
0 0.30831533477321815 0.053464499572284004 0.14146868250539957 0.10350727117194183
0 0.5102591792656588 0.058169375534645 0.23650107991360692 0.09580838323353294
0 0.8012958963282938 0.06501283147989735 0.3347732181425486 0.10607356715141146
0 0.13444924406047515 0.18733960650128315 0.19546436285097193 0.11633875106929
0 0.10961123110151189 0.358426005132592 0.09827213822894168 0.13344739093242086
0 0.23380129589632828 0.35543199315654406 0.17602591792656588 0.12061591103507271
0 0.40226781857451405 0.35115483319076135 0.19330453563714903 0.13088109495295125
0 0.5923326133909287 0.3383233532934132 0.18682505399568033 0.11377245508982035
0 0.5799136069114471 0.18776732249786143 0.16846652267818574 0.1514114627887083
0 0.771598272138229 0.1941830624465355 0.21058315334773217 0.14884516680923868
0 0.36393088552915764 0.19760479041916168 0.3023758099352052 0.1710863986313088
0 0.10745140388768898 0.47946963216424293 0.11339092872570194 0.1223267750213858
0 0.22894168466522677 0.4820359281437126 0.15982721382289417 0.11890504704875962
0 0.46652267818574517 0.46578272027373824 0.20950323974082075 0.13259195893926431
0 0.6344492440604752 0.5821214713430283 0.10043196544276457 0.11719418306244654
0 0.1009719222462203 0.5906757912745937 0.10907127429805616 0.11035072711719418
0 0.4136069114470842 0.6993156544054747 0.18142548596112312 0.11719418306244654
0 0.42764578833693306 0.586398631308811 0.23974082073434125 0.11548331907613345
0 0.6085313174946004 0.6907613344739093 0.21274298056155508 0.12061591103507271
0 0.8444924406047516 0.6736526946107785 0.24190064794816415 0.1377245508982036
0 0.09233261339092873 0.6890504704875963 0.11339092872570194 0.0932420872540633
0 0.11609071274298056 0.7942686056458511 0.12203023758099352 0.09666381522668947
0 0.10205183585313175 0.8892215568862275 0.10259179265658748 0.08639863130881095
0 0.09557235421166306 0.9580838323353293 0.08099352051835854 0.058169375534645
0 0.41576673866090713 0.8096663815226689 0.2159827213822894 0.11377245508982035
0 0.6193304535637149 0.8028229255774166 0.19978401727861772 0.11035072711719418
0 0.8606911447084233 0.7840034217279727 0.17062634989200864 0.11035072711719418
0 0.39092872570194387 0.9088964927288281 0.2526997840172786 0.10179640718562874
0 0.6106911447084233 0.9003421727972626 0.19546436285097193 0.09837467921300257
0 0.7661987041036717 0.8952095808383234 0.15010799136069114 0.11206159110350727
0 0.9065874730021598 0.8875106928999145 0.14362850971922247 0.11035072711719418
0 0.3779697624190065 0.9649272882805817 0.2570194384449244 0.041060735671514116
0 0.5890928725701944 0.9649272882805817 0.1306695464362851 0.04790419161676647
0 0.8018358531317494 0.9730538922155688 0.21706263498920086 0.06073567151411463
0 0.759719222462203 0.5667236954662105 0.08099352051835854 0.10692899914456801
0 0.92170626349892 0.5547476475620188 0.16090712742980562 0.10692899914456801
0 0.9260259179265659 0.44696321642429426 0.14794816414686826 0.11548331907613345
0 0.683585313174946 0.46663815226689476 0.23758099352051837 0.13088109495295125
