0 0.13599458728010824 0.14355828220858896 0.18267929634641408 0.14969325153374233
0 0.37821380243572394 0.14785276073619633 0.2692828146143437 0.16809815950920245
0 0.4215155615696888 0.36134969325153377 0.17997293640054127 0.18527607361963191
0 0.5460081190798376 0.5809815950920245 0.17726657645466848 0.18282208588957055
0 0.19485791610284167 0.7325153374233129 0.2652232746955345 0.12024539877300613
0 0.4059539918809202 0.7349693251533742 0.16508795669824086 0.12024539877300613
0 0.4093369418132612 0.8680981595092024 0.34776725304465494 0.13374233128834356
0 0.70297699594046 0.8766871165644172 0.2449255751014885 0.15337423312883436
0 0.20027063599458728 0.36134969325153377 0.2814614343707713 0.20736196319018405
0 0.6001353179972937 0.7404907975460123 0.22868741542625168 0.12392638036809817
0 0.725981055480379 0.5766871165644172 0.19350473612990526 0.1521472392638037
0 0.36400541271989173 0.5766871165644172 0.21109607577807848 0.20368098159509201
0 0.22665764546684708 0.5773006134969325 0.08254397834912043 0.2
0 0.12381596752368065 0.5441717791411043 0.12313937753721245 0.09202453987730061
0 0.13125845737483086 0.8748466257668711 0.20027063599458728 0.17914110429447852
0 0.9066305818673883 0.8766871165644172 0.15967523680649526 0.14846625766871166
0 0.6116373477672531 0.18098159509202455 0.20568335588633288 0.21226993865030674
0 0.7692828146143437 0.16319018404907976 0.13667117726657646 0.16441717791411042
0 0.9059539918809202 0.14662576687116563 0.13667117726657646 0.1361963190184049
0 0.7618403247631935 0.7361963190184049 0.04871447902571042 0.12269938650306748
0 0.8626522327469553 0.741717791411043 0.15561569688768606 0.10429447852760736
0 0.878213802435724 0.5803680981595092 0.13531799729364005 0.17177914110429449
0 0.6623815967523681 0.3773006134969325 0.2665764546684709 0.18282208588957055
0 0.8240866035182679 0.3717791411042945 0.07577807848443843 0.14478527607361963
0 0.9235453315290933 0.35644171779141104 0.14479025710419485 0.15828220858895706
0 0.9648173207036536 0.5607361963190184 0.056833558863328824 0.14969325153374233
