0 0.12914691943127962 0.10217176702862783 0.13270142180094788 0.087857847976308
0 0.27606635071090047 0.08736426456071077 0.17535545023696683 0.07403751233958539
0 0.4354265402843602 0.2882527147087858 0.1504739336492891 0.08687068114511352
0 0.1712085308056872 0.3761105626850938 0.28791469194312796 0.10069101678183613
0 0.08471563981042654 0.28479763079960513 0.10071090047393365 0.11154985192497532
0 0.2517772511848341 0.2788746298124383 0.20497630331753555 0.11352418558736427
0 0.09893364928909952 0.18657453109575517 0.11018957345971564 0.09871668311944719
0 0.7043838862559242 0.7981243830207305 0.10781990521327015 0.12734452122408688
0 0.6001184834123223 0.7996051332675223 0.10545023696682465 0.13030602171767028
0 0.47511848341232227 0.8050345508390918 0.14691943127962084 0.14116485686080948
0 0.8193127962085308 0.792694965449161 0.12677725118483413 0.13820335636722605
0 0.6670616113744076 0.4067127344521224 0.17772511848341233 0.10661401776900296
0 0.4306872037914692 0.0863770977295163 0.1386255924170616 0.07798617966436328
0 0.3003554502369668 0.15745310957551825 0.2902843601895735 0.08588351431391905
0 0.5545023696682464 0.17620927936821323 0.2156398104265403 0.10760118460019744
0 0.7488151658767772 0.19693978282329713 0.1848341232227488 0.10365251727541955
0 0.6356635071090048 0.30454096742349457 0.18838862559241706 0.09575518262586377
0 0.8382701421800948 0.30009871668311944 0.21682464454976302 0.10266535044422508
0 0.4318720379146919 0.39486673247778875 0.254739336492891 0.11648568608094768
0 0.8637440758293838 0.395360315893386 0.2156398104265403 0.11549851924975321
0 0.5870853080568721 0.09180651530108588 0.17180094786729858 0.08094768015794669
0 0.7109004739336493 0.1125370187561698 0.0995260663507109 0.07305034550839092
0 0.10545023696682465 0.8099703849950641 0.13981042654028436 0.14708785784797632
0 0.3359004739336493 0.9387956564659428 0.17890995260663506 0.08884501480750247
0 0.518957345971564 0.9363277393879565 0.14454976303317535 0.11747285291214216
0 0.851303317535545 0.12931885488647582 0.19075829383886256 0.0947680157946693
0 0.3495260663507109 0.8149062191510366 0.0971563981042654 0.1372161895360316
0 0.23163507109004738 0.8104639684106614 0.1338862559241706 0.1362290227048371
0 0.1712085308056872 0.9417571569595261 0.1504739336492891 0.05725567620927937
0 0.9395734597156398 0.7838104639684107 0.11374407582938388 0.13820335636722605
