0 0.09908256880733946 0.5564356435643565 0.1614678899082569 0.13861386138613863
0 0.3678899082568807 0.6811881188118812 0.13577981651376148 0.13663366336633664
0 0.5137614678899083 0.6727722772277228 0.11192660550458716 0.1297029702970297
0 0.8568807339449541 0.3925742574257426 0.08440366972477065 0.14158415841584157
0 0.41009174311926605 0.39504950495049507 0.14678899082568808 0.13267326732673268
0 0.4444954128440367 0.8113861386138614 0.16788990825688074 0.12772277227722773
0 0.05917431192660551 0.24108910891089108 0.0779816513761468 0.12376237623762376
0 0.1830275229357798 0.24158415841584158 0.11467889908256881 0.13267326732673268
0 0.5848623853211009 0.8133663366336633 0.11284403669724771 0.13366336633663367
0 0.6844036697247706 0.9237623762376238 0.12293577981651377 0.12475247524752475
0 0.3669724770642202 0.5455445544554456 0.11192660550458716 0.13267326732673268
0 0.07339449541284404 0.6836633663366337 0.12477064220183487 0.09207920792079208
0 0.15045871559633028 0.8178217821782178 0.11926605504587157 0.11485148514851486
0 0.28211009174311924 0.8237623762376237 0.15137614678899083 0.13663366336633664
0 0.04862385321100918 0.8217821782178217 0.09908256880733946 0.13663366336633664
0 0.6440366972477064 0.39504950495049507 0.13394495412844037 0.12475247524752475
0 0.056422018348623856 0.402970297029703 0.0889908256880734 0.12475247524752475
0 0.15229357798165138 0.400990099009901 0.11192660550458716 0.12079207920792079
0 0.3100917431192661 0.24455445544554455 0.15229357798165138 0.1504950495049505
0 0.2724770642201835 0.39653465346534655 0.14862385321100918 0.14554455445544554
0 0.8151376146788991 0.6693069306930693 0.3275229357798165 0.12871287128712872
0 0.828440366972477 0.800990099009901 0.14678899082568808 0.11683168316831684
0 0.7527522935779817 0.3915841584158416 0.12018348623853212 0.15346534653465346
0 0.9509174311926606 0.3915841584158416 0.07431192660550459 0.1297029702970297
0 0.9573394495412844 0.11138613861386139 0.081651376146789 0.1
0 0.8 0.12475247524752475 0.22018348623853212 0.12277227722772277
0 0.5298165137614679 0.38663366336633664 0.10917431192660551 0.12574257425742574
0 0.5591743119266055 0.5415841584158416 0.2761467889908257 0.12871287128712872
0 0.8412844036697248 0.5386138613861386 0.30091743119266057 0.13267326732673268
0 0.5642201834862385 0.12623762376237624 0.24770642201834864 0.1198019801980198
0 0.6981651376146789 0.8004950495049505 0.12293577981651377 0.12178217821782178
0 0.45091743119266053 0.2495049504950495 0.12935779816513762 0.13861386138613863
0 0.5706422018348624 0.25346534653465347 0.11376146788990826 0.13267326732673268
0 0.7440366972477064 0.2603960396039604 0.22935779816513763 0.14653465346534653
0 0.9229357798165138 0.25495049504950495 0.12110091743119267 0.13762376237623763
0 0.8495412844036697 0.9168316831683169 0.22752293577981653 0.13465346534653466
0 0.941743119266055 0.7950495049504951 0.0926605504587156 0.11485148514851486
0 0.3541284403669725 0.12178217821782178 0.12844036697247707 0.11089108910891089
0 0.08211009174311927 0.12277227722772277 0.10366972477064221 0.11287128712871287
