0 0.11217948717948718 0.4367219917012448 0.15598290598290598 0.17427385892116182
0 0.5715811965811965 0.4144190871369295 0.1517094017094017 0.13796680497925312
0 0.7414529914529915 0.4019709543568465 0.14316239316239315 0.1358921161825726
0 0.2590811965811966 0.4336099585062241 0.10576923076923077 0.14730290456431536
0 0.4033119658119658 0.4336099585062241 0.13354700854700854 0.14730290456431536
0 0.19497863247863248 0.7510373443983402 0.1655982905982906 0.15145228215767634
0 0.37446581196581197 0.7385892116182573 0.18696581196581197 0.15352697095435686
0 0.5288461538461539 0.7354771784232366 0.13247863247863248 0.16182572614107885
0 0.18162393162393162 0.8812240663900415 0.3311965811965812 0.11514522821576763
0 0.0641025641025641 0.7489626556016598 0.10683760683760683 0.15352697095435686
0 0.1891025641025641 0.600103734439834 0.358974358974359 0.1400414937759336
0 0.6832264957264957 0.7271784232365145 0.17841880341880342 0.15145228215767634
0 0.8461538461538461 0.7147302904564315 0.1581196581196581 0.15560165975103735
0 0.9524572649572649 0.7017634854771784 0.056623931623931624 0.1462655601659751
0 0.453525641025641 0.879149377593361 0.2232905982905983 0.11721991701244813
0 0.6426282051282052 0.8656639004149378 0.1762820512820513 0.11514522821576763
0 0.14583333333333334 0.26089211618257263 0.24465811965811965 0.1504149377593361
0 0.38461538461538464 0.2525933609958506 0.2606837606837607 0.1483402489626556
0 0.5801282051282052 0.24896265560165975 0.13675213675213677 0.15352697095435686
0 0.5154914529914529 0.09906639004149377 0.22756410256410256 0.1483402489626556
0 0.7398504273504274 0.09595435684647304 0.22542735042735043 0.1338174273858921
0 0.7681623931623932 0.22821576763485477 0.2606837606837607 0.15352697095435686
0 0.8926282051282052 0.3941908713692946 0.15491452991452992 0.13070539419087138
0 0.8103632478632479 0.5658713692946058 0.35149572649572647 0.17116182572614108
0 0.844017094017094 0.8568464730290456 0.2670940170940171 0.14315352697095435
0 0.12553418803418803 0.9657676348547718 0.11858974358974358 0.06016597510373444
0 0.24412393162393162 0.953838174273859 0.09935897435897435 0.06327800829875518
0 0.38995726495726496 0.9626556016597511 0.1794871794871795 0.06016597510373444
0 0.5261752136752137 0.9548755186721992 0.06303418803418803 0.06950207468879668
0 0.6602564102564102 0.9647302904564315 0.17307692307692307 0.06224066390041494
0 0.8370726495726496 0.9626556016597511 0.18055555555555555 0.07053941908713693
