0 0.24559777571825764 0.34147997284453496 0.16682113067655235 0.08961303462321792
0 0.13948100092678406 0.4351663272233537 0.13994439295644115 0.0746775288526816
0 0.21223354958294718 0.25084860828241684 0.11492122335495829 0.08214528173794976
0 0.0968489341983318 0.08689748811948404 0.08619091751621873 0.10590631364562118
0 0.24791473586654308 0.06313645621181263 0.1380908248378128 0.10183299389002037
0 0.08619091751621873 0.2535641547861507 0.12418906394810009 0.08621860149355058
0 0.4490268767377201 0.25220638153428376 0.21037998146431883 0.1011541072640869
0 0.6797961075069509 0.2545824847250509 0.2511584800741427 0.09640190088255261
0 0.42539388322520855 0.4304141208418194 0.13531047265987026 0.10319076714188731
0 0.25393883225208524 0.6072640868974881 0.14087117701575533 0.10930074677528853
0 0.43605189990732157 0.620162932790224 0.12140871177015755 0.09164969450101833
0 0.12650602409638553 0.7980312287847929 0.15291936978683968 0.10930074677528853
0 0.7650602409638554 0.06856754921928038 0.13253012048192772 0.09097080787508487
0 0.5963855421686747 0.4270196877121521 0.18443002780352177 0.0855397148676171
0 0.7873030583873958 0.42464358452138495 0.18999073215940684 0.09029192124915139
0 0.42493049119555143 0.3408010862186015 0.1417979610750695 0.08282416836388323
0 0.7539388322520852 0.7790224032586558 0.17145505097312327 0.08486082824168364
0 0.6626506024096386 0.06347589952477936 0.08155699721964782 0.08757637474541752
0 0.11677479147358666 0.7070604209097081 0.12418906394810009 0.0835030549898167
0 0.4721964782205746 0.7858112695179905 0.09545875810936053 0.10386965376782077
0 0.49351251158480075 0.05431093007467753 0.2808155699721965 0.10183299389002037
0 0.09731232622798888 0.890020366598778 0.12604263206672844 0.0814663951120163
0 0.5009267840593142 0.6978954514596063 0.1566265060240964 0.0814663951120163
0 0.7052826691380908 0.693143245078072 0.24096385542168675 0.07603530210454854
0 0.5885078776645042 0.7868295994568907 0.13160333642261354 0.09368635437881874
0 0.08804448563484708 0.5237610319076714 0.0871177015755329 0.0835030549898167
0 0.247451343836886 0.5132382892057027 0.22242817423540315 0.08010862186014936
0 0.5064874884151993 0.5156143923964698 0.32344763670064874 0.09572301425661914
0 0.5797034291010195 0.34453496266123557 0.1603336422613531 0.07807196198234895
0 0.7442075996292864 0.33842498302783436 0.17794253938832252 0.08486082824168364
0 0.9142724745134384 0.3346911065852003 0.16589434661723818 0.09097080787508487
0 0.7548656163113995 0.5210454854039376 0.16589434661723818 0.08621860149355058
0 0.2340129749768304 0.7057026476578412 0.08804448563484708 0.07128309572301425
0 0.10240963855421686 0.6109979633401222 0.08989805375347544 0.07196198234894773
0 0.2655236329935125 0.8845892735913102 0.2159406858202039 0.10454854039375425
0 0.8568118628359592 0.2454175152749491 0.10472659870250231 0.08214528173794976
0 0.9499536607970342 0.24202308214528173 0.09453197405004633 0.07535641547861507
0 0.9406858202038925 0.423285811269518 0.11306765523632993 0.08621860149355058
0 0.8772011121408712 0.6849966055668704 0.1102873030583874 0.08689748811948404
0 0.6992585727525487 0.6137135098438561 0.13253012048192772 0.08689748811948404
0 0.8623725671918443 0.6042090970807875 0.12326227988878591 0.10183299389002037
0 0.91241890639481 0.5135777325186693 0.1696014828544949 0.09572301425661914
0 0.7307692307692307 0.15852002715546504 0.14365152919369786 0.09708078750848609
0 0.8665430954587581 0.15750169721656485 0.1371640407784986 0.0923285811269518
0 0.8901760889712697 0.07603530210454854 0.1195551436515292 0.09368635437881874
0 0.5097312326227988 0.8896809232858113 0.25764596848934196 0.1011541072640869
0 0.8929564411492122 0.7752885268160217 0.10472659870250231 0.08825526137135098
0 0.9633920296570899 0.6812627291242362 0.05097312326227989 0.08078750848608282
0 0.5579240037071362 0.6228784792939579 0.03892493049119555 0.059063136456211814
0 0.5759962928637627 0.6025118805159538 0.1566265060240964 0.08214528173794976
