0 0.16963226571767498 0.18231441048034935 0.2206405693950178 0.17903930131004367
0 0.39501779359430605 0.17248908296943233 0.1874258600237248 0.1572052401746725
0 0.6061684460260973 0.17521834061135372 0.23962040332147094 0.1888646288209607
0 0.798932384341637 0.15283842794759825 0.1387900355871886 0.15502183406113537
0 0.9228944246737841 0.15775109170305676 0.1162514827995255 0.1517467248908297
0 0.23962040332147094 0.7139737991266376 0.2491103202846975 0.13973799126637554
0 0.4347568208778173 0.6943231441048034 0.14827995255041518 0.15502183406113537
0 0.6115065243179122 0.6937772925764192 0.21708185053380782 0.16703056768558952
0 0.8066429418742586 0.7030567685589519 0.1874258600237248 0.17248908296943233
0 0.5207591933570581 0.8722707423580786 0.12099644128113879 0.15502183406113537
0 0.7609727164887308 0.8591703056768559 0.3428232502965599 0.1572052401746725
0 0.3701067615658363 0.8597161572052402 0.1542111506524318 0.14519650655021835
0 0.19217081850533807 0.8406113537117904 0.20877817319098457 0.17903930131004367
