0 0.43519394512771997 0.2120967741935484 0.1684011352885525 0.09838709677419355
0 0.11873226111636707 0.2217741935483871 0.15610217596972564 0.10483870967741936
0 0.858561967833491 0.1939516129032258 0.12961210974456008 0.08790322580645162
0 0.12724692526017028 0.4189516129032258 0.12015137180700095 0.10403225806451613
0 0.18070009460737937 0.10725806451612903 0.21570482497634816 0.13225806451612904
0 0.11069063386944182 0.6056451612903225 0.12298959318826869 0.1032258064516129
0 0.8140964995269631 0.3951612903225806 0.24881740775780511 0.12258064516129032
0 0.6244087038789026 0.10524193548387097 0.21381267738883633 0.1282258064516129
0 0.8174077578051088 0.28911290322580646 0.22327341532639547 0.10241935483870968
0 0.3973509933774834 0.09959677419354838 0.19110690633869443 0.1282258064516129
0 0.4413434247871334 0.6161290322580645 0.22989593188268684 0.10806451612903226
0 0.3968779564806055 0.8185483870967742 0.195837275307474 0.11612903225806452
0 0.8372753074739829 0.807258064516129 0.20245979186376536 0.11129032258064517
0 0.3169347209082308 0.714516129032258 0.12677388836329234 0.10806451612903226
0 0.09602649006622517 0.8266129032258065 0.07663197729422895 0.1032258064516129
0 0.5023651844843898 0.3100806451612903 0.21759697256385999 0.10403225806451613
0 0.5964995269631032 0.8133064516129033 0.13718070009460737 0.11693548387096774
0 0.25922421948912017 0.9125 0.17786187322611163 0.1217741935483871
0 0.13339640491958374 0.32016129032258067 0.17029328287606432 0.0967741935483871
0 0.3434247871333964 0.5088709677419355 0.1173131504257332 0.12258064516129032
0 0.5402081362346263 0.5116935483870968 0.2630085146641438 0.09596774193548387
0 0.7866603595080416 0.9044354838709677 0.22989593188268684 0.11370967741935484
0 0.22753074739829707 0.5125 0.1239356669820246 0.11854838709677419
0 0.6357615894039735 0.6100806451612903 0.17218543046357615 0.11693548387096774
0 0.5094607379375591 0.9040322580645161 0.24314096499526963 0.10161290322580645
0 0.1021759697256386 0.9032258064516129 0.13623462630085148 0.12096774193548387
0 0.6007568590350048 0.7040322580645161 0.2630085146641438 0.10483870967741936
0 0.14853358561967833 0.7080645161290322 0.2043519394512772 0.12741935483870967
0 0.5004730368968779 0.4064516129032258 0.23841059602649006 0.11451612903225807
0 0.8330179754020813 0.7 0.19962157048249762 0.10161290322580645
0 0.858561967833491 0.594758064516129 0.18448438978240303 0.11048387096774194
0 0.8807947019867549 0.48346774193548386 0.15894039735099338 0.1153225806451613
0 0.11116367076631978 0.5100806451612904 0.10879848628192999 0.09274193548387097
0 0.7970671712393567 0.08669354838709678 0.12582781456953643 0.1153225806451613
0 0.9210028382213813 0.0814516129032258 0.10312204351939451 0.09193548387096774
