0 0.13894628099173553 0.5464716006884681 0.14772727272727273 0.08777969018932874
0 0.3739669421487603 0.5382960413080895 0.1384297520661157 0.0783132530120482
0 0.13739669421487602 0.7306368330464716 0.11570247933884298 0.09466437177280551
0 0.30113636363636365 0.7383820998278829 0.17458677685950413 0.11015490533562823
0 0.1415289256198347 0.6376936316695353 0.1590909090909091 0.08777969018932874
0 0.1890495867768595 0.21385542168674698 0.26239669421487605 0.10413080895008606
0 0.3734504132231405 0.20567986230636834 0.11053719008264463 0.10327022375215146
0 0.5051652892561983 0.20094664371772805 0.09917355371900827 0.09552495697074011
0 0.8135330578512396 0.1927710843373494 0.17045454545454544 0.0963855421686747
0 0.5206611570247934 0.5430292598967298 0.15289256198347106 0.08950086058519793
0 0.33264462809917356 0.38209982788296043 0.1797520661157025 0.10499139414802065
0 0.19163223140495866 0.38683304647160066 0.10433884297520661 0.10585197934595525
0 0.09762396694214875 0.38812392426850256 0.09400826446280992 0.0963855421686747
0 0.4659090909090909 0.3769363166953528 0.09297520661157024 0.11015490533562823
0 0.24380165289256198 0.923407917383821 0.13636363636363635 0.0757314974182444
0 0.43543388429752067 0.29259896729776247 0.125 0.07228915662650602
0 0.565599173553719 0.2882960413080895 0.14359504132231404 0.08261617900172118
0 0.3140495867768595 0.29733218588640276 0.14049586776859505 0.06970740103270223
0 0.1012396694214876 0.3029259896729776 0.08471074380165289 0.07056798623063683
0 0.6394628099173554 0.37650602409638556 0.05991735537190083 0.10068846815834767
0 0.7097107438016529 0.3648881239242685 0.08677685950413223 0.08089500860585198
0 0.4839876033057851 0.7358003442340791 0.1993801652892562 0.11015490533562823
0 0.6482438016528925 0.7310671256454389 0.13119834710743802 0.10929432013769363
0 0.8068181818181818 0.7228915662650602 0.22107438016528927 0.12736660929432014
0 0.3677685950413223 0.6351118760757315 0.14049586776859505 0.10154905335628227
0 0.5377066115702479 0.6320998278829604 0.1993801652892562 0.09896729776247848
0 0.7004132231404959 0.6273666092943201 0.14669421487603307 0.10671256454388985
0 0.8486570247933884 0.6144578313253012 0.16425619834710745 0.11187607573149742
0 0.6807851239669421 0.5339931153184165 0.15495867768595042 0.10068846815834767
0 0.8646694214876033 0.5167814113597247 0.20867768595041322 0.10929432013769363
0 0.1797520661157025 0.8429432013769363 0.21487603305785125 0.10068846815834767
0 0.36673553719008267 0.8438037865748709 0.16942148760330578 0.09896729776247848
0 0.5459710743801653 0.830895008605852 0.12706611570247933 0.07314974182444062
0 0.7877066115702479 0.8304647160068847 0.23450413223140495 0.11015490533562823
0 0.5981404958677686 0.9173838209982789 0.1590909090909091 0.08950086058519793
0 0.7246900826446281 0.919104991394148 0.07747933884297521 0.0774526678141136
0 0.46797520661157027 0.9221170395869192 0.0743801652892562 0.09208261617900172
0 0.7148760330578512 0.28141135972461273 0.16115702479338842 0.08089500860585198
0 0.8512396694214877 0.27969018932874357 0.1322314049586777 0.0981067125645439
0 0.8471074380165289 0.9027538726333907 0.16942148760330578 0.0963855421686747
0 0.7634297520661157 0.9737521514629949 0.25826446280991733 0.05938037865748709
0 0.5609504132231405 0.3769363166953528 0.09710743801652892 0.09982788296041308
0 0.8037190082644629 0.36058519793459554 0.10743801652892562 0.06712564543889846
0 0.8915289256198347 0.35370051635111877 0.06818181818181818 0.07401032702237521
0 0.7179752066115702 0.4397590361445783 0.20454545454545456 0.08777969018932874
0 0.856404958677686 0.43029259896729777 0.09710743801652892 0.07917383820998279
0 0.9359504132231405 0.4225473321858864 0.06611570247933884 0.0774526678141136
0 0.368801652892562 0.927710843373494 0.12190082644628099 0.0757314974182444
0 0.3331611570247934 0.9823580034423408 0.20351239669421486 0.035283993115318414
