0 0.13977746870653684 0.1843191196698762 0.1599443671766342 0.16781292984869325
0 0.31154381084840055 0.17056396148555708 0.15855354659248957 0.21182943603851445
0 0.7051460361613352 0.3982118294360385 0.1808066759388039 0.2297111416781293
0 0.30806675938803896 0.3734525447042641 0.17107093184979139 0.1856946354883081
0 0.46522948539638387 0.16299862448418156 0.1376912378303199 0.14167812929848694
0 0.12517385257301808 0.3775790921595598 0.18636995827538247 0.18019257221458046
0 0.5006954102920723 0.3796423658872077 0.21974965229485396 0.2393397524071527
0 0.13977746870653684 0.5687757909215956 0.18776077885952713 0.16368638239339753
0 0.3713490959666203 0.5832187070151307 0.26425591098748263 0.20907840440165062
0 0.6369958275382476 0.5859697386519945 0.29207232267037553 0.1815680880330124
0 0.2336578581363004 0.9160935350756534 0.3198887343532684 0.15130674002751032
0 0.6223922114047288 0.15955983493810177 0.1933240611961057 0.19257221458046767
0 0.7837273991655076 0.7427785419532325 0.3769123783031989 0.17056396148555708
0 0.4721835883171071 0.7510316368638239 0.24339360222531292 0.15955983493810177
0 0.847009735744089 0.16987620357634112 0.25591098748261476 0.15818431911966988
0 0.9054242002781642 0.35557083906464926 0.17524339360222532 0.2324621733149931
0 0.7308762169680111 0.8885832187070152 0.3769123783031989 0.17056396148555708
0 0.8880389429763561 0.5804676753782668 0.21001390820584145 0.17606602475928473
