0 0.13092269326683292 0.1981852913085005 0.10889443059019119 0.13658070678127984
0 0.5216126350789693 0.14565425023877746 0.3250207813798836 0.1938872970391595
0 0.1317539484621779 0.36962750716332377 0.13881961762261014 0.21012416427889208
0 0.3333333333333333 0.3553008595988539 0.26433915211970077 0.17382999044890163
0 0.5669160432252701 0.3557784145176695 0.21280133000831256 0.20534861509073543
0 0.728595178719867 0.37774594078319007 0.1172069825436409 0.19006685768863418
0 0.8503740648379052 0.37010506208213945 0.11970074812967581 0.16523400191021967
0 0.772236076475478 0.5420248328557784 0.16458852867830423 0.16714422158548234
0 0.7855361596009975 0.15472779369627507 0.21612635078969245 0.21203438395415472
0 0.9364089775561097 0.15090735434574976 0.11055694098088113 0.14708691499522444
0 0.9073150457190358 0.5319961795606495 0.12219451371571072 0.17956064947468958
0 0.942643391521197 0.36055396370582615 0.1113881961762261 0.16714422158548234
