0 0.14977220956719817 0.11590436590436591 0.16287015945330297 0.17151767151767153
0 0.4145785876993166 0.09927234927234928 0.21184510250569477 0.1652806652806653
0 0.7568337129840547 0.12006237006237007 0.32687927107061504 0.17983367983367984
0 0.21583143507972666 0.6595634095634095 0.27904328018223234 0.16943866943866945
0 0.15091116173120728 0.4968814968814969 0.16514806378132119 0.1704781704781705
0 0.4265375854214123 0.4974012474012474 0.3724373576309795 0.1652806652806653
0 0.8046697038724373 0.46205821205821207 0.3564920273348519 0.18814968814968816
0 0.45785876993166286 0.6574844074844075 0.21184510250569477 0.14656964656964658
0 0.8638952164009112 0.777027027027027 0.1856492027334852 0.13825363825363826
0 0.6924829157175398 0.8165280665280665 0.1662870159453303 0.18607068607068608
0 0.8559225512528473 0.6351351351351351 0.25854214123006836 0.1600831600831601
0 0.6457858769931663 0.6543659043659044 0.16856492027334852 0.13825363825363826
0 0.1623006833712984 0.7988565488565489 0.21753986332574032 0.15696465696465697
0 0.42596810933940776 0.8139293139293139 0.32801822323462415 0.16424116424116425
