0 0.1515837104072398 0.07637362637362638 0.19457013574660634 0.13296703296703297
0 0.42194570135746606 0.06318681318681318 0.1832579185520362 0.11758241758241758
0 0.6973981900452488 0.054945054945054944 0.38800904977375567 0.10329670329670329
0 0.1244343891402715 0.7021978021978021 0.19004524886877827 0.14945054945054945
0 0.5288461538461539 0.6725274725274726 0.5305429864253394 0.17362637362637362
0 0.8840497737556561 0.6252747252747253 0.11877828054298642 0.16923076923076924
0 0.167420814479638 0.8697802197802198 0.2669683257918552 0.13076923076923078
0 0.3947963800904977 0.8648351648351649 0.19457013574660634 0.11648351648351649
0 0.5774886877828054 0.828021978021978 0.1346153846153846 0.14615384615384616
0 0.6923076923076923 0.9296703296703297 0.3778280542986425 0.12527472527472527
0 0.29298642533936653 0.9423076923076923 0.42081447963800905 0.11318681318681319
0 0.7692307692307693 0.7637362637362637 0.16289592760180996 0.1054945054945055
0 0.8207013574660633 0.7763736263736264 0.35407239819004527 0.21208791208791208
