0 0.11649214659685864 0.9038861901457321 0.13176265270506107 0.07564191533657183
0 0.23734729493891799 0.9070090215128384 0.08726003490401396 0.08882720333102012
0 0.12652705061082026 0.821998612074948 0.1343804537521815 0.09090909090909091
0 0.6736474694589878 0.714087439278279 0.08900523560209424 0.10825815405968078
0 0.4664048865619546 0.7154753643303262 0.1736474694589878 0.09993060374739764
0 0.5920593368237347 0.7088827203331021 0.07591623036649214 0.0922970159611381
0 0.5484293193717278 0.5402498265093685 0.08115183246073299 0.0922970159611381
0 0.643979057591623 0.5308813324080499 0.09773123909249563 0.08882720333102012
0 0.8507853403141361 0.6037473976405274 0.18324607329842932 0.08743927827897294
0 0.2805410122164049 0.6304649548924358 0.06893542757417102 0.08674531575294935
0 0.13350785340314136 0.6231783483691881 0.21291448516579406 0.09576682859125607
0 0.10034904013961606 0.3421235253296322 0.10471204188481675 0.11242192921582235
0 0.8577661431064573 0.33587786259541985 0.12216404886561955 0.08605135322692574
0 0.8773996509598604 0.4337265787647467 0.07417102966841187 0.08882720333102012
0 0.6932809773123909 0.42956280360860516 0.22600349040139617 0.09437890353920889
0 0.27705061082024435 0.8185287994448299 0.17539267015706805 0.09646079111727966
0 0.6461605584642234 0.17002081887578072 0.14048865619546247 0.09993060374739764
0 0.6378708551483421 0.26717557251908397 0.14659685863874344 0.09299097848716169
0 0.40794066317626526 0.9125607217210271 0.18760907504363003 0.09715475364330327
0 0.12521815008726003 0.5315752949340735 0.14921465968586387 0.08605135322692574
0 0.11343804537521815 0.7213740458015268 0.1518324607329843 0.09923664122137404
0 0.6849912739965096 0.8976405274115198 0.11867364746945899 0.10340041637751561
0 0.8551483420593369 0.8875780707841776 0.19022687609075042 0.11658570437196392
0 0.8398778359511344 0.24427480916030533 0.1823734729493892 0.08605135322692574
0 0.8464223385689355 0.15301873698820265 0.17277486910994763 0.11034004163775156
0 0.41404886561954624 0.1696738376127689 0.18411867364746945 0.10201249132546843
0 0.837696335078534 0.7900763358778626 0.20767888307155322 0.09090909090909091
0 0.7805410122164049 0.6988202637057599 0.10209424083769633 0.1054823039555864
0 0.8516579406631762 0.6946564885496184 0.05410122164048865 0.09993060374739764
0 0.9267015706806283 0.683206106870229 0.09598603839441536 0.09507286606523248
0 0.7491273996509599 0.5305343511450382 0.10383944153577661 0.08952116585704371
0 0.9027050610820244 0.5176960444136016 0.19982547993019198 0.10825815405968078
0 0.4790575916230366 0.5409437890353921 0.05410122164048865 0.09646079111727966
0 0.4048865619546248 0.5437196391394865 0.08900523560209424 0.10478834142956281
0 0.8041012216404887 0.0659264399722415 0.2486910994764398 0.1054823039555864
0 0.10689354275741711 0.2515614156835531 0.10034904013961606 0.0784177654406662
0 0.31849912739965097 0.34871616932685634 0.13263525305410123 0.10201249132546843
0 0.09336823734729494 0.44309507286606525 0.11169284467713787 0.10062456627342123
0 0.2761780104712042 0.44309507286606525 0.25741710296684117 0.10062456627342123
0 0.22774869109947643 0.536086051353227 0.04712041884816754 0.07425399028452463
0 0.3036649214659686 0.5419847328244275 0.11518324607329843 0.09437890353920889
