0 0.15745192307692307 0.5530386740331492 0.2644230769230769 0.13370165745856355
0 0.09134615384615384 0.23812154696132598 0.15865384615384615 0.16685082872928178
0 0.11658653846153846 0.687292817679558 0.20673076923076922 0.12154696132596685
0 0.1310096153846154 0.0856353591160221 0.1971153846153846 0.13812154696132597
0 0.31189903846153844 0.05082872928176796 0.15745192307692307 0.07955801104972375
0 0.22175480769230768 0.2408839779005525 0.09735576923076923 0.16574585635359115
0 0.3527644230769231 0.23756906077348067 0.15745192307692307 0.1591160220994475
0 0.36117788461538464 0.6718232044198895 0.2776442307692308 0.13701657458563535
0 0.33834134615384615 0.9392265193370166 0.1310096153846154 0.11049723756906077
0 0.5769230769230769 0.9237569060773481 0.3317307692307692 0.14806629834254142
0 0.9260817307692307 0.7900552486187845 0.10216346153846154 0.17016574585635358
0 0.7331730769230769 0.5209944751381216 0.37740384615384615 0.17790055248618786
0 0.5913461538461539 0.6685082872928176 0.17548076923076922 0.13038674033149172
0 0.7433894230769231 0.6580110497237569 0.1310096153846154 0.14475138121546963
0 0.890625 0.6370165745856353 0.18990384615384615 0.13812154696132597
0 0.8275240384615384 0.7790055248618785 0.11658653846153846 0.14806629834254142
0 0.6983173076923077 0.7734806629834254 0.1346153846153846 0.1281767955801105
0 0.5366586538461539 0.7900552486187845 0.1502403846153846 0.11933701657458563
0 0.3876201923076923 0.8077348066298342 0.15264423076923078 0.14806629834254142
0 0.22596153846153846 0.8038674033149171 0.17067307692307693 0.1425414364640884
0 0.6460336538461539 0.056353591160221 0.23677884615384615 0.10607734806629834
0 0.8395432692307693 0.09668508287292818 0.16706730769230768 0.14033149171270717
0 0.5210336538461539 0.19668508287292819 0.14543269230769232 0.08839779005524862
0 0.5667067307692307 0.21712707182320443 0.30408653846153844 0.17569060773480663
0 0.8034855769230769 0.20828729281767955 0.17668269230769232 0.1558011049723757
0 0.9242788461538461 0.2276243093922652 0.08413461538461539 0.12596685082872927
0 0.7878605769230769 0.3701657458563536 0.33774038461538464 0.16574585635359115
0 0.46274038461538464 0.058011049723756904 0.14423076923076922 0.10939226519337017
0 0.45132211538461536 0.0712707182320442 0.046875 0.056353591160221
0 0.07752403846153846 0.8088397790055248 0.13581730769230768 0.16353591160220995
