0 0.12321063394683027 0.06885456885456885 0.11758691206543967 0.07335907335907337
0 0.25255623721881393 0.05630630630630631 0.11451942740286299 0.08429858429858429
0 0.3619631901840491 0.053732303732303734 0.11042944785276074 0.08815958815958816
0 0.6022494887525562 0.04794079794079794 0.12065439672801637 0.07657657657657657
0 0.6952965235173824 0.04504504504504504 0.06748466257668712 0.059202059202059204
0 0.10224948875255624 0.13931788931788933 0.11860940695296524 0.059845559845559844
0 0.0736196319018405 0.2072072072072072 0.09406952965235174 0.06563706563706563
0 0.19631901840490798 0.21106821106821108 0.12474437627811862 0.0682110682110682
0 0.30777096114519426 0.21267696267696268 0.11042944785276074 0.07142857142857142
0 0.24897750511247443 0.1361003861003861 0.1114519427402863 0.07271557271557272
0 0.06032719836400818 0.3507078507078507 0.06339468302658487 0.06563706563706563
0 0.04959100204498978 0.42245817245817247 0.07464212678936605 0.05727155727155727
0 0.2888548057259714 0.4192406692406692 0.1032719836400818 0.0637065637065637
0 0.17791411042944785 0.3539253539253539 0.13701431492842536 0.07464607464607464
0 0.16820040899795502 0.426962676962677 0.13803680981595093 0.06628056628056628
0 0.13650306748466257 0.2857142857142857 0.12372188139059305 0.05791505791505792
0 0.5204498977505112 0.35263835263835264 0.08793456032719836 0.07722007722007722
0 0.7121676891615542 0.5575933075933076 0.10736196319018405 0.07657657657657657
0 0.7745398773006135 0.047619047619047616 0.08282208588957055 0.05019305019305019
0 0.8307770961145194 0.12966537966537967 0.11758691206543967 0.06628056628056628
0 0.7142126789366053 0.1241956241956242 0.0950920245398773 0.07078507078507079
0 0.4759713701431493 0.04858429858429859 0.12372188139059305 0.06885456885456885
0 0.3609406952965235 0.3532818532818533 0.16768916155419222 0.07078507078507079
0 0.7443762781186094 0.3478120978120978 0.15337423312883436 0.08687258687258688
0 0.07157464212678936 0.5666023166023166 0.08384458077709611 0.0637065637065637
0 0.44785276073619634 0.6351351351351351 0.11247443762781185 0.06306306306306306
0 0.59560327198364 0.6335263835263836 0.14621676891615543 0.06241956241956242
0 0.6109406952965235 0.7004504504504504 0.1196319018404908 0.06628056628056628
0 0.7019427402862985 0.7638352638352638 0.12167689161554192 0.06563706563706563
0 0.5874233128834356 0.7657657657657657 0.06441717791411043 0.06177606177606178
0 0.49693251533742333 0.702059202059202 0.081799591002045 0.0694980694980695
0 0.4652351738241309 0.8906048906048906 0.06748466257668712 0.05276705276705277
0 0.20756646216768918 0.8388030888030888 0.081799591002045 0.059845559845559844
0 0.32413087934560325 0.8365508365508365 0.12474437627811862 0.06048906048906049
0 0.44171779141104295 0.8317245817245817 0.10020449897750511 0.064993564993565
0 0.5633946830265849 0.8918918918918919 0.12474437627811862 0.0694980694980695
0 0.11605316973415133 0.8973616473616474 0.1114519427402863 0.04954954954954955
0 0.10173824130879346 0.8394465894465895 0.12576687116564417 0.06113256113256113
0 0.5996932515337423 0.1287001287001287 0.12985685071574643 0.07979407979407979
0 0.11860940695296524 0.6344916344916345 0.1901840490797546 0.07593307593307594
0 0.22750511247443764 0.564028314028314 0.21779141104294478 0.06885456885456885
0 0.4233128834355828 0.12773487773487774 0.2065439672801636 0.08687258687258688
0 0.6820040899795501 0.21171171171171171 0.21881390593047034 0.07464607464607464
0 0.8394683026584867 0.20238095238095238 0.11247443762781185 0.07271557271557272
0 0.5306748466257669 0.27927927927927926 0.10633946830265849 0.07850707850707851
0 0.6840490797546013 0.28217503217503215 0.19222903885480572 0.07271557271557272
0 0.4284253578732106 0.5627413127413128 0.1901840490797546 0.07915057915057915
0 0.5894683026584867 0.5646718146718147 0.1196319018404908 0.07657657657657657
0 0.2985685071574642 0.6367438867438867 0.17586912065439672 0.074002574002574
0 0.07668711656441718 0.777992277992278 0.09611451942740286 0.06692406692406692
0 0.21114519427402864 0.7709137709137709 0.18098159509202455 0.07464607464607464
0 0.3496932515337423 0.7705920205920206 0.0736196319018405 0.074002574002574
0 0.47699386503067487 0.7676962676962676 0.15644171779141106 0.06306306306306306
0 0.5961145194274029 0.8304375804375804 0.19427402862985685 0.06113256113256113
0 0.33537832310838445 0.8976833976833977 0.16768916155419222 0.06563706563706563
0 0.2254601226993865 0.9613899613899614 0.1605316973415133 0.06306306306306306
0 0.5117586912065439 0.9613899613899614 0.1768916155419223 0.06435006435006435
0 0.6763803680981595 0.9555984555984556 0.1523517382413088 0.06435006435006435
0 0.23977505112474437 0.2808880308880309 0.09713701431492842 0.074002574002574
0 0.37525562372188137 0.2802445302445302 0.17995910020449898 0.07786357786357787
0 0.12832310838445807 0.49195624195624194 0.23415132924335377 0.07657657657657657
0 0.35685071574642124 0.49131274131274133 0.22085889570552147 0.07528957528957529
0 0.5577709611451943 0.49163449163449163 0.19938650306748465 0.07464607464607464
0 0.6339468302658486 0.4202059202059202 0.1738241308793456 0.0682110682110682
0 0.8844580777096115 0.41312741312741313 0.08793456032719836 0.0682110682110682
0 0.7878323108384458 0.8198198198198198 0.18098159509202455 0.06692406692406692
0 0.8205521472392638 0.879021879021879 0.23415132924335377 0.08236808236808237
0 0.37321063394683024 0.703024453024453 0.16155419222903886 0.06628056628056628
0 0.21370143149284254 0.7036679536679536 0.1574642126789366 0.064993564993565
0 0.07208588957055215 0.7052767052767053 0.11758691206543967 0.07078507078507079
0 0.8282208588957055 0.5534105534105535 0.08997955010224949 0.07078507078507079
0 0.45858895705521474 0.20527670527670527 0.21370143149284254 0.06692406692406692
0 0.9314928425357873 0.19658944658944658 0.0736196319018405 0.05855855855855856
0 0.9289366053169734 0.13063063063063063 0.07259713701431493 0.07078507078507079
0 0.8640081799591002 0.05630630630630631 0.08793456032719836 0.04182754182754183
0 0.8778118609406953 0.268018018018018 0.20756646216768918 0.07786357786357787
0 0.7893660531697342 0.694015444015444 0.19427402862985685 0.07915057915057915
0 0.7888548057259713 0.6238738738738738 0.1687116564417178 0.05855855855855856
0 0.9217791411042945 0.8137065637065637 0.08895705521472393 0.06241956241956242
0 0.7653374233128835 0.4880952380952381 0.22188139059304704 0.07271557271557272
0 0.91359918200409 0.4826254826254826 0.07464212678936605 0.07850707850707851
0 0.9729038854805726 0.4864864864864865 0.0541922290388548 0.0694980694980695
0 0.6630879345603272 0.8906048906048906 0.06441717791411043 0.0694980694980695
0 0.09662576687116564 0.944980694980695 0.050102249488752554 0.04568854568854569
0 0.37423312883435583 0.9620334620334621 0.10224948875255624 0.06435006435006435
0 0.05214723926380368 0.28217503217503215 0.05930470347648262 0.05855855855855856
0 0.20705521472392638 0.8992921492921493 0.07668711656441718 0.055984555984555984
