0 0.08289661743687471 0.07459782044628957 0.07432110528823249 0.04333160352880124
0 0.11386374464030491 0.03321224701608718 0.16960457360647926 0.04151530877010898
0 0.23511195807527394 0.03788271925272444 0.07765602667937113 0.0425531914893617
0 0.3120533587422582 0.04190451478982875 0.07813244402096237 0.042812662169174884
0 0.10314435445450214 0.19590036325895174 0.1529299666507861 0.043072132848988066
0 0.081467365412101 0.15620134924753504 0.11148165793234874 0.03684483653347172
0 0.22105764649833254 0.19564089257913855 0.0886136255359695 0.04566683964711987
0 0.10433539780848022 0.27841203943954335 0.1572177227251072 0.0425531914893617
0 0.22582181991424488 0.2745199792423456 0.0857551214864221 0.03943954333160353
0 0.08265840876607909 0.4037363777893098 0.0871843735111958 0.03217436429683446
0 0.15054787994282992 0.43629994810586403 0.12101000476417341 0.03762324857291126
0 0.2560743211052882 0.434094447327452 0.09004287756074321 0.03528801245459263
0 0.4728442115292997 0.11572392319667878 0.12529776083849453 0.04203425012973534
0 0.2560743211052882 0.11299948105864037 0.081467365412101 0.042812662169174884
0 0.4447355883754169 0.15373637778930982 0.18342067651262506 0.03918007265179035
0 0.20414483087184374 0.23663725998962118 0.09671272034302049 0.03736377789309808
0 0.2894235350166746 0.23287493513233004 0.08242020009528347 0.04021795537104307
0 0.4006669842782277 0.23040996367410482 0.1333968556455455 0.04099636741048261
0 0.47070033349213913 0.4295537104307213 0.11434016198189614 0.03866113129216399
0 0.37875178656503095 0.5080435910742086 0.045736064792758456 0.03528801245459263
0 0.466412577417818 0.5040217955371044 0.04859456884230586 0.03762324857291126
0 0.2777513101476894 0.5108977685521536 0.07336827060505002 0.03788271925272444
0 0.16436398284897571 0.5108977685521536 0.1543592186755598 0.03269330565646082
0 0.3060981419723678 0.5489102231447847 0.14816579323487375 0.04488842760768033
0 0.4690328727965698 0.582381940840685 0.10433539780848022 0.041255838090295795
0 0.15340638399237733 0.6264919564089257 0.15817055740828967 0.0371043072132849
0 0.27870414483087186 0.6257135443694862 0.09433063363506432 0.04021795537104307
0 0.3577894235350167 0.6254540736896731 0.06193425440686041 0.040736896730669436
0 0.42329680800381136 0.6165023352361183 0.0757503573130062 0.033731188375713546
0 0.5014292520247737 0.6149455111572393 0.08909004287756074 0.04099636741048261
0 0.12887089090042878 0.6712506486766995 0.11005240590757503 0.04151530877010898
0 0.21939018580276323 0.667618059159315 0.06526917579799904 0.03995848469122989
0 0.12672701286326823 0.7533731188375714 0.11529299666507861 0.04333160352880124
0 0.21724630776560266 0.7494810586403736 0.07622677465459743 0.03866113129216399
0 0.11410195331110053 0.8015049299429164 0.0995712243925679 0.0425531914893617
0 0.19580752739399715 0.8005967825635704 0.06574559313959027 0.03969901401141671
0 0.04311576941400667 0.8011157239231966 0.042401143401619816 0.04333160352880124
0 0.04430681276798475 0.753502854177478 0.0505002382086708 0.0425531914893617
0 0.2991900905192949 0.7459782044628956 0.09718913768461172 0.040477426050856254
0 0.3847070033349214 0.737934613388687 0.07765602667937113 0.0316554229372081
0 0.34206765126250593 0.7022573949143747 0.08099094807050977 0.04177477944992216
0 0.5878989995235827 0.04151530877010898 0.09623630300142925 0.043591074208614425
0 0.6676989042401144 0.03879086663207058 0.06622201048118151 0.04021795537104307
0 0.7198666031443545 0.07732226258432798 0.09433063363506432 0.03684483653347172
0 0.6067174845164364 0.07848988064348729 0.13101476893758932 0.036066424494032176
0 0.6584087660790853 0.1154644525168656 0.1419723677941877 0.03943954333160353
0 0.6331586469747499 0.15749870264660093 0.11148165793234874 0.04099636741048261
0 0.6202953787517865 0.19680851063829788 0.10862315388280133 0.03866113129216399
0 0.6272034302048595 0.23715620134924753 0.10719390185802763 0.038920601971977165
0 0.7153406383992378 0.23248572911261028 0.06241067174845164 0.0425531914893617
0 0.7151024297284421 0.19421380384016607 0.0771796093377799 0.0371043072132849
0 0.7996665078608861 0.19058121432278152 0.09575988565983802 0.04696419304618578
0 0.8325393044306812 0.1485469641930462 0.07289185326345879 0.03399065905552673
0 0.5614578370652692 0.3065646081992735 0.081467365412101 0.040736896730669436
0 0.6669842782277274 0.3088998443175921 0.12101000476417341 0.04177477944992216
0 0.763696998570748 0.30422937208095485 0.06574559313959027 0.042812662169174884
0 0.8494521200571701 0.30046704722366374 0.1010004764173416 0.038401660612350806
0 0.6000476417341591 0.3476907109496627 0.13101476893758932 0.03943954333160353
0 0.7243925678894712 0.3484691229891022 0.06526917579799904 0.03684483653347172
0 0.5664602191519771 0.38116242864556305 0.08480228680323963 0.03788271925272444
0 0.40281086231538826 0.39218993253762324 0.08051453072891854 0.04021795537104307
0 0.06145783706526917 0.4381162428645563 0.05717008099094807 0.03399065905552673
0 0.15817055740828967 0.5450181629475869 0.14864221057646498 0.03399065905552673
0 0.6829442591710339 0.9125583809029579 0.08242020009528347 0.0508562532433835
0 0.791090995712244 0.9107420861442657 0.1291090995712244 0.04722366372599896
0 0.9151977131967604 0.9063310845874416 0.12291567413053835 0.03995848469122989
0 0.6738923296808004 0.7065386611312922 0.11386374464030491 0.05033731188375713
0 0.7720343020485946 0.6978463933575506 0.07003334921391138 0.04333160352880124
0 0.5557408289661744 0.5459263103269331 0.07193901858027632 0.03580695381421899
0 0.6488804192472606 0.5422937208095485 0.10576464983325393 0.04151530877010898
0 0.7756074321105288 0.5396990140114167 0.15340638399237733 0.04566683964711987
0 0.5678894711767508 0.5851063829787234 0.09051929490233444 0.03580695381421899
0 0.6631729394949977 0.5834198235599377 0.07336827060505002 0.03814218993253762
0 0.8334921391138638 0.580176440062273 0.0871843735111958 0.04203425012973534
0 0.9304430681276799 0.5740788790866632 0.045736064792758456 0.03814218993253762
0 0.7622677465459743 0.4964971458225221 0.07336827060505002 0.04333160352880124
0 0.9047165316817533 0.4944213803840166 0.10862315388280133 0.04903995848469123
0 0.7837065269175798 0.37662169174883237 0.07432110528823249 0.053710430721328487
0 0.8937589328251548 0.37688116242864556 0.12958551691281564 0.04229372080954852
0 0.8754168651738923 0.4526466009340944 0.081467365412101 0.03814218993253762
0 0.7794187708432587 0.4560197197716658 0.12005717008099095 0.04177477944992216
0 0.5493091948546928 0.8314737934613389 0.0886136255359695 0.04385054488842761
0 0.693425440686041 0.8270627919045148 0.11291090995712244 0.04385054488842761
0 0.9001905669366365 0.8207057602490918 0.12720343020485947 0.040477426050856254
0 0.6989042401143402 0.8674104826154645 0.1124344926155312 0.04203425012973534
0 0.8122915674130539 0.86377789309808 0.11624583134826108 0.04722366372599896
0 0.5312053358742258 0.7913855734302024 0.0505002382086708 0.03995848469122989
0 0.5924249642686994 0.7911261027503892 0.07765602667937113 0.045147898287493514
0 0.708909004287756 0.7881421899325376 0.1600762267746546 0.04903995848469123
0 0.5576464983325393 0.6674883238194084 0.06812767984754645 0.042812662169174884
0 0.6950929013816103 0.6634665282823041 0.08289661743687471 0.03995848469122989
0 0.9051929490233445 0.6546445251686559 0.14959504525964745 0.0467047223663726
0 0.6407813244402096 0.5012973533990659 0.1124344926155312 0.04203425012973534
0 0.549070986183897 0.4636741048261546 0.042401143401619816 0.03943954333160353
0 0.6062410671748452 0.461338868707836 0.08242020009528347 0.04722366372599896
0 0.6843735111958076 0.4586144265697976 0.07765602667937113 0.04955889984431759
0 0.7565507384468795 0.4174883238194084 0.11910433539780849 0.038401660612350806
0 0.6381610290614579 0.4189154125583809 0.10719390185802763 0.03866113129216399
0 0.9173415912339209 0.4165801764400623 0.050023820867079564 0.036585365853658534
0 0.6593616007622678 0.7475350285417748 0.12863268222963317 0.03995848469122989
0 0.7944259171033826 0.7422158796056045 0.12529776083849453 0.042812662169174884
0 0.9161505478799429 0.7339128178515828 0.06098141972367794 0.042812662169174884
0 0.04478323010957599 0.7108199273482096 0.04954740352548833 0.04177477944992216
0 0.04645069080514531 0.6712506486766995 0.05288232491662696 0.04774260508562533
0 0.04859456884230586 0.6297353399065906 0.055264411624583135 0.03995848469122989
0 0.12958551691281564 0.7105604566683965 0.11529299666507861 0.04333160352880124
0 0.24202000952834682 0.7032952776336274 0.11529299666507861 0.047483134405812144
0 0.054311576941400666 0.5538401660612351 0.06002858504049548 0.03918007265179035
0 0.09004287756074321 0.23650752464971458 0.13149118627918055 0.04021795537104307
0 0.11600762267746546 0.11092371562013492 0.16626965221534065 0.04436948624805397
0 0.40614578370652693 0.03866113129216399 0.11958075273939972 0.045147898287493514
0 0.4971414959504526 0.03956927867151012 0.06622201048118151 0.04333160352880124
0 0.5202477370176274 0.07758173326414115 0.03620771796093378 0.03943954333160353
0 0.32920438303954264 0.18980280228334198 0.1391138637446403 0.04488842760768033
0 0.469509290138161 0.1885054488842761 0.14816579323487375 0.04229372080954852
0 0.19723677941877085 0.39893617021276595 0.14959504525964745 0.040736896730669436
0 0.48237255836112436 0.39089257913855735 0.08242020009528347 0.04177477944992216
0 0.08075273939971415 0.3670212765957447 0.06145783706526917 0.04229372080954852
0 0.22772748928060982 0.3592371562013493 0.07527393997141496 0.03918007265179035
0 0.4649833253930443 0.35249091852620656 0.14101953311100524 0.03762324857291126
0 0.47999047165316816 0.31071613907628437 0.08813720819437827 0.047483134405812144
0 0.11195807527393997 0.590295796574987 0.18008575512148642 0.043072132848988066
0 0.1824678418294426 0.07174364296834458 0.055264411624583135 0.026725480020757655
0 0.4032872796569795 0.07226258432797093 0.07289185326345879 0.041255838090295795
0 0.46974749880895666 0.07394914374675661 0.05717008099094807 0.03269330565646082
0 0.274892806098142 0.7929423975090815 0.09814197236779419 0.04151530877010898
0 0.5426393520724154 0.7502594706798131 0.05717008099094807 0.04229372080954852
0 0.5519294902334445 0.5054488842760768 0.05383515959980943 0.04411001556824079
0 0.31919961886612674 0.27166580176440064 0.09528346831824679 0.038401660612350806
0 0.48618389709385423 0.2666061235080436 0.10338256312529776 0.04229372080954852
0 0.10147689375893283 0.32226258432797095 0.1276798475464507 0.04878048780487805
0 0.2951405431157694 0.31798131811105346 0.25488327775131014 0.050596782563570315
0 0.05574082896617437 0.4769071094966269 0.04954740352548833 0.040477426050856254
0 0.05383515959980943 0.5145303580695382 0.04954740352548833 0.03788271925272444
0 0.3496903287279657 0.7933316035288013 0.06098141972367794 0.036585365853658534
0 0.41519771319676035 0.7913855734302024 0.06717484516436398 0.03321224701608718
0 0.47713196760362075 0.7899584846912299 0.06241067174845164 0.0371043072132849
0 0.43997141495950454 0.8223923196678775 0.12148642210576464 0.02776336274001038
0 0.4478323010957599 0.6984950700570836 0.13434969032872796 0.04566683964711987
0 0.2968080038113387 0.6635962636222107 0.09337779895188185 0.036585365853658534
0 0.4006669842782277 0.6611312921639855 0.11624583134826108 0.038920601971977165
0 0.4902334444973797 0.6599636741048261 0.06669842782277274 0.04021795537104307
0 0.4759409242496427 0.5389206019719772 0.09814197236779419 0.04722366372599896
0 0.12982372558361124 0.47210690192008303 0.10242972844211529 0.04177477944992216
0 0.22987136731777036 0.46925272444213806 0.10719390185802763 0.04488842760768033
0 0.3103858980466889 0.4684743124026985 0.06717484516436398 0.04488842760768033
0 0.4030490709861839 0.46250648676699535 0.12196283944735588 0.04436948624805397
0 0.49475940924249645 0.46081992734820965 0.06717484516436398 0.0425531914893617
0 0.5597903763696999 0.11754021795537105 0.045736064792758456 0.03684483653347172
0 0.5516912815626489 0.15581214322781525 0.04192472606002858 0.0371043072132849
0 0.5512148642210577 0.19148936170212766 0.03334921391138637 0.0316554229372081
0 0.5555026202953788 0.23728593668915413 0.03430204859456884 0.03969901401141671
0 0.605764649833254 0.26842241826673585 0.14435445450214388 0.03347171769590036
0 0.753692234397332 0.2685521536066425 0.15817055740828967 0.04099636741048261
0 0.8832777513101477 0.2620653866113129 0.08956646021915197 0.038401660612350806
0 0.9192472606002858 0.33757135443694863 0.07098618389709385 0.03684483653347172
0 0.9537875178656503 0.44122989102231447 0.0800381133873273 0.03814218993253762
0 0.7748928060981419 0.11312921639854696 0.09766555502620296 0.03995848469122989
0 0.7436874702239161 0.15075246497145822 0.1010004764173416 0.03788271925272444
0 0.6631729394949977 0.37960560456668396 0.11052882324916627 0.03788271925272444
0 0.9004287756074321 0.5337311883757135 0.10195331110052405 0.038401660612350806
0 0.9707003334921391 0.5324338349766476 0.05288232491662696 0.03269330565646082
0 0.6031443544545021 0.6237675142708874 0.12005717008099095 0.0425531914893617
0 0.7770366841353026 0.6190970420342501 0.23344449737970463 0.04618578100674624
0 0.9371129109099571 0.6110534509600415 0.08670795616960457 0.043591074208614425
0 0.5626488804192472 0.9601712506486767 0.12005717008099095 0.04333160352880124
0 0.7453549309194855 0.9544628956927868 0.24916626965221533 0.04955889984431759
0 0.9261553120533588 0.9491437467566165 0.11148165793234874 0.04203425012973534
0 0.5297760838494521 0.9142449403217436 0.06098141972367794 0.04644525168655942
0 0.6026679371129109 0.9141152049818371 0.08766079085278704 0.04774260508562533
0 0.460219151977132 0.731318111053451 0.07622677465459743 0.024130773222625843
0 0.4078132444020962 0.7598598858329009 0.10385898046688899 0.028801245459263103
0 0.4871367317770367 0.7576543850544888 0.051929490233444495 0.029060716139076286
0 0.8504049547403526 0.6987545407368967 0.0886136255359695 0.0425531914893617
0 0.9242496426869938 0.6921380384016607 0.06574559313959027 0.03450960041515309
0 0.9754645069080514 0.6909704203425013 0.03954263935207242 0.0425531914893617
0 0.8325393044306812 0.7826933056564608 0.08909004287756074 0.05163466528282304
0 0.9199618866126728 0.7727036844836533 0.0886136255359695 0.04151530877010898
0 0.9795140543115769 0.7736118318629995 0.038113387327298714 0.047483134405812144
0 0.9132920438303954 0.8572911261027504 0.08956646021915197 0.04566683964711987
0 0.9761791329204383 0.857420861442657 0.04097189137684612 0.04021795537104307
0 0.4721295855169128 0.8918007265179034 0.06955693187232015 0.04099636741048261
0 0.03763696998570748 0.8558640373637779 0.04764173415912339 0.03347171769590036
0 0.46855645545497854 0.8537882719252724 0.0843258694616484 0.031914893617021274
0 0.5038113387327299 0.22729631551634666 0.07956169604573607 0.038401660612350806
0 0.9595045259647451 0.2599896211728075 0.06574559313959027 0.038401660612350806
0 0.9209147212958552 0.29592631032693306 0.04764173415912339 0.02568759730150493
0 0.9685564554549786 0.3008562532433835 0.05240590757503573 0.040736896730669436
0 0.5571700809909481 0.4215101193565127 0.06431634111481659 0.04436948624805397
