0 0.12374886260236578 0.7467488021902806 0.18926296633303002 0.08350444900752908
0 0.07370336669699727 0.5571526351813826 0.12374886260236578 0.08761122518822724
0 0.3889899909008189 0.4623545516769336 0.2484076433121019 0.08418891170431211
0 0.44494995450409464 0.36413415468856947 0.1583257506824386 0.09034907597535935
0 0.3020928116469518 0.3730321697467488 0.11282984531392175 0.0944558521560575
0 0.1178343949044586 0.27652292950034224 0.20473157415832574 0.08076659822039699
0 0.2943585077343039 0.270362765229295 0.1483166515013649 0.07665982203969883
0 0.13102820746132848 0.47056810403832994 0.24385805277525022 0.08692676249144421
0 0.6578707916287534 0.4596167008898015 0.12010919017288443 0.09103353867214237
0 0.5764331210191083 0.36379192334017796 0.1191992720655141 0.08418891170431211
0 0.4467697907188353 0.27173169062286107 0.16560509554140126 0.0971937029431896
0 0.2970882620564149 0.7402464065708418 0.15741583257506825 0.0732375085557837
0 0.8776160145586898 0.4462696783025325 0.1337579617834395 0.06297056810403832
0 0.6537761601455869 0.26865160848733743 0.2611464968152866 0.10198494182067078
0 0.8371246587807097 0.2652292950034223 0.10555050045495905 0.09514031485284052
0 0.4454049135577798 0.17453798767967146 0.12465878070973613 0.0944558521560575
0 0.2124658780709736 0.17761806981519507 0.3612374886260237 0.09514031485284052
0 0.2283894449499545 0.08829568788501027 0.38944494995450407 0.08898015058179329
0 0.5791628753412192 0.17453798767967146 0.1464968152866242 0.0917180013689254
0 0.6956323930846224 0.16837782340862423 0.09736123748862602 0.08761122518822724
0 0.7998180163785259 0.1697467488021903 0.11464968152866242 0.09034907597535935
0 0.9308462238398544 0.16906228610540724 0.1164695177434031 0.08076659822039699
0 0.48362147406733397 0.08555783709787816 0.1392174704276615 0.0917180013689254
0 0.5991810737033667 0.07973990417522245 0.11010009099181074 0.09240246406570841
0 0.7470427661510464 0.08213552361396304 0.19654231119199272 0.09308692676249145
0 0.9144676979071884 0.09069130732375086 0.14558689717925385 0.08145106091718002
0 0.13102820746132848 0.3726899383983573 0.23657870791628755 0.10061601642710473
0 0.7129208371246588 0.3459958932238193 0.15559599636032756 0.08008213552361396
0 0.8603275705186533 0.351129363449692 0.1392174704276615 0.08624229979466119
0 0.3307552320291174 0.55201916495551 0.1537761601455869 0.09377138945927448
0 0.47907188353048225 0.5479123887748117 0.14285714285714285 0.09924709103353867
0 0.9003639672429481 0.5379876796714579 0.12101910828025478 0.09582477754962354
0 0.4317561419472247 0.7381930184804928 0.11555959963603275 0.0732375085557837
0 0.5450409463148317 0.7337440109514032 0.1164695177434031 0.06981519507186858
0 0.1264786169244768 0.8083504449007529 0.20564149226569609 0.07255304585900069
0 0.40036396724294815 0.8100616016427105 0.34394904458598724 0.07871321013004791
0 0.618744313011829 0.8069815195071869 0.11464968152866242 0.08076659822039699
0 0.7443130118289354 0.8080082135523614 0.14740673339399454 0.07871321013004791
0 0.8971792538671519 0.8066392881587954 0.16196542311191992 0.07597535934291581
0 0.12192902638762511 0.8761122518822724 0.20746132848043677 0.07255304585900069
0 0.2820746132848044 0.8774811772758385 0.12010919017288443 0.07118412046543464
0 0.4353958143767061 0.8805612594113621 0.19199272065514103 0.07597535934291581
0 0.6087352138307552 0.8860369609856262 0.1510464058234759 0.07597535934291581
0 0.7606915377616015 0.8860369609856262 0.1510464058234759 0.07871321013004791
0 0.6674249317561419 0.730321697467488 0.10464058234758872 0.07802874743326489
0 0.778434940855323 0.7114989733059548 0.0791628753412193 0.0458590006844627
0 0.8498635122838945 0.7176591375770021 0.2602365787079163 0.09650924024640657
0 0.9103730664240218 0.8836413415468857 0.1410373066424022 0.08350444900752908
0 0.11692447679708826 0.9442162902121835 0.17197452229299362 0.07186858316221766
