0 0.18571428571428572 0.2186411149825784 0.2642857142857143 0.2770034843205575
0 0.13333333333333333 0.7822299651567944 0.19047619047619047 0.2508710801393728
0 0.15 0.4965156794425087 0.2 0.20557491289198607
0 0.5154761904761904 0.4843205574912892 0.430952380952381 0.2508710801393728
0 0.5833333333333334 0.18292682926829268 0.3547619047619048 0.2682926829268293
0 0.40773809523809523 0.764808362369338 0.3488095238095238 0.2787456445993031
0 0.694047619047619 0.75 0.25476190476190474 0.2804878048780488
0 0.868452380952381 0.19599303135888502 0.1869047619047619 0.21777003484320556
0 0.8970238095238096 0.7639372822299652 0.1773809523809524 0.25609756097560976
0 0.8154761904761905 0.47560975609756095 0.1761904761904762 0.24041811846689895
