0 0.13619402985074627 0.855119825708061 0.17039800995024876 0.1568627450980392
0 0.417910447761194 0.843681917211329 0.26119402985074625 0.15359477124183007
0 0.7300995024875622 0.8447712418300654 0.3383084577114428 0.1775599128540305
0 0.1853233830845771 0.6889978213507625 0.2935323383084577 0.1579520697167756
0 0.16169154228855723 0.4264705882352941 0.17412935323383086 0.15359477124183007
0 0.16293532338308458 0.26143790849673204 0.1890547263681592 0.1655773420479303
0 0.48569651741293535 0.6737472766884531 0.2947761194029851 0.1579520697167756
0 0.7630597014925373 0.6797385620915033 0.22761194029850745 0.14596949891067537
0 0.9353233830845771 0.724400871459695 0.11194029850746269 0.17429193899782136
0 0.9371890547263682 0.5762527233115469 0.12064676616915423 0.12200435729847495
0 0.10945273631840796 0.10947712418300654 0.08706467661691543 0.10348583877995643
