0 0.4489973844812554 0.6899488926746167 0.35396687009590233 0.12265758091993186
0 0.7959895379250218 0.07495741056218058 0.2772449869224063 0.11811470755252697
0 0.32301656495204883 0.19080068143100512 0.2850915431560593 0.10107893242475866
0 0.6346992153443767 0.18767745599091426 0.3225806451612903 0.11868256672345258
0 0.9010462074978204 0.18682566723452584 0.1839581517000872 0.09312890403180012
0 0.6015693112467306 0.3040885860306644 0.34176111595466435 0.12208972174900624
0 0.8805579773321709 0.30039750141964794 0.14821272885789014 0.10675752413401476
0 0.22144725370531823 0.07864849517319705 0.30340017436791633 0.09369676320272573
0 0.36268526591107236 0.5658716638273709 0.21447253705318223 0.12436115843270869
0 0.11115954664341761 0.43781942078364566 0.25021795989537926 0.11470755252697332
0 0.1046207497820401 0.18824531516183987 0.17959895379250218 0.12663259511641112
0 0.9058413251961639 0.4281658148779103 0.14298169136878813 0.1306076093128904
0 0.6351351351351351 0.8091993185689949 0.3164777680906713 0.1260647359454855
0 0.33347863993025284 0.8333333333333334 0.3234524847428073 0.11868256672345258
0 0.4742807323452485 0.9301533219761499 0.33129904097646035 0.1033503691084611
0 0.7746294681778553 0.9190800681431005 0.1891891891891892 0.11300397501419648
0 0.7040104620749782 0.4253265190232822 0.22406277244986922 0.11016467915956843
0 0.31037489102005233 0.4349801249290176 0.18308631211857018 0.11925042589437819
0 0.488666085440279 0.43157296990346394 0.21708805579773321 0.1260647359454855
0 0.7868352223190933 0.5366269165247018 0.1822144725370532 0.12947189097103917
0 0.8134263295553618 0.67206132879046 0.3679163034001744 0.12776831345826234
0 0.8836094158674804 0.7964224872231687 0.1857018308631212 0.13458262350936967
