0 0.17406962785114047 0.1378132118451025 0.2424969987995198 0.1571753986332574
0 0.5702280912364946 0.2989749430523918 0.12725090036014405 0.15375854214123008
0 0.10684273709483794 0.5130979498861048 0.17767106842737096 0.1788154897494305
0 0.0894357743097239 0.321753986332574 0.1332533013205282 0.14464692482915717
0 0.34933973589435774 0.3132118451025057 0.30732292917166865 0.1548974943052392
0 0.421968787515006 0.13211845102505695 0.31812725090036015 0.1548974943052392
0 0.4027611044417767 0.6902050113895216 0.28691476590636256 0.17084282460136674
0 0.7280912364945978 0.8616173120728929 0.4909963985594238 0.16970387243735763
0 0.3985594237695078 0.4891799544419134 0.37695078031212487 0.16970387243735763
0 0.16206482593037214 0.6839407744874715 0.20888355342136855 0.19931662870159453
0 0.6716686674669868 0.510250569476082 0.17406962785114047 0.1845102505694761
0 0.8553421368547419 0.5079726651480638 0.18847539015606243 0.18906605922551253
0 0.7346938775510204 0.2984054669703872 0.1368547418967587 0.1571753986332574
0 0.8937575030012005 0.29954441913439633 0.1716686674669868 0.1867881548974943
0 0.7004801920768308 0.6856492027334852 0.31812725090036015 0.1662870159453303
0 0.9195678271308524 0.6753986332574032 0.148859543817527 0.18223234624145787
0 0.6620648259303722 0.12186788154897495 0.1212484993997599 0.17312072892938496
0 0.7857142857142857 0.10933940774487472 0.13565426170468187 0.13439635535307518
