0 0.06845564074479737 0.1706288343558282 0.0887185104052574 0.11733128834355828
0 0.16976998904709747 0.1468558282208589 0.14238773274917854 0.11886503067484662
0 0.3072289156626506 0.12998466257668712 0.16319824753559695 0.11886503067484662
0 0.4994523548740416 0.12461656441717792 0.21248630887185105 0.14033742331288343
0 0.7656078860898138 0.10736196319018405 0.3592552026286966 0.11196319018404909
0 0.8526834611171961 0.18673312883435583 0.20481927710843373 0.08052147239263803
0 0.0914567360350493 0.38995398773006135 0.1303395399780942 0.11579754601226994
0 0.312157721796276 0.3753834355828221 0.2913472070098576 0.12039877300613497
0 0.6522453450164294 0.3592791411042945 0.22234392113910187 0.1464723926380368
0 0.08707557502738225 0.50920245398773 0.10624315443592552 0.12269938650306748
0 0.22508214676889376 0.5065184049079755 0.16538882803943045 0.11733128834355828
0 0.5602409638554217 0.4976993865030675 0.24863088718510407 0.12423312883435583
0 0.8055859802847755 0.47661042944785276 0.2289156626506024 0.13266871165644173
0 0.12267250821467689 0.6480061349693251 0.15772179627601315 0.1411042944785276
0 0.3466593647316539 0.6246165644171779 0.21139101861993428 0.11886503067484662
0 0.5761226725082147 0.598542944785276 0.21686746987951808 0.14340490797546013
0 0.8023001095290252 0.5820552147239264 0.2267250821467689 0.11042944785276074
0 0.17086527929901424 0.7641871165644172 0.23877327491785322 0.11886503067484662
0 0.3849945235487404 0.7503834355828221 0.2004381161007667 0.11886503067484662
0 0.6166484118291348 0.7373466257668712 0.2628696604600219 0.13113496932515337
0 0.34556407447973714 0.8546779141104295 0.1741511500547645 0.10352760736196319
0 0.6905805038335159 0.848542944785276 0.4019715224534502 0.1388036809815951
0 0.09309967141292443 0.29486196319018404 0.1511500547645126 0.09432515337423313
0 0.4348302300109529 0.27223926380368096 0.26944140197152244 0.09815950920245399
0 0.8751369112814896 0.3416411042944785 0.24315443592552027 0.1464723926380368
0 0.8603504928806134 0.7131901840490797 0.2289156626506024 0.1411042944785276
0 0.18674698795180722 0.05368098159509203 0.30120481927710846 0.09815950920245399
0 0.7469879518072289 0.027223926380368097 0.19934282584884994 0.054447852760736194
