0 0.1853448275862069 0.8569384835479256 0.1810344827586207 0.1430615164520744
0 0.17295258620689655 0.5801144492131617 0.1497844827586207 0.15879828326180256
0 0.3426724137931034 0.5686695278969958 0.19181034482758622 0.1301859799713877
0 0.5161637931034483 0.5135908440629471 0.11422413793103449 0.1459227467811159
0 0.6244612068965517 0.5014306151645207 0.08728448275862069 0.14449213161659513
0 0.7182112068965517 0.4771101573676681 0.10237068965517242 0.1301859799713877
0 0.38523706896551724 0.8505007153075823 0.19073275862068967 0.11015736766809728
0 0.8243534482758621 0.27682403433476394 0.1400862068965517 0.16165951359084407
0 0.6945043103448276 0.2882689556509299 0.14331896551724138 0.13876967095851217
0 0.6977370689655172 0.6044349070100143 0.09375 0.13876967095851217
0 0.8539870689655172 0.600143061516452 0.24030172413793102 0.17310443490701002
