0 0.16235632183908047 0.051925320886814466 0.1867816091954023 0.08168028004667445
0 0.09865900383141762 0.1487747957992999 0.11685823754789272 0.07934655775962661
0 0.47844827586206895 0.049008168028004666 0.14080459770114942 0.07584597432905485
0 0.6101532567049809 0.12922987164527422 0.12260536398467432 0.07292882147024504
0 0.07327586206896551 0.4547841306884481 0.07375478927203065 0.0927654609101517
0 0.25047892720306514 0.3395565927654609 0.07567049808429119 0.06651108518086347
0 0.19348659003831417 0.617269544924154 0.06704980842911877 0.07467911318553092
0 0.32662835249042144 0.6131855309218203 0.1475095785440613 0.07701283547257877
0 0.4477969348659004 0.6131855309218203 0.08908045977011494 0.08634772462077013
0 0.4468390804597701 0.7762543757292882 0.1446360153256705 0.10093348891481914
0 0.28160919540229884 0.7724620770128354 0.16283524904214558 0.08984830805134189
0 0.09243295019157088 0.7715869311551925 0.12931034482758622 0.0705950991831972
0 0.09626436781609195 0.6190198366394399 0.11781609195402298 0.06301050175029171
0 0.6048850574712644 0.6079346557759626 0.18486590038314177 0.08051341890315053
0 0.6297892720306514 0.7625437572928822 0.19827586206896552 0.08518086347724621
0 0.45977011494252873 0.13010501750291714 0.1743295019157088 0.0676779463243874
0 0.4295977011494253 0.26225204200700114 0.2193486590038314 0.07992998833138856
0 0.45450191570881227 0.3427654609101517 0.18295019157088122 0.07992998833138856
0 0.7040229885057471 0.9139439906651109 0.39655172413793105 0.0985997666277713
0 0.08381226053639847 0.911610268378063 0.14080459770114942 0.08576429404900816
0 0.7662835249042146 0.13039673278879813 0.19348659003831417 0.06942823803967328
0 0.6738505747126436 0.2587514585764294 0.2193486590038314 0.08693115519253208
0 0.09339080459770115 0.3427654609101517 0.12164750957854406 0.07409568261376896
0 0.7787356321839081 0.6840723453908985 0.289272030651341 0.0647607934655776
0 0.7993295019157088 0.838681446907818 0.25191570881226055 0.062427071178529754
0 0.8702107279693486 0.25758459743290546 0.1752873563218391 0.09159859976662778
0 0.8002873563218391 0.7613768961493582 0.1772030651340996 0.09218203033838973
0 0.9401340996168582 0.751458576429405 0.10632183908045977 0.08401400233372229
0 0.8208812260536399 0.6056009334889149 0.24904214559386972 0.09568261376896149
0 0.8797892720306514 0.191073512252042 0.23084291187739464 0.06942823803967328
0 0.282088122605364 0.4419486581096849 0.171455938697318 0.09509918319719954
0 0.11159003831417624 0.2602100350058343 0.14655172413793102 0.07584597432905485
0 0.2916666666666667 0.12981330221703619 0.1388888888888889 0.08109684947491248
0 0.7404214559386973 0.5137106184364061 0.28735632183908044 0.09159859976662778
0 0.09913793103448276 0.5431738623103851 0.14655172413793102 0.08518086347724621
0 0.6810344827586207 0.34305717619603265 0.2835249042145594 0.08284714119019837
0 0.8970306513409961 0.3445157526254376 0.15229885057471265 0.07876312718786464
0 0.6297892720306514 0.05221703617269545 0.07950191570881227 0.07759626604434072
0 0.9257662835249042 0.13243873978996498 0.12739463601532566 0.06534422403733955
