0 0.11698717948717949 0.29751461988304095 0.1987179487179487 0.17105263157894737
0 0.33253205128205127 0.6600877192982456 0.2419871794871795 0.20029239766081872
0 0.6314102564102564 0.0847953216374269 0.33653846153846156 0.14327485380116958
0 0.31650641025641024 0.09137426900584796 0.25801282051282054 0.15350877192982457
0 0.12740384615384615 0.10964912280701754 0.1907051282051282 0.14035087719298245
0 0.3798076923076923 0.2536549707602339 0.33653846153846156 0.17105263157894737
0 0.12099358974358974 0.8267543859649122 0.16826923076923078 0.16812865497076024
0 0.32532051282051283 0.8333333333333334 0.25 0.16374269005847952
0 0.8060897435897436 0.8114035087719298 0.20512820512820512 0.15789473684210525
0 0.38221153846153844 0.9546783625730995 0.20032051282051283 0.07309941520467836
0 0.6402243589743589 0.9473684210526315 0.34775641025641024 0.0935672514619883
0 0.6442307692307693 0.8135964912280702 0.15064102564102563 0.20321637426900585
0 0.5128205128205128 0.820906432748538 0.14423076923076922 0.10087719298245613
0 0.5825320512820513 0.6242690058479532 0.2483974358974359 0.1783625730994152
0 0.8389423076923077 0.6396198830409356 0.2708333333333333 0.16812865497076024
0 0.11858974358974358 0.6600877192982456 0.1987179487179487 0.18859649122807018
0 0.7876602564102564 0.26535087719298245 0.23557692307692307 0.14473684210526316
0 0.9391025641025641 0.26900584795321636 0.09615384615384616 0.15789473684210525
0 0.6185897435897436 0.24853801169590642 0.13782051282051283 0.16374269005847952
