0 0.11982082866741321 0.08753709198813056 0.19708846584546472 0.11770524233432245
0 0.3113101903695409 0.11819980217606331 0.18141097424412095 0.17903066271018794
0 0.4820828667413214 0.09446092977250248 0.17581187010078386 0.14540059347181009
0 0.7239641657334827 0.10534124629080119 0.29227323628219487 0.18496538081107813
0 0.1629339305711086 0.31602373887240354 0.24748040313549832 0.17111770524233433
0 0.1265397536394177 0.6706231454005934 0.14109742441209405 0.12067260138476756
0 0.7581187010078387 0.6538081107814046 0.3337066069428891 0.1503461918892186
0 0.16573348264277715 0.8580613254203758 0.16349384098544234 0.1513353115727003
0 0.2558790593505039 0.6780415430267063 0.09742441209406495 0.1394658753709199
0 0.44568868980963045 0.8659742828882295 0.36058230683090703 0.1533135509396637
0 0.3885778275475924 0.31008902077151335 0.167973124300112 0.17903066271018794
0 0.734602463605823 0.8704253214638972 0.20156774916013437 0.17210682492581603
0 0.3684210526315789 0.47873392680514343 0.5307950727883539 0.20375865479723046
0 0.8079507278835386 0.47675568743818003 0.3661814109742441 0.19980217606330367
