0 0.12579821200510855 0.16732026143790849 0.1545338441890166 0.23529411764705882
0 0.5300127713920817 0.17058823529411765 0.16347381864623245 0.1895424836601307
0 0.6922094508301405 0.16666666666666666 0.15070242656449553 0.19738562091503267
0 0.8601532567049809 0.16732026143790849 0.15197956577266922 0.17516339869281045
0 0.8371647509578544 0.39673202614379083 0.2081736909323116 0.19215686274509805
0 0.6526181353767561 0.39738562091503266 0.17113665389527458 0.1934640522875817
0 0.7860791826309068 0.5549019607843138 0.11621966794380588 0.11895424836601307
0 0.09195402298850575 0.7183006535947712 0.14814814814814814 0.17124183006535948
0 0.08620689655172414 0.42287581699346405 0.1545338441890166 0.1895424836601307
0 0.26436781609195403 0.41633986928104577 0.18135376756066413 0.1477124183006536
0 0.19987228607918264 0.9045751633986928 0.3001277139208174 0.1542483660130719
0 0.5236270753512133 0.7300653594771241 0.21711366538952745 0.1450980392156863
0 0.2905491698595147 0.7248366013071895 0.2388250319284802 0.16862745098039217
0 0.5881226053639846 0.5954248366013072 0.19540229885057472 0.1450980392156863
0 0.45338441890166026 0.4013071895424837 0.21711366538952745 0.18562091503267975
0 0.9361430395913155 0.5496732026143791 0.12260536398467432 0.15816993464052287
0 0.7822477650063857 0.7411764705882353 0.3128991060025543 0.17254901960784313
0 0.722860791826309 0.8941176470588236 0.334610472541507 0.16209150326797386
0 0.3544061302681992 0.545751633986928 0.2720306513409962 0.1869281045751634
0 0.9712643678160919 0.37516339869281046 0.05747126436781609 0.1830065359477124
0 0.9648786717752235 0.7392156862745098 0.05236270753512133 0.17908496732026144
