0 0.11200716845878136 0.07905460472697637 0.14157706093189965 0.04971475142624287
0 0.3033154121863799 0.12612061939690303 0.19444444444444445 0.038712306438467806
0 0.4825268817204301 0.2210676446617767 0.13709677419354838 0.037082314588427055
0 0.32437275985663083 0.2265688671556642 0.12724014336917563 0.06030969845150774
0 0.1442652329749104 0.2334963325183374 0.23297491039426524 0.05541972290138549
0 0.08288530465949821 0.3221271393643032 0.11379928315412187 0.03463732681336593
0 0.253584229390681 0.07722086389568052 0.12186379928315412 0.05338223308883456
0 0.38485663082437277 0.07966585167074165 0.1478494623655914 0.05012224938875306
0 0.7885304659498208 0.08251833740831296 0.18996415770609318 0.05093724531377343
0 0.83915770609319 0.12999185004074978 0.23745519713261648 0.05052974735126324
0 0.10797491039426524 0.13039934800325997 0.12096774193548387 0.03993480032599837
0 0.3100358422939068 0.17603911980440098 0.5716845878136201 0.05786471067644662
0 0.14292114695340502 0.36185819070904646 0.23745519713261648 0.0488997555012225
0 0.16129032258064516 0.026079869600651995 0.2114695340501792 0.045639771801140996
0 0.37410394265232977 0.02893235533822331 0.260752688172043 0.04319478402607987
0 0.6765232974910395 0.03463732681336593 0.3835125448028674 0.05134474327628362
0 0.9229390681003584 0.04299103504482477 0.1039426523297491 0.05338223308883456
0 0.6115591397849462 0.22290138549307253 0.11917562724014337 0.045639771801140996
0 0.08781362007168458 0.27363488182559087 0.07347670250896057 0.02241238793806031
0 0.11648745519713262 0.2791361043194784 0.15949820788530467 0.04319478402607987
0 0.2414874551971326 0.265281173594132 0.12813620071684587 0.037489812550937245
0 0.12455197132616487 0.8386308068459658 0.1827956989247312 0.04645476772616137
0 0.27912186379928317 0.8378158109209454 0.12992831541218638 0.04482477587612062
0 0.471326164874552 0.8325183374083129 0.26881720430107525 0.05541972290138549
0 0.15546594982078854 0.6758353708231459 0.2482078853046595 0.05338223308883456
0 0.7437275985663082 0.8251833740831296 0.24731182795698925 0.06030969845150774
0 0.9229390681003584 0.8121434392828036 0.1111111111111111 0.04482477587612062
0 0.10483870967741936 0.8810105949470253 0.14157706093189965 0.04156479217603912
0 0.2616487455197133 0.8836593317033414 0.17204301075268819 0.04523227383863081
0 0.39874551971326166 0.8836593317033414 0.1057347670250896 0.04767726161369193
0 0.10618279569892473 0.9627139364303179 0.10125448028673835 0.04360228198859006
0 0.22625448028673836 0.9684189079054605 0.1388888888888889 0.05256723716381418
0 0.39695340501792115 0.9724938875305623 0.15412186379928317 0.05256723716381418
0 0.6402329749103942 0.9663814180929096 0.13709677419354838 0.04849225753871231
0 0.8947132616487455 0.9586389568052159 0.11379928315412187 0.05256723716381418
0 0.14516129032258066 0.921760391198044 0.18996415770609318 0.04319478402607987
0 0.34050179211469533 0.9258353708231459 0.2007168458781362 0.04482477587612062
0 0.5022401433691757 0.9237978810105949 0.12275985663082438 0.04726976365118175
0 0.8467741935483871 0.9093317033414833 0.2670250896057348 0.06316218418907905
0 0.5734767025089605 0.8810105949470253 0.27598566308243727 0.04482477587612062
0 0.7316308243727598 0.7795436022819886 0.11021505376344086 0.03993480032599837
0 0.8051075268817204 0.6572942135289324 0.1496415770609319 0.05297473512632437
0 0.9292114695340502 0.658516707416463 0.10931899641577061 0.05052974735126324
