0 0.2894981412639405 0.09276729559748427 0.13104089219330856 0.12106918238993711
0 0.48420074349442377 0.07468553459119497 0.17657992565055763 0.10849056603773585
0 0.7035315985130112 0.07979559748427673 0.241635687732342 0.12028301886792453
0 0.44144981412639406 0.2952044025157233 0.19144981412639406 0.12657232704402516
0 0.25092936802973975 0.29992138364779874 0.19144981412639406 0.12657232704402516
0 0.5929368029739777 0.2971698113207547 0.13568773234200743 0.13364779874213836
0 0.09897769516728624 0.30306603773584906 0.12546468401486988 0.12185534591194969
0 0.28810408921933084 0.7456761006289309 0.27137546468401486 0.125
0 0.4888475836431227 0.7319182389937107 0.15613382899628253 0.13522012578616352
0 0.0887546468401487 0.7448899371069182 0.13847583643122677 0.12342767295597484
0 0.15148698884758363 0.85062893081761 0.2527881040892193 0.08962264150943396
0 0.38894052044609667 0.8498427672955975 0.23327137546468402 0.08647798742138364
0 0.29460966542750927 0.9367138364779874 0.2899628252788104 0.07783018867924528
0 0.8173791821561338 0.7142295597484277 0.2853159851301115 0.10927672955974843
0 0.741635687732342 0.8266509433962265 0.18029739776951673 0.09512578616352202
0 0.45771375464684017 0.18396226415094338 0.3596654275092937 0.09433962264150944
0 0.7495353159851301 0.18828616352201258 0.25 0.1029874213836478
0 0.09897769516728624 0.07429245283018868 0.1087360594795539 0.0809748427672956
0 0.1612453531598513 0.18828616352201258 0.2648698884758364 0.11242138364779874
0 0.09526022304832714 0.4312106918238994 0.1366171003717472 0.13286163522012578
0 0.8183085501858736 0.3895440251572327 0.32806691449814124 0.13443396226415094
0 0.5762081784386617 0.835691823899371 0.1449814126394052 0.08962264150943396
0 0.8880111524163569 0.8168238993710691 0.11245353159851301 0.08962264150943396
0 0.479089219330855 0.9261006289308176 0.10130111524163568 0.0880503144654088
0 0.6319702602230484 0.9229559748427673 0.21933085501858737 0.09119496855345911
0 0.7871747211895911 0.282625786163522 0.26394052044609667 0.11871069182389937
0 0.8782527881040892 0.07311320754716981 0.1171003717472119 0.09748427672955975
0 0.8285315985130112 0.9060534591194969 0.17007434944237917 0.08254716981132075
