0 0.14549653579676675 0.3569261880687563 0.09468822170900693 0.11526794742163801
0 0.5669745958429562 0.6567239635995955 0.41570438799076215 0.15267947421638017
0 0.45265588914549654 0.35540950455005055 0.29330254041570436 0.15672396359959556
0 0.2066974595842956 0.5217391304347826 0.3210161662817552 0.16582406471183014
0 0.19572748267898382 0.8796764408493428 0.25981524249422633 0.13346814964610718
0 0.6628175519630485 0.8948432760364005 0.3787528868360277 0.12942366026289182
0 0.15877598152424943 0.09049544994944388 0.2090069284064665 0.134479271991911
0 0.2061200923787529 0.6926188068756319 0.29907621247113164 0.1961577350859454
0 0.4607390300230947 0.06774519716885744 0.23787528868360278 0.10920121334681497
0 0.4745958429561201 0.512639029322548 0.21478060046189376 0.15369059656218403
0 0.714203233256351 0.5101112234580384 0.2644341801385681 0.14459049544994945
0 0.8752886836027713 0.3316481294236603 0.19630484988452657 0.12942366026289182
0 0.6939953810623557 0.05965621840242669 0.22863741339491916 0.10313447927199192
0 0.3758660508083141 0.19514661274014156 0.24826789838337182 0.13953488372093023
0 0.6420323325635104 0.18402426693629928 0.2979214780600462 0.14762386248736098
0 0.8920323325635104 0.1916076845298281 0.1951501154734411 0.14256825075834176
0 0.8903002309468823 0.0743174924165824 0.19168591224018475 0.12234580384226491
0 0.8446882217090069 0.6486349848331648 0.1397228637413395 0.14661274014155712
0 0.953810623556582 0.6501516683518705 0.09468822170900693 0.12942366026289182
0 0.7788683602771362 0.756319514661274 0.32678983833718245 0.14560161779575329
0 0.6882217090069284 0.35945399393326594 0.12933025404157045 0.15874620829120323
