0 0.1810344827586207 0.4259453781512605 0.27586206896551724 0.13760504201680673
0 0.5118534482758621 0.7505252100840336 0.18318965517241378 0.16071428571428573
0 0.6745689655172413 0.40808823529411764 0.19181034482758622 0.16281512605042017
0 0.1314655172413793 0.7442226890756303 0.23275862068965517 0.11449579831932773
0 0.7354525862068966 0.7421218487394958 0.27478448275862066 0.15021008403361344
0 0.09482758620689655 0.11239495798319328 0.07758620689655173 0.11974789915966387
0 0.34375 0.07878151260504201 0.2974137931034483 0.13865546218487396
0 0.5813577586206896 0.08771008403361344 0.1627155172413793 0.13760504201680673
0 0.44719827586206895 0.4275210084033613 0.25646551724137934 0.12605042016806722
0 0.11907327586206896 0.5913865546218487 0.20797413793103448 0.20168067226890757
0 0.35614224137931033 0.5871848739495799 0.21875 0.18277310924369747
0 0.7279094827586207 0.5808823529411765 0.4213362068965517 0.18277310924369747
0 0.3286637931034483 0.7442226890756303 0.16163793103448276 0.13130252100840337
0 0.5161637931034483 0.8918067226890757 0.1896551724137931 0.14285714285714285
0 0.71875 0.9080882352941176 0.14870689655172414 0.13760504201680673
0 0.8960129310344828 0.8676470588235294 0.17349137931034483 0.14285714285714285
0 0.2182112068965517 0.8781512605042017 0.3890086206896552 0.1638655462184874
0 0.7742456896551724 0.0940126050420168 0.2036637931034483 0.13760504201680673
0 0.9181034482758621 0.10504201680672269 0.09051724137931035 0.11554621848739496
0 0.8631465517241379 0.4012605042016807 0.20043103448275862 0.14915966386554622
