0 0.10227272727272728 0.2767887709688463 0.12272727272727273 0.03937007874015748
0 0.17007575757575757 0.3719616569667922 0.2674242424242424 0.056487504279356386
0 0.18295454545454545 0.4628551865799384 0.19166666666666668 0.0499828825744608
0 0.18901515151515152 0.32403286545703525 0.10833333333333334 0.051009928106812735
0 0.44545454545454544 0.3233481684354673 0.25606060606060604 0.0421088668264293
0 0.7310606060606061 0.31324888736733997 0.15757575757575756 0.05272167066073263
0 0.5973484848484848 0.2699418007531667 0.1143939393939394 0.04142416980486135
0 0.12840909090909092 0.8969530982540226 0.15227272727272728 0.042451215337213286
0 0.28295454545454546 0.8955837042108867 0.15681818181818183 0.05203697363916467
0 0.0856060606060606 0.9361520027387881 0.1 0.0421088668264293
0 0.2246212121212121 0.9390619650804519 0.14772727272727273 0.04108182129407737
0 0.10340909090909091 0.9811708319068813 0.12045454545454545 0.03628894214310168
0 0.525 0.936494351249572 0.16666666666666666 0.04416295789113318
0 0.09356060606060607 0.8466278671687778 0.10378787878787879 0.054775761725436495
0 0.24772727272727274 0.843546730571722 0.11515151515151516 0.05888394385484423
0 0.4662878787878788 0.8473125641903457 0.10681818181818181 0.05135227661759671
0 0.7299242424242425 0.8426908592947621 0.11136363636363636 0.045532351934269084
0 0.6787878787878788 0.9301609038000684 0.14393939393939395 0.041766518315645325
0 0.8193181818181818 0.9315302978432044 0.10075757575757575 0.03971242725094146
0 0.0981060606060606 0.7552208147894557 0.09166666666666666 0.03765833618623759
0 0.07234848484848484 0.7067785005135228 0.06893939393939394 0.03526189661074974
0 0.07462121212121212 0.6609038000684697 0.10378787878787879 0.05443341321465252
0 0.33295454545454545 0.6600479287915098 0.11893939393939394 0.05614515576857241
0 0.0928030303030303 0.6133173570694967 0.11136363636363636 0.05374871619308456
0 0.08977272727272727 0.23313933584388907 0.1053030303030303 0.04655939746662102
0 0.2340909090909091 0.23211229031153716 0.12424242424242424 0.04861348853132489
0 0.4708333333333333 0.22132831222184182 0.23257575757575757 0.0530640191715166
0 0.6886363636363636 0.21602191030469017 0.15303030303030302 0.05409106470386854
0 0.44772727272727275 0.17288599794590895 0.2636363636363636 0.049298185552892844
0 0.1734848484848485 0.18315645326942828 0.2818181818181818 0.054775761725436495
0 0.6931818181818182 0.1701472098596371 0.23939393939393938 0.05066757959602876
0 0.8018939393939394 0.12221841834988018 0.175 0.04655939746662102
0 0.8647727272727272 0.21054433413214652 0.15984848484848485 0.04861348853132489
0 0.21856060606060607 0.27781581650119824 0.10833333333333334 0.040054775761725434
0 0.3606060606060606 0.2769599452242383 0.11363636363636363 0.05135227661759671
0 0.7295454545454545 0.2642930503252311 0.12878787878787878 0.04313591235878124
0 0.8511363636363637 0.26326600479287915 0.09772727272727273 0.04792879150975693
0 0.9412878787878788 0.26480657309140704 0.07348484848484849 0.03526189661074974
0 0.08143939393939394 0.4202327969873331 0.09772727272727273 0.038685381718589526
0 0.20909090909090908 0.4171516603902773 0.10909090909090909 0.040739472783293394
0 0.36098484848484846 0.4140705237932215 0.16742424242424242 0.04142416980486135
0 0.48522727272727273 0.4185210544334132 0.08106060606060606 0.0421088668264293
0 0.6151515151515151 0.4168093118794933 0.12272727272727273 0.04827114002054091
0 0.7477272727272727 0.4099623416638138 0.13636363636363635 0.04142416980486135
0 0.8534090909090909 0.40825059910989386 0.06893939393939394 0.03389250256761383
0 0.9352272727272727 0.4043135912358781 0.10378787878787879 0.04039712427250942
0 0.36022727272727273 0.46490927764464224 0.15681818181818183 0.04792879150975693
0 0.5174242424242425 0.46045874700445055 0.10909090909090909 0.03628894214310168
0 0.060227272727272727 0.46679219445395415 0.06287878787878788 0.040054775761725434
0 0.07689393939393939 0.5112975008558712 0.07954545454545454 0.043478260869565216
0 0.24621212121212122 0.514549811708319 0.17272727272727273 0.04587470044505306
0 0.07234848484848484 0.5609380349195481 0.06136363636363636 0.04142416980486135
0 0.39810606060606063 0.5636768230058199 0.075 0.04142416980486135
0 0.265530303030303 0.561280383430332 0.18409090909090908 0.04758644299897295
0 0.2015151515151515 0.6583361862375898 0.13636363636363635 0.05066757959602876
0 0.19242424242424241 0.7078055460458746 0.12575757575757576 0.0421088668264293
0 0.3087121212121212 0.7071208490243067 0.10227272727272728 0.038685381718589526
0 0.21515151515151515 0.7488873673399521 0.11666666666666667 0.03731598767545361
0 0.3352272727272727 0.7548784662786717 0.12045454545454545 0.049298185552892844
0 0.1590909090909091 0.7964738103389251 0.21818181818181817 0.045532351934269084
0 0.3412878787878788 0.797500855871277 0.16136363636363638 0.03937007874015748
0 0.49166666666666664 0.7997261211913728 0.11818181818181818 0.041766518315645325
0 0.6530303030303031 0.8009243409791167 0.16666666666666666 0.04758644299897295
0 0.771969696969697 0.8019513865114687 0.06818181818181818 0.043478260869565216
0 0.42045454545454547 0.8945566586785347 0.11515151515151516 0.04382060938034919
0 0.6329545454545454 0.8856555973981514 0.21742424242424244 0.04382060938034919
0 0.8227272727272728 0.8815474152687436 0.12575757575757576 0.042451215337213286
0 0.5022727272727273 0.7476891475522082 0.12424242424242424 0.04792879150975693
0 0.65 0.749914412872304 0.12575757575757576 0.05374871619308456
0 0.4318181818181818 0.5119821978774393 0.18484848484848485 0.05169462512838069
0 0.5969696969696969 0.5063334474495036 0.11818181818181818 0.04587470044505306
0 0.7018939393939394 0.6054433413214653 0.14469696969696969 0.04416295789113318
0 0.7454545454545455 0.7011297500855871 0.0803030303030303 0.036973639164669635
0 0.8503787878787878 0.6989044847654913 0.10681818181818181 0.04142416980486135
0 0.48143939393939394 0.7059226292365628 0.1856060606060606 0.04655939746662102
0 0.7723484848484848 0.6550838753851421 0.07954545454545454 0.05169462512838069
0 0.8761363636363636 0.6537144813420062 0.0856060606060606 0.04895583704210887
0 0.5196969696969697 0.6054433413214653 0.11666666666666667 0.04895583704210887
0 0.2268939393939394 0.6059568640876413 0.14924242424242423 0.0499828825744608
0 0.07689393939393939 0.3269428277986991 0.0856060606060606 0.036973639164669635
0 0.3715909090909091 0.3695652173913043 0.13712121212121212 0.04827114002054091
0 0.5083333333333333 0.3717904827114002 0.11666666666666667 0.047244094488188976
0 0.6492424242424243 0.3671687778158165 0.1696969696969697 0.04827114002054091
0 0.781060606060606 0.3618623758986648 0.09393939393939393 0.0499828825744608
0 0.9041666666666667 0.3606641561109209 0.15681818181818183 0.05237932214994865
0 0.5015151515151515 0.26959945224238274 0.0803030303030303 0.04142416980486135
0 0.7170454545454545 0.5020540910647039 0.12651515151515152 0.045532351934269084
0 0.8363636363636363 0.5042793563847997 0.11969696969696969 0.04313591235878124
0 0.8208333333333333 0.7473467990414242 0.18863636363636363 0.05682985279014036
0 0.9462121212121212 0.7456350564875043 0.06515151515151515 0.0328654570352619
0 0.8803030303030303 0.798527901403629 0.11212121212121212 0.051009928106812735
0 0.3678030303030303 0.9399178363574119 0.10681818181818181 0.04416295789113318
0 0.2734848484848485 0.9821978774392331 0.11969696969696969 0.03355015405682985
0 0.4231060606060606 0.9787743923313934 0.1143939393939394 0.03355015405682985
0 0.6178030303030303 0.9770626497774735 0.25227272727272726 0.036973639164669635
0 0.5731060606060606 0.65662444368367 0.3143939393939394 0.0499828825744608
0 0.38712121212121214 0.6062992125984252 0.13333333333333333 0.05409106470386854
0 0.578030303030303 0.06983909619993153 0.09090909090909091 0.06162273194111605
0 0.7227272727272728 0.06932557343375556 0.15 0.04895583704210887
0 0.8473484848484848 0.07172201300924341 0.09015151515151515 0.05374871619308456
0 0.8829545454545454 0.16603902773022938 0.15227272727272728 0.04313591235878124
0 0.5352272727272728 0.5576857240671003 0.20984848484848484 0.05066757959602876
0 0.6886363636363636 0.5559739815131804 0.09393939393939393 0.05135227661759671
0 0.8253787878787879 0.45703526189661076 0.21893939393939393 0.04861348853132489
0 0.9481060606060606 0.6504621704895583 0.07196969696969698 0.05340636768230058
0 0.9170454545454545 0.9311879493324204 0.09015151515151515 0.042451215337213286
0 0.6420454545454546 0.4589181787059226 0.13257575757575757 0.046901745977405
0 0.9617424242424243 0.4548099965765149 0.075 0.05511811023622047
