0 0.16585067319461444 0.15795868772782504 0.22643818849449204 0.22114216281895505
0 0.4485924112607099 0.1166464155528554 0.2533659730722154 0.18955042527339003
0 0.7013463892288861 0.1275820170109356 0.23990208078335373 0.1919805589307412
0 0.10342717258261934 0.3377885783718105 0.1211750305997552 0.12393681652490887
0 0.12484700122399021 0.5953827460510328 0.22031823745410037 0.24301336573511542
0 0.19645042839657284 0.8772782503037667 0.24112607099143207 0.1798298906439854
0 0.4749082007343941 0.905224787363305 0.3084455324357405 0.12636695018226002
0 0.587515299877601 0.31652490886998785 0.23990208078335373 0.1859052247873633
0 0.5263157894736842 0.6099635479951397 0.5410036719706243 0.20413122721749696
0 0.7772337821297429 0.3037667071688943 0.15177478580171358 0.19441069258809235
0 0.6854345165238678 0.7746051032806804 0.22276621787025705 0.13973268529769137
0 0.3237454100367197 0.31227217496962334 0.3023255813953488 0.16281895504252733
0 0.9002447980416156 0.5959902794653706 0.1701346389228886 0.13487241798298907
0 0.6842105263157895 0.4848116646415553 0.1762545899632803 0.1701093560145808
0 0.8494492044063647 0.4671931956257594 0.16156670746634028 0.16403402187120292
0 0.7558139534883721 0.9100850546780073 0.26560587515299877 0.1652490886998785
