0 0.29866117404737386 0.43625644804716285 0.15447991761071062 0.08695652173913043
0 0.29351184346035014 0.5250552689756817 0.13388259526261587 0.08032424465733234
0 0.27342945417095776 0.6127487103905674 0.141091658084449 0.06853352984524687
0 0.2878475798146241 0.7630803242446573 0.12873326467559218 0.07000736919675755
0 0.4593202883625129 0.759027266028003 0.17507723995880536 0.0899042004421518
0 0.5133882595262615 0.6801768607221813 0.17404737384140062 0.07811348563006633
0 0.6323377960865088 0.5980103168754606 0.1874356333676622 0.0847457627118644
0 0.572605561277034 0.5173176123802505 0.203913491246138 0.08548268238761975
0 0.659114315139032 0.43625644804716285 0.17301750772399588 0.08843036109064112
0 0.6112255406797117 0.9123065585851142 0.16992790937178168 0.07369196757553427
0 0.364572605561277 0.9233603537214443 0.21009268795056643 0.07369196757553427
0 0.6436663233779608 0.8305084745762712 0.17507723995880536 0.08400884303610906
0 0.2811534500514933 0.6897568165070007 0.11740473738414006 0.07516580692704496
0 0.14933058702368693 0.11938098747236552 0.12564366632337795 0.08548268238761975
0 0.1364572605561277 0.20117907148120856 0.12255406797116375 0.08400884303610906
0 0.15087538619979401 0.2811348563006632 0.10607621009268794 0.0759027266028003
0 0.1431513903192585 0.3629329403095063 0.11534500514933059 0.09211495946941783
0 0.1400617919670443 0.45320560058953574 0.12770339855818744 0.09579955784819455
0 0.15087538619979401 0.5408990420044215 0.141091658084449 0.08253500368459837
0 0.1791967044284243 0.9285187914517318 0.1627188465499485 0.07369196757553427
0 0.18280123583934088 0.8511422254974208 0.15550978372811536 0.08548268238761975
0 0.17044284243048405 0.7675018422991894 0.13079299691040164 0.07885040530582167
0 0.15756951596292482 0.6923360353721444 0.12770339855818744 0.07885040530582167
0 0.14521112255406798 0.6186440677966102 0.13594232749742532 0.07295504789977893
0 0.611740473738414 0.7520265291083272 0.10092687950566426 0.07885040530582167
0 0.7801235839340885 0.7306558585114222 0.22966014418125644 0.10685335298452468
0 0.43820803295571575 0.6094325718496684 0.16580844490216273 0.09137803979366249
0 0.47167868177136973 0.4395725865880619 0.15653964984552007 0.09653647752394989
0 0.06951596292481978 0.12453942520265292 0.07929969104016478 0.08400884303610906
0 0.06436663233779609 0.20302137067059692 0.07518022657054584 0.07885040530582167
0 0.06797116374871266 0.2848194546794399 0.06797116374871266 0.07442888725128961
0 0.05870236869207003 0.3695652173913043 0.057672502574665295 0.0847457627118644
0 0.05973223480947477 0.4557848194546794 0.06591143151390319 0.10243183492999262
0 0.057672502574665295 0.5346352247605011 0.07826982492276004 0.0847457627118644
0 0.19824922760041194 0.043109801031687545 0.17610710607621008 0.07885040530582167
0 0.08599382080329557 0.045689019896831246 0.07929969104016478 0.06337509211495947
0 0.3964984552008239 0.03610906411201179 0.18949536560247168 0.06927044952100221
0 0.37126673532440785 0.11532792925571113 0.1596292481977343 0.09358879882092852
0 0.32801235839340886 0.3393515106853353 0.07723995880535531 0.06705969049373618
0 0.5190525231719877 0.34893146647015477 0.15447991761071062 0.08769344141488578
0 0.6678681771369722 0.3327192336035372 0.09165808444902163 0.0759027266028003
0 0.06230690010298661 0.6145910095799558 0.06694129763130793 0.08106116433308769
0 0.06230690010298661 0.6919675755342668 0.07723995880535531 0.079587324981577
0 0.07209062821833162 0.7733971997052321 0.082389289392379 0.07737656595431099
0 0.07363542739443872 0.8518791451731761 0.07929969104016478 0.07663964627855564
0 0.37126673532440785 0.8426676492262344 0.12873326467559218 0.08769344141488578
0 0.07621009268795056 0.9303610906411202 0.08032955715756952 0.0759027266028003
