0 0.19216646266829865 0.0959902794653706 0.25703794369645044 0.15795868772782504
0 0.4669522643818849 0.08687727825030377 0.18237454100367198 0.16403402187120292
0 0.7980416156670747 0.08687727825030377 0.2913096695226438 0.17618469015795868
0 0.1854345165238678 0.8791008505467801 0.20685434516523868 0.13487241798298907
0 0.4039167686658507 0.850546780072904 0.16401468788249693 0.12879708383961117
0 0.5691554467564259 0.8383961117861483 0.14932680538555693 0.15309842041312272
0 0.15850673194614442 0.7102065613608749 0.2484700122399021 0.181044957472661
0 0.488984088127295 0.6773997569866342 0.37821297429620565 0.20534629404617255
0 0.7533659730722154 0.8098420413122722 0.14075887392900857 0.10328068043742406
0 0.8788249694002448 0.6403402187120292 0.23011015911872704 0.18955042527339003
0 0.38372093023255816 0.9501822600243013 0.31211750305997554 0.08748481166464156
