0 0.30097087378640774 0.49022346368715086 0.258252427184466 0.10614525139664804
0 0.22524271844660193 0.37814245810055863 0.2446601941747573 0.12081005586592179
0 0.1669902912621359 0.7775837988826816 0.32038834951456313 0.09567039106145252
0 0.46359223300970875 0.7796787709497207 0.25145631067961166 0.0914804469273743
0 0.7087378640776699 0.7737430167597765 0.23689320388349513 0.10335195530726257
0 0.6009708737864078 0.8865223463687151 0.13980582524271845 0.11522346368715083
0 0.679126213592233 0.47695530726256985 0.21262135922330097 0.10614525139664804
0 0.6495145631067961 0.375 0.6 0.11592178770949721
0 0.7262135922330097 0.1497905027932961 0.516504854368932 0.1026536312849162
0 0.7233009708737864 0.24930167597765363 0.5359223300970873 0.11452513966480447
0 0.5364077669902912 0.05761173184357542 0.22233009708737864 0.0914804469273743
0 0.3300970873786408 0.052374301675977654 0.18058252427184465 0.07681564245810056
0 0.06893203883495146 0.16445530726256982 0.0854368932038835 0.08449720670391062
0 0.05679611650485437 0.3861731843575419 0.0941747572815534 0.10614525139664804
0 0.5033980582524272 0.48463687150837986 0.13106796116504854 0.09916201117318436
0 0.09223300970873786 0.513268156424581 0.16116504854368932 0.11312849162011174
0 0.8956310679611651 0.46962290502793297 0.21844660194174756 0.12220670391061453
0 0.8946601941747573 0.7664106145251397 0.13883495145631067 0.1180167597765363
0 0.8150485436893203 0.8704608938547486 0.17184466019417477 0.1180167597765363
0 0.44660194174757284 0.8914106145251397 0.15728155339805824 0.125
0 0.16019417475728157 0.8921089385474861 0.2796116504854369 0.12360335195530726
0 0.2878640776699029 0.15782122905027932 0.3524271844660194 0.09776536312849161
0 0.14466019417475728 0.06424581005586592 0.18640776699029127 0.09497206703910614
0 0.3679611650485437 0.6050977653631285 0.3145631067961165 0.11522346368715083
0 0.6033980582524272 0.5977653631284916 0.14854368932038836 0.12849162011173185
0 0.8092233009708738 0.5789106145251397 0.2728155339805825 0.11731843575418995
0 0.7140776699029127 0.06424581005586592 0.12718446601941746 0.09497206703910614
0 0.8723300970873786 0.07716480446927375 0.18932038834951456 0.09706703910614525
