0 0.05956471935853379 0.03967576791808874 0.09851088201603665 0.04863481228668942
0 0.15922107674684993 0.03668941979522184 0.10996563573883161 0.05460750853242321
0 0.32130584192439865 0.030716723549488054 0.21191294387170675 0.06143344709897611
0 0.48911798396334477 0.03284982935153584 0.15120274914089346 0.06569965870307168
0 0.6219931271477663 0.030716723549488054 0.1145475372279496 0.059726962457337884
0 0.070446735395189 0.1992320819112628 0.1156930126002291 0.09812286689419795
0 0.19358533791523483 0.3630546075085324 0.12142038946162657 0.09982935153583618
0 0.4856815578465063 0.35665529010238906 0.24513172966781213 0.09726962457337884
0 0.7004581901489118 0.36476109215017066 0.20962199312714777 0.11689419795221843
0 0.20504009163802978 0.19155290102389078 0.16494845360824742 0.11518771331058021
0 0.3694158075601375 0.19880546075085323 0.16151202749140894 0.13139931740614336
0 0.08476517754868271 0.7585324232081911 0.11912943871706758 0.09726962457337884
0 0.26804123711340205 0.7555460750853242 0.13974799541809851 0.11177474402730375
0 0.7623138602520045 0.7457337883959044 0.3745704467353952 0.09044368600682594
0 0.31958762886597936 0.9500853242320819 0.20847651775486828 0.09300341296928327
0 0.5131729667812142 0.9534982935153583 0.18327605956471935 0.0810580204778157
0 0.6689576174112256 0.9445392491467577 0.11683848797250859 0.08020477815699659
0 0.7686139747995419 0.939419795221843 0.08476517754868271 0.08873720136518772
0 0.711340206185567 0.8523890784982935 0.1145475372279496 0.09044368600682594
0 0.8201603665521191 0.8447098976109215 0.10538373424971363 0.10068259385665529
0 0.5985108820160366 0.8583617747440273 0.1156930126002291 0.09726962457337884
0 0.09163802978235967 0.8639078498293515 0.11683848797250859 0.10665529010238908
0 0.06701030927835051 0.496160409556314 0.10652920962199312 0.11006825938566553
0 0.28465063001145474 0.47525597269624575 0.3356242840778923 0.11604095563139932
0 0.5400916380297823 0.4735494880546075 0.17983963344788087 0.10921501706484642
0 0.697594501718213 0.1804607508532423 0.22451317296678122 0.11348122866894197
0 0.11512027491408934 0.6599829351535836 0.18900343642611683 0.10324232081911262
0 0.36769759450171824 0.6591296928327645 0.27262313860252 0.0947098976109215
0 0.9123711340206185 0.3511092150170648 0.15005727376861397 0.10324232081911262
0 0.07846506300114547 0.36177474402730375 0.12943871706758306 0.11774744027303755
0 0.4770904925544101 0.8583617747440273 0.12714776632302405 0.12116040955631399
0 0.9301260022909508 0.04735494880546075 0.07331042382588775 0.08447098976109214
0 0.7915234822451317 0.034129692832764506 0.20847651775486828 0.06484641638225255
0 0.5458190148911798 0.10366894197952219 0.12485681557846506 0.0810580204778157
0 0.7646048109965635 0.10196245733788396 0.2806414662084765 0.0810580204778157
0 0.6219931271477663 0.6531569965870307 0.2634593356242841 0.11006825938566553
0 0.8717067583046965 0.6463310580204779 0.23596792668957617 0.11348122866894197
0 0.856815578465063 0.4590443686006826 0.20618556701030927 0.10580204778156997
0 0.8293241695303551 0.5516211604095563 0.27949599083619703 0.09641638225255973
0 0.6832760595647194 0.47397610921501704 0.12714776632302405 0.11006825938566553
0 0.516036655211913 0.19581911262798635 0.13402061855670103 0.09982935153583618
0 0.8837342497136311 0.18302047781569966 0.12485681557846506 0.08447098976109214
0 0.8465063001145475 0.2640784982935154 0.18556701030927836 0.07423208191126279
0 0.21649484536082475 0.8613481228668942 0.13287514318442153 0.09812286689419795
0 0.3413516609392898 0.85580204778157 0.13745704467353953 0.09897610921501707
0 0.9347079037800687 0.840443686006826 0.11912943871706758 0.10409556313993173
0 0.854524627720504 0.935580204778157 0.09163802978235967 0.07935153583617748
