0 0.16519337016574587 0.46834817012858554 0.2795580110497238 0.1552917903066271
0 0.4983425414364641 0.41444114737883286 0.3911602209944751 0.1641938674579624
0 0.20773480662983426 0.718595450049456 0.3447513812154696 0.12363996043521266
0 0.474585635359116 0.712166172106825 0.18895027624309393 0.13649851632047477
0 0.7121546961325966 0.7255192878338279 0.2795580110497238 0.15924826904055392
0 0.4165745856353591 0.5885262116716122 0.22320441988950276 0.11869436201780416
0 0.6535911602209945 0.5880316518298714 0.18895027624309393 0.12957467853610286
0 0.17679558011049723 0.5979228486646885 0.23646408839779007 0.10979228486646884
0 0.7944751381215469 0.4332344213649852 0.19668508287292819 0.142433234421365
0 0.19392265193370165 0.29772502472799206 0.3259668508287293 0.16221562809099901
0 0.5580110497237569 0.26607319485657766 0.33370165745856356 0.14638971315529178
0 0.8558011049723757 0.291295746785361 0.23977900552486187 0.1671612265084075
0 0.225414364640884 0.8753709198813057 0.3911602209944751 0.17606330365974282
0 0.5121546961325967 0.8798219584569733 0.19779005524861878 0.1572700296735905
0 0.12651933701657458 0.13897131552917902 0.19116022099447513 0.14540059347181009
0 0.3569060773480663 0.142433234421365 0.30497237569060776 0.13847675568743817
0 0.6337016574585635 0.1251236399604352 0.2751381215469613 0.13748763600395647
0 0.8607734806629834 0.1661721068249258 0.25193370165745854 0.1641938674579624
0 0.9337016574585635 0.4599406528189911 0.0861878453038674 0.1661721068249258
0 0.7270718232044199 0.8788328387734916 0.23867403314917127 0.15924826904055392
0 0.914364640883978 0.863996043521266 0.15138121546961325 0.1572700296735905
0 0.19668508287292819 0.9683481701285855 0.26519337016574585 0.051434223541048464
0 0.5154696132596686 0.9802176063303659 0.2154696132596685 0.04154302670623145
0 0.7602209944751381 0.9742828882294757 0.20773480662983426 0.05341246290801187
