0 0.3854378818737271 0.11767441860465117 0.23523421588594703 0.18511627906976744
0 0.1379837067209776 0.30372093023255814 0.22912423625254583 0.14604651162790697
0 0.2230142566191446 0.7581395348837209 0.3727087576374745 0.15813953488372093
0 0.1379837067209776 0.9088372093023256 0.13747454175152748 0.11162790697674418
0 0.3625254582484725 0.9167441860465116 0.1384928716904277 0.12372093023255815
0 0.6675152749490835 0.8958139534883721 0.2637474541751528 0.12093023255813953
0 0.12983706720977597 0.4297674418604651 0.21486761710794297 0.11162790697674418
0 0.37780040733197556 0.4130232558139535 0.24439918533604887 0.13767441860465116
0 0.5086558044806517 0.5153488372093024 0.16191446028513237 0.09674418604651162
0 0.3854378818737271 0.28232558139534886 0.20264765784114053 0.12
0 0.6955193482688391 0.2576744186046512 0.25661914460285135 0.11534883720930232
0 0.5921588594704684 0.11162790697674418 0.18839103869653767 0.2027906976744186
0 0.6211812627291242 0.37534883720930234 0.23217922606924643 0.11069767441860465
0 0.8375763747454175 0.3623255813953488 0.1924643584521385 0.13674418604651162
0 0.09826883910386966 0.5502325581395349 0.159877800407332 0.13674418604651162
0 0.3004073319755601 0.5358139534883721 0.2545824847250509 0.13395348837209303
0 0.5936863543788188 0.7469767441860465 0.31771894093686354 0.15069767441860465
0 0.8411405295315683 0.7390697674418605 0.1425661914460285 0.1758139534883721
0 0.6985743380855397 0.6195348837209302 0.2769857433808554 0.12279069767441861
0 0.7678207739307535 0.11581395348837209 0.18126272912423624 0.1702325581395349
0 0.7133401221995926 0.49209302325581394 0.24745417515274948 0.13953488372093023
0 0.8930753564154786 0.4916279069767442 0.17922606924643583 0.11255813953488372
0 0.90020366598778 0.11627906976744186 0.09979633401221996 0.11534883720930232
0 0.1446028513238289 0.1144186046511628 0.21181262729124237 0.16
0 0.9643584521384929 0.3590697674418605 0.07739307535641547 0.11162790697674418
0 0.12372708757637474 0.0869767441860465 0.09470468431771895 0.09023255813953489
0 0.14409368635437883 0.1186046511627907 0.04378818737270876 0.0586046511627907
0 0.20468431771894094 0.1013953488372093 0.07739307535641547 0.12465116279069767
0 0.11914460285132383 0.13534883720930233 0.14867617107942974 0.08093023255813954
0 0.3258655804480652 0.09348837209302326 0.048879837067209775 0.07534883720930233
0 0.3818737270875764 0.09627906976744185 0.11405295315682282 0.023255813953488372
0 0.35845213849287166 0.053953488372093024 0.1670061099796334 0.05023255813953489
0 0.3543788187372709 0.12790697674418605 0.1710794297352342 0.05116279069767442
0 0.4684317718940937 0.12046511627906976 0.059063136456211814 0.14232558139534884
0 0.579938900203666 0.0758139534883721 0.03360488798370672 0.03255813953488372
0 0.6390020366598778 0.04232558139534884 0.07637474541751528 0.053023255813953486
0 0.59979633401222 0.12093023255813953 0.054989816700611 0.059534883720930236
0 0.5498981670061099 0.08651162790697674 0.08961303462321792 0.061395348837209304
0 0.6171079429735234 0.11767441860465117 0.04480651731160896 0.021395348837209303
0 0.6227087576374746 0.10046511627906977 0.04378818737270876 0.018604651162790697
0 0.6272912423625254 0.08325581395348837 0.06109979633401222 0.013953488372093023
0 0.6283095723014257 0.07162790697674419 0.05295315682281059 0.014883720930232559
0 0.6247454175152749 0.052558139534883724 0.04989816700610998 0.030697674418604652
0 0.6644602851323829 0.1241860465116279 0.10488798370672098 0.13674418604651162
0 0.8080448065173116 0.08790697674418604 0.06619144602851323 0.06790697674418604
0 0.7759674134419552 0.05441860465116279 0.059063136456211814 0.04930232558139535
0 0.7377800407331976 0.07488372093023256 0.04175152749490835 0.04744186046511628
0 0.7729124236252546 0.08232558139534883 0.04276985743380855 0.021395348837209303
0 0.7214867617107943 0.14976744186046512 0.11507128309572301 0.06883720930232558
0 0.8029531568228105 0.13116279069767442 0.07230142566191446 0.035348837209302326
0 0.8365580448065173 0.16186046511627908 0.07026476578411406 0.06883720930232558
0 0.7922606924643585 0.15488372093023256 0.02240325865580448 0.04
0 0.7744399185336049 0.15255813953488373 0.021384928716904276 0.04093023255813953
0 0.755091649694501 0.14604651162790697 0.019348268839103868 0.04279069767441861
0 0.7342158859470469 0.1427906976744186 0.03054989816700611 0.06976744186046512
0 0.7169042769857433 0.12093023255813953 0.038696537678207736 0.035348837209302326
0 0.8869653767820774 0.09348837209302326 0.038696537678207736 0.06976744186046512
0 0.8716904276985743 0.11395348837209303 0.048879837067209775 0.07162790697674419
0 0.9271894093686355 0.13162790697674417 0.051934826883910386 0.09395348837209302
0 0.09114052953156823 0.30186046511627906 0.051934826883910386 0.11069767441860465
0 0.1109979633401222 0.28930232558139535 0.1670061099796334 0.035348837209302326
0 0.20672097759674135 0.24976744186046512 0.07331975560081466 0.1144186046511628
0 0.1878818737270876 0.32325581395348835 0.07026476578411406 0.08465116279069768
0 0.1634419551934827 0.29348837209302325 0.03767820773930754 0.04372093023255814
0 0.1680244399185336 0.2702325581395349 0.04684317718940937 0.03813953488372093
0 0.3890020366598778 0.2641860465116279 0.1975560081466395 0.044651162790697675
0 0.354887983706721 0.25953488372093025 0.06008146639511202 0.07069767441860465
0 0.3844195519348269 0.2837209302325581 0.10488798370672098 0.10418604651162791
0 0.7001018329938901 0.28093023255813954 0.24745417515274948 0.044651162790697675
0 0.7418533604887984 0.2567441860465116 0.1659877800407332 0.06697674418604652
0 0.609979633401222 0.2502325581395349 0.028513238289205704 0.06325581395348837
0 0.6527494908350305 0.24883720930232558 0.034623217922606926 0.07162790697674419
0 0.6807535641547862 0.2013953488372093 0.16395112016293278 0.05488372093023256
0 0.14663951120162932 0.43209302325581395 0.054989816700611 0.012093023255813953
0 0.1410386965376782 0.4227906976744186 0.06822810590631365 0.008372093023255815
0 0.1369653767820774 0.4144186046511628 0.08044806517311609 0.012093023255813953
0 0.12525458248472504 0.4013953488372093 0.109979633401222 0.017674418604651163
0 0.13289205702647658 0.45395348837209304 0.015274949083503055 0.03162790697674418
0 0.11558044806517312 0.45348837209302323 0.019348268839103868 0.04186046511627907
0 0.09826883910386966 0.4474418604651163 0.021384928716904276 0.04093023255813953
0 0.0814663951120163 0.4441860465116279 0.026476578411405296 0.04930232558139535
0 0.07026476578411406 0.4325581395348837 0.024439918533604887 0.046511627906976744
0 0.06109979633401222 0.4213953488372093 0.026476578411405296 0.05581395348837209
0 0.1115071283095723 0.4558139534883721 0.14765784114052954 0.024186046511627906
0 0.11608961303462322 0.3841860465116279 0.12627291242362526 0.022325581395348838
0 0.20773930753564154 0.4153488372093023 0.054989816700611 0.10325581395348837
0 0.434826883910387 0.40930232558139534 0.06517311608961303 0.06325581395348837
0 0.34317718940936864 0.3944186046511628 0.04073319755600815 0.026046511627906978
0 0.4725050916496945 0.4097674418604651 0.05091649694501019 0.1144186046511628
0 0.365071283095723 0.41488372093023257 0.09470468431771895 0.026046511627906978
0 0.35845213849287166 0.35627906976744184 0.17311608961303462 0.05767441860465116
0 0.2968431771894094 0.3893023255813953 0.031568228105906315 0.013953488372093023
0 0.2973523421588595 0.4027906976744186 0.04073319755600815 0.01674418604651163
0 0.29480651731160895 0.41767441860465115 0.03971486761710794 0.01674418604651163
0 0.31313645621181263 0.4344186046511628 0.11507128309572301 0.046511627906976744
0 0.615071283095723 0.38976744186046514 0.024439918533604887 0.07069767441860465
0 0.530040733197556 0.38465116279069766 0.025458248472505093 0.04372093023255814
0 0.5758655804480651 0.406046511627907 0.11303462321792261 0.021395348837209303
0 0.5590631364562119 0.3413953488372093 0.07739307535641547 0.052093023255813956
0 0.6440936863543788 0.34093023255813953 0.09470468431771895 0.03255813953488372
0 0.7123217922606925 0.37209302325581395 0.051934826883910386 0.10790697674418605
0 0.6420570264765784 0.39069767441860465 0.09063136456211812 0.027906976744186046
0 0.8828920570264766 0.37627906976744185 0.07128309572301425 0.07720930232558139
0 0.9078411405295316 0.36790697674418604 0.04989816700610998 0.14418604651162792
0 0.7998981670061099 0.35674418604651165 0.019348268839103868 0.026976744186046512
0 0.7917515274949084 0.39813953488372095 0.10081466395112017 0.03162790697674418
0 0.7876782077393075 0.3893023255813953 0.04786150712830957 0.017674418604651163
0 0.7790224032586558 0.37348837209302327 0.032586558044806514 0.013953488372093023
0 0.7764765784114053 0.3613953488372093 0.023421588594704685 0.012093023255813953
0 0.7774949083503055 0.3502325581395349 0.025458248472505093 0.013953488372093023
0 0.8284114052953157 0.3186046511627907 0.13747454175152748 0.05116279069767442
0 0.84979633401222 0.37348837209302327 0.10692464358452139 0.01953488372093023
0 0.9378818737270875 0.34837209302325584 0.020366598778004074 0.053023255813953486
0 0.9704684317718941 0.3841860465116279 0.059063136456211814 0.03162790697674418
0 0.9557026476578412 0.31953488372093025 0.0539714867617108 0.023255813953488372
0 0.9770875763747454 0.3586046511627907 0.025458248472505093 0.023255813953488372
0 0.13391038696537677 0.5195348837209303 0.09266802443991853 0.017674418604651163
0 0.1120162932790224 0.5334883720930232 0.04276985743380855 0.010232558139534883
0 0.11303462321792261 0.541860465116279 0.04073319755600815 0.010232558139534883
0 0.1120162932790224 0.5502325581395349 0.04073319755600815 0.012093023255813953
0 0.109979633401222 0.5581395348837209 0.038696537678207736 0.009302325581395349
0 0.10641547861507128 0.5651162790697675 0.035641547861507125 0.010232558139534883
0 0.10641547861507128 0.5753488372093023 0.035641547861507125 0.017674418604651163
0 0.12219959266802444 0.5781395348837209 0.1120162932790224 0.10697674418604651
0 0.07535641547861507 0.5088372093023256 0.04684317718940937 0.035348837209302326
0 0.12016293279022404 0.4958139534883721 0.05091649694501019 0.06883720930232558
0 0.06415478615071284 0.5544186046511628 0.048879837067209775 0.06697674418604652
0 0.2668024439918534 0.552093023255814 0.18126272912423624 0.04372093023255814
0 0.2510183299389002 0.5074418604651163 0.04175152749490835 0.062325581395348835
0 0.3075356415478615 0.5167441860465116 0.11405295315682282 0.02883720930232558
0 0.2836048879837067 0.5125581395348837 0.045824847250509164 0.07441860465116279
0 0.3920570264765784 0.5330232558139535 0.07331975560081466 0.13953488372093023
0 0.5203665987780041 0.5116279069767442 0.1425661914460285 0.04279069767441861
0 0.4511201629327902 0.5125581395348837 0.06109979633401222 0.035348837209302326
0 0.5254582484725051 0.5023255813953489 0.1446028513238289 0.06883720930232558
0 0.5213849287169042 0.5186046511627908 0.05295315682281059 0.09395348837209302
0 0.6578411405295316 0.45395348837209304 0.05295315682281059 0.07255813953488371
0 0.640020366598778 0.5241860465116279 0.051934826883910386 0.045581395348837206
0 0.6140529531568228 0.4958139534883721 0.03665987780040733 0.06511627906976744
0 0.6985743380855397 0.49348837209302326 0.15274949083503056 0.02883720930232558
0 0.6909368635437881 0.4753488372093023 0.025458248472505093 0.03162790697674418
0 0.7306517311608961 0.4413953488372093 0.07230142566191446 0.03627906976744186
0 0.7382892057026477 0.4711627906976744 0.07128309572301425 0.017674418604651163
0 0.7230142566191446 0.5330232558139535 0.11405295315682282 0.027906976744186046
0 0.7942973523421588 0.4888372093023256 0.048879837067209775 0.11069767441860465
0 0.8706720977596741 0.48511627906976745 0.048879837067209775 0.06604651162790698
0 0.905295315682281 0.48790697674418604 0.02240325865580448 0.05674418604651163
0 0.9582484725050916 0.48093023255813955 0.016293279022403257 0.04093023255813953
0 0.9460285132382892 0.48093023255813955 0.016293279022403257 0.04279069767441861
0 0.9348268839103869 0.46930232558139534 0.014256619144602852 0.026976744186046512
0 0.9205702647657841 0.4702325581395349 0.016293279022403257 0.02883720930232558
0 0.9282077393075356 0.49116279069767443 0.10285132382892057 0.020465116279069766
0 0.8905295315682281 0.5232558139534884 0.17617107942973523 0.03441860465116279
0 0.7067209775967414 0.5920930232558139 0.15478615071283094 0.05116279069767442
0 0.6924643584521385 0.6465116279069767 0.17922606924643583 0.07069767441860465
0 0.6038696537678208 0.6558139534883721 0.06313645621181263 0.024186046511627906
0 0.6140529531568228 0.5781395348837209 0.06109979633401222 0.03627906976744186
0 0.6191446028513238 0.6195348837209302 0.020366598778004074 0.06697674418604652
0 0.5835030549898167 0.6176744186046511 0.02240325865580448 0.06511627906976744
0 0.8070264765784114 0.6144186046511628 0.06415478615071284 0.11069767441860465
0 0.18380855397148677 0.6967441860465117 0.06415478615071284 0.07255813953488371
0 0.3105906313645621 0.7176744186046512 0.20366598778004075 0.12
0 0.15325865580448064 0.7316279069767442 0.051934826883910386 0.04372093023255814
0 0.2830957230142566 0.8097674418604651 0.016293279022403257 0.04930232558139535
0 0.269857433808554 0.7958139534883721 0.020366598778004074 0.06976744186046512
0 0.2535641547861507 0.7916279069767442 0.018329938900203666 0.06883720930232558
0 0.23879837067209775 0.7851162790697674 0.023421588594704685 0.07813953488372093
0 0.21639511201629327 0.7846511627906977 0.025458248472505093 0.07348837209302325
0 0.1939918533604888 0.7851162790697674 0.029531568228105907 0.09302325581395349
0 0.13034623217922606 0.738139534883721 0.020366598778004074 0.04930232558139535
0 0.23930753564154786 0.7730232558139535 0.27494908350305497 0.04093023255813953
0 0.10336048879837068 0.7265116279069768 0.025458248472505093 0.035348837209302326
0 0.1410386965376782 0.6897674418604651 0.1680244399185336 0.04930232558139535
0 0.07433808553971487 0.713953488372093 0.03665987780040733 0.012093023255813953
0 0.07433808553971487 0.7288372093023255 0.04480651731160896 0.017674418604651163
0 0.07535641547861507 0.7413953488372093 0.04276985743380855 0.014883720930232559
0 0.0855397148676171 0.7553488372093023 0.05091649694501019 0.01674418604651163
0 0.07942973523421588 0.7734883720930232 0.06517311608961303 0.04186046511627907
0 0.4831975560081466 0.7683720930232558 0.04175152749490835 0.08930232558139535
0 0.4943991853360489 0.7548837209302326 0.08044806517311609 0.03813953488372093
0 0.5687372708757638 0.7813953488372093 0.16191446028513237 0.037209302325581395
0 0.5040733197556008 0.7153488372093023 0.06720977596741344 0.027906976744186046
0 0.5392057026476579 0.726046511627907 0.0274949083503055 0.05488372093023256
0 0.5468431771894093 0.686046511627907 0.06109979633401222 0.05488372093023256
0 0.6013238289205702 0.7469767441860465 0.051934826883910386 0.13581395348837208
0 0.6446028513238289 0.7093023255813954 0.12423625254582485 0.023255813953488372
0 0.6374745417515275 0.7483720930232558 0.13441955193482688 0.03441860465116279
0 0.7275967413441955 0.7446511627906977 0.062118126272912425 0.1386046511627907
0 0.8844195519348269 0.686046511627907 0.045824847250509164 0.0827906976744186
0 0.8767820773930753 0.7674418604651163 0.038696537678207736 0.09302325581395349
0 0.8212830957230143 0.7525581395348837 0.07230142566191446 0.018604651162790697
0 0.8126272912423625 0.7386046511627907 0.04684317718940937 0.014883720930232559
0 0.8161914460285132 0.7204651162790697 0.04989816700610998 0.012093023255813953
0 0.8151731160896131 0.707906976744186 0.04989816700610998 0.013023255813953489
0 0.8273930753564155 0.6911627906976744 0.06619144602851323 0.024186046511627906
0 0.8406313645621182 0.7232558139534884 0.021384928716904276 0.05488372093023256
0 0.12474541751527495 0.9181395348837209 0.06008146639511202 0.01674418604651163
0 0.12270875763747455 0.9065116279069767 0.05804480651731161 0.017674418604651163
0 0.12270875763747455 0.8958139534883721 0.0539714867617108 0.014883720930232559
0 0.12525458248472504 0.8837209302325582 0.05702647657841141 0.018604651162790697
0 0.17769857433808553 0.9041860465116279 0.035641547861507125 0.10046511627906977
0 0.11710794297352342 0.9255813953488372 0.08961303462321792 0.04279069767441861
0 0.3543788187372709 0.8641860465116279 0.07535641547861507 0.04279069767441861
0 0.3655804480651731 0.9046511627906977 0.06517311608961303 0.030697674418604652
0 0.3645621181262729 0.9246511627906977 0.12830957230142567 0.04837209302325581
0 0.4073319755600815 0.9134883720930232 0.04684317718940937 0.11906976744186047
0 0.754582484725051 0.8930232558139535 0.07739307535641547 0.10604651162790697
0 0.6278004073319755 0.8953488372093024 0.08655804480651731 0.08093023255813954
0 0.6496945010183299 0.8962790697674419 0.04480651731160896 0.11627906976744186
0 0.639511201629328 0.8981395348837209 0.1934826883910387 0.04
