0 0.17433155080213902 0.4368836291913215 0.17967914438502675 0.17751479289940827
0 0.3518716577540107 0.4349112426035503 0.16898395721925133 0.1913214990138067
0 0.17967914438502675 0.6415187376725838 0.24598930481283424 0.1844181459566075
0 0.5197860962566845 0.42011834319526625 0.13689839572192514 0.15384615384615385
0 0.1754010695187166 0.8264299802761341 0.25240641711229944 0.1814595660749507
0 0.653475935828877 0.5941814595660749 0.22245989304812835 0.17258382642998027
0 0.8716577540106952 0.5971400394477318 0.22459893048128343 0.17061143984220908
0 0.516042780748663 0.8086785009861933 0.4267379679144385 0.21893491124260356
0 0.8454545454545455 0.7879684418145957 0.23850267379679144 0.20512820512820512
0 0.4229946524064171 0.9625246548323472 0.34759358288770054 0.07100591715976332
0 0.720855614973262 0.9418145956607495 0.25668449197860965 0.10453648915187377
0 0.20481283422459892 0.23471400394477318 0.19572192513368983 0.1814595660749507
