0 0.2226148409893993 0.2625754527162978 0.1248527679623086 0.14285714285714285
0 0.24558303886925795 0.8752515090543259 0.3404004711425206 0.16096579476861167
0 0.15547703180212014 0.6041247484909457 0.18138987043580684 0.1921529175050302
0 0.773851590106007 0.5945674044265593 0.28975265017667845 0.1448692152917505
0 0.2656065959952886 0.40995975855130784 0.3474676089517079 0.19014084507042253
0 0.7314487632508834 0.41901408450704225 0.2143698468786808 0.21227364185110664
0 0.7126030624263839 0.2198189134808853 0.1955241460541814 0.20020120724346077
0 0.44346289752650175 0.5945674044265593 0.38987043580683156 0.158953722334004
0 0.46937573616018846 0.23591549295774647 0.30742049469964666 0.1659959758551308
0 0.875736160188457 0.23541247484909456 0.16372202591283863 0.16901408450704225
0 0.6466431095406361 0.743963782696177 0.2826855123674912 0.1619718309859155
0 0.5335689045936396 0.39436619718309857 0.19316843345111898 0.15492957746478872
0 0.9151943462897526 0.42806841046277666 0.16489988221436985 0.1981891348088531
0 0.7614840989399293 0.9014084507042254 0.3474676089517079 0.14084507042253522
0 0.9493521790341578 0.6172032193158954 0.09658421672555949 0.12575452716297786
0 0.8945818610129564 0.7510060362173038 0.2061248527679623 0.1619718309859155
