0 0.809820193637621 0.8851508120649652 0.056708160442600276 0.07076566125290024
0 0.9166666666666666 0.8822505800464037 0.10857538035961273 0.0765661252900232
0 0.7112724757952974 0.8845707656612529 0.10304287690179806 0.06496519721577726
0 0.5836791147994468 0.8892111368909513 0.1355463347164592 0.06264501160092807
0 0.5795297372060858 0.9486658932714617 0.14384508990318118 0.06322505800464037
0 0.5878284923928078 0.8285962877030162 0.1355463347164592 0.058584686774941996
0 0.7216459197786999 0.8245359628770301 0.10580912863070539 0.0574245939675174
0 0.7271784232365145 0.767691415313225 0.11134163208852006 0.058584686774941996
0 0.5943983402489627 0.773491879350348 0.14315352697095435 0.05394431554524362
0 0.9163208852005532 0.7175174013921114 0.07607192254495158 0.07308584686774942
0 0.8883125864453665 0.6096287703016241 0.10442600276625173 0.06380510440835267
0 0.8336791147994468 0.5446635730858469 0.09474412171507607 0.06960556844547564
0 0.6130705394190872 0.5481438515081206 0.12932226832641772 0.07308584686774942
0 0.8260719225449515 0.7114269141531323 0.10719225449515905 0.07134570765661252
0 0.719225449515906 0.71084686774942 0.1078838174273859 0.0574245939675174
