0 0.09888220120378331 0.14732547597461468 0.16337059329320722 0.2257479601087942
0 0.45700773860705074 0.13644605621033545 0.17282889079965605 0.1985494106980961
0 0.09759243336199484 0.3830462375339982 0.19862424763542563 0.27107887579329104
0 0.45700773860705074 0.3485947416137806 0.234737747205503 0.24932003626473254
0 0.5240756663800515 0.5607434270172258 0.3172828890799656 0.26745240253853125
0 0.7777300085984523 0.49773345421577514 0.19002579535683578 0.21396192203082504
0 0.8641444539982803 0.7357207615593835 0.10146173688736028 0.24206708975521304
0 0.7678417884780739 0.30961015412511333 0.1117798796216681 0.15503173164097914
0 0.7725709372312983 0.11967361740707162 0.16079105760963028 0.17769718948322757
0 0.45614789337919176 0.7728921124206709 0.14875322441960448 0.18041704442429737
0 0.6715391229578676 0.7488667271078876 0.3009458297506449 0.24660018132366274
