0 0.8183807439824945 0.19499527856468366 0.22975929978118162 0.13314447592067988
0 0.7062363238512035 0.7407932011331445 0.16083150984682712 0.1274787535410765
0 0.8780087527352297 0.7322946175637394 0.1936542669584245 0.13503305004721436
0 0.5722100656455142 0.7431539187913125 0.11816192560175055 0.07743153918791312
0 0.911925601750547 0.08404154863078375 0.12582056892778992 0.10953729933899906
0 0.47155361050328226 0.7407932011331445 0.0962800875273523 0.11048158640226628
0 0.9141137855579868 0.5764872521246459 0.12144420131291028 0.17091595845136923
0 0.7954048140043763 0.5882908404154863 0.11159737417943107 0.17752596789423986
0 0.6455142231947484 0.8493862134088763 0.31947483588621445 0.15203021718602455
0 0.7817286652078774 0.9542020774315392 0.35776805251641136 0.0708215297450425
