0 0.38909952606635073 0.6841085271317829 0.13744075829383887 0.11085271317829458
0 0.5521327014218009 0.6794573643410853 0.1962085308056872 0.1124031007751938
0 0.542654028436019 0.5717054263565892 0.22654028436018958 0.10775193798449613
0 0.6933649289099526 0.44689922480620153 0.15639810426540285 0.1325581395348837
0 0.30995260663507107 0.4573643410852713 0.16492890995260664 0.13643410852713178
0 0.6938388625592417 0.06782945736434108 0.22748815165876776 0.1124031007751938
0 0.885308056872038 0.06511627906976744 0.1819905213270142 0.12403100775193798
0 0.7255924170616114 0.3267441860465116 0.11090047393364928 0.10930232558139535
0 0.6938388625592417 0.6736434108527132 0.06824644549763033 0.11007751937984496
0 0.8360189573459715 0.662015503875969 0.204739336492891 0.09922480620155039
0 0.6004739336492891 0.898062015503876 0.18862559241706162 0.10775193798449613
0 0.7791469194312797 0.8841085271317829 0.17251184834123223 0.1062015503875969
0 0.875829383886256 0.32286821705426355 0.19146919431279621 0.11550387596899225
0 0.4815165876777251 0.3306201550387597 0.37725118483412323 0.11705426356589148
0 0.7232227488151659 0.5651162790697675 0.13459715639810427 0.10852713178294573
0 0.8658767772511848 0.5616279069767441 0.1014218009478673 0.10155038759689923
0 0.6279620853080569 0.7852713178294574 0.36113744075829385 0.10542635658914729
0 0.9018957345971564 0.8728682170542635 0.09194312796208531 0.11317829457364341
0 0.7227488151658767 0.2003875968992248 0.5393364928909953 0.14651162790697675
0 0.9582938388625593 0.5507751937984496 0.05687203791469194 0.11550387596899225
