0 0.15707317073170732 0.8183125599232982 0.22829268292682928 0.16586768935762225
0 0.3653658536585366 0.7996164908916586 0.17073170731707318 0.15915627996164908
0 0.40146341463414636 0.1788111217641419 0.1648780487804878 0.15819750719079578
0 0.5580487804878049 0.18744007670182167 0.16 0.20421860019175456
0 0.1926829268292683 0.17929050814956854 0.25658536585365854 0.20517737296260785
0 0.7346341463414634 0.17497603068072867 0.1678048780487805 0.16203259827420902
0 0.9004878048780488 0.1457334611697028 0.19121951219512195 0.15148609779482264
0 0.5907317073170731 0.6414189837008629 0.10829268292682927 0.1361457334611697
0 0.7014634146341463 0.6270373921380633 0.13658536585365855 0.16490891658676893
0 0.3926829268292683 0.6399808245445829 0.26634146341463416 0.17353787152444872
0 0.14536585365853658 0.6514860977948226 0.18926829268292683 0.16203259827420902
0 0.8721951219512195 0.6093000958772771 0.2302439024390244 0.1984659635666347
0 0.5370731707317074 0.7775647171620326 0.17853658536585365 0.13998082454458294
0 0.5521951219512196 0.87535953978907 0.1795121951219512 0.09971236816874401
0 0.7258536585365853 0.9041227229146692 0.31609756097560976 0.17066155321188878
0 0.7707317073170732 0.7588686481303931 0.3102439024390244 0.12559923298178333
