0 0.20029239766081872 0.12452591656131479 0.21637426900584794 0.1504424778761062
0 0.4583333333333333 0.0986093552465234 0.21783625730994152 0.14664981036662453
0 0.7017543859649122 0.1011378002528445 0.260233918128655 0.17699115044247787
0 0.10453216374269006 0.4538558786346397 0.1915204678362573 0.18710493046776233
0 0.5080409356725146 0.42098609355246525 0.1652046783625731 0.1390644753476612
0 0.30994152046783624 0.4525916561314791 0.26608187134502925 0.1997471554993679
0 0.6089181286549707 0.7642225031605563 0.38742690058479534 0.21871049304677623
0 0.22660818713450293 0.7414664981036663 0.3830409356725146 0.24905183312262957
0 0.8903508771929824 0.7515802781289507 0.18421052631578946 0.20859671302149177
0 0.8910818713450293 0.11314791403286978 0.13304093567251463 0.12515802781289506
0 0.8530701754385965 0.2667509481668774 0.21783625730994152 0.17193426042983564
0 0.8830409356725146 0.5632111251580278 0.21637426900584794 0.14032869785082175
0 0.9269005847953217 0.4450063211125158 0.0935672514619883 0.14664981036662453
0 0.7317251461988304 0.43236409608091025 0.3055555555555556 0.1820480404551201
