0 0.6075491209927611 0.7298050139275766 0.22854188210961737 0.1671309192200557
0 0.8536711478800414 0.6987000928505107 0.2781799379524302 0.15691736304549675
0 0.8510858324715616 0.16341689879294335 0.14270941054808686 0.1615598885793872
0 0.5847983453981386 0.16898792943361188 0.22854188210961737 0.19127205199628597
0 0.3650465356773526 0.1615598885793872 0.17993795243019647 0.15598885793871867
0 0.15822130299896586 0.17363045496750232 0.10548086866597725 0.14856081708449395
0 0.375387797311272 0.7288765088207985 0.16752843846949328 0.1764159702878366
0 0.7786970010341262 0.35376044568245124 0.16752843846949328 0.13556174558960074
0 0.6003102378490176 0.35051067780872797 0.19338159255429163 0.15691736304549675
0 0.9364012409513961 0.30547818012999073 0.10651499482936919 0.1392757660167131
0 0.38831437435367117 0.3649025069637883 0.23061013443640124 0.1522748375116063
0 0.1778697001034126 0.3607242339832869 0.19027921406411583 0.1606313834726091
0 0.1592554291623578 0.7372330547818013 0.15718717683557393 0.14856081708449395
0 0.24405377456049637 0.5297121634168988 0.3536711478800414 0.1532033426183844
0 0.5217166494312306 0.5348189415041783 0.1437435367114788 0.17827298050139276
0 0.7885211995863496 0.5190343546889508 0.3940020682523268 0.21541318477251625
