0 0.21771428571428572 0.20634037819799778 0.152 0.17908787541713014
0 0.168 0.5845383759733037 0.13028571428571428 0.1635150166852058
0 0.35428571428571426 0.5812013348164627 0.1737142857142857 0.20578420467185762
0 0.5217142857142857 0.5717463848720801 0.16114285714285714 0.18242491657397109
0 0.6748571428571428 0.5667408231368187 0.14971428571428572 0.15239154616240266
0 0.852 0.5656284760845384 0.22057142857142858 0.1635150166852058
0 0.8731428571428571 0.39488320355951056 0.12114285714285715 0.1735261401557286
0 0.6891428571428572 0.39377085650723026 0.2651428571428571 0.1757508342602892
0 0.36628571428571427 0.8020022246941045 0.14514285714285713 0.18020022246941045
0 0.5325714285714286 0.9149054505005562 0.15085714285714286 0.13459399332591768
0 0.5611428571428572 0.7830923248053393 0.22628571428571428 0.14905450500556172
0 0.216 0.7836484983314794 0.18057142857142858 0.12791991101223582
0 0.7977142857142857 0.8086763070077865 0.2422857142857143 0.12235817575083426
0 0.776 0.6840934371523916 0.18742857142857142 0.12013348164627363
0 0.21828571428571428 0.38598442714126807 0.19657142857142856 0.16907675194660735
0 0.42914285714285716 0.38598442714126807 0.2502857142857143 0.18242491657397109
0 0.6765714285714286 0.21635150166852057 0.18514285714285714 0.185761957730812
0 0.8491428571428571 0.21134593993325917 0.11428571428571428 0.16240266963292546
0 0.936 0.203559510567297 0.07542857142857143 0.12235817575083426
0 0.44 0.21579532814238042 0.2742857142857143 0.16017797552836485
0 0.6777142857142857 0.9221357063403782 0.16685714285714287 0.12458286985539488
0 0.8502857142857143 0.9193548387096774 0.19657142857142856 0.10567296996662959
