0 0.1629260182876143 0.5620821394460362 0.2144638403990025 0.16141356255969436
0 0.1571072319201995 0.3557784145176695 0.18453865336658354 0.24737344794651384
0 0.44970906068162925 0.3046800382043935 0.3624272651704073 0.20248328557784145
0 0.6807980049875312 0.281279847182426 0.07813798836242726 0.19579751671442217
0 0.772236076475478 0.29465138490926457 0.09476309226932668 0.23018147086914995
0 0.4401496259351621 0.5334288443170965 0.2967581047381546 0.20152817574021012
0 0.18329177057356608 0.7297039159503342 0.2950955943474647 0.2082139446036294
0 0.39733998337489607 0.7158548233046801 0.1479634247714048 0.18051575931232092
0 0.5473815461346634 0.6934097421203438 0.1770573566084788 0.17574021012416427
0 0.7531172069825436 0.6924546322827125 0.23275145469659186 0.18147086914995225
0 0.9347464671654198 0.6451766953199618 0.10390689941812137 0.18624641833810887
0 0.6533665835411472 0.5085959885386819 0.15793848711554448 0.15759312320916904
0 0.8524522028262677 0.5138490926456543 0.24688279301745636 0.16809933142311365
0 0.4684123025768911 0.8868194842406877 0.27514546965918535 0.16332378223495703
0 0.7485453034081463 0.8853868194842407 0.27680798004987534 0.1872015281757402
0 0.8607647547797174 0.4087870105062082 0.11554447215295095 0.12034383954154727
