0 0.18028004667444575 0.7302243211334121 0.30688448074679114 0.2066115702479339
0 0.5869311551925321 0.08028335301062574 0.1516919486581097 0.15584415584415584
0 0.9445740956826137 0.08677685950413223 0.07817969661610269 0.13105076741440377
0 0.3897316219369895 0.07674144037780402 0.21236872812135357 0.1487603305785124
0 0.11493582263710618 0.07792207792207792 0.17152858809801633 0.12987012987012986
0 0.808634772462077 0.0690672963400236 0.18203033838973162 0.12632821723730814
0 0.1161026837806301 0.2384887839433294 0.17386231038506417 0.1912632821723731
0 0.3908984830805134 0.23907910271546634 0.3733955659276546 0.1782762691853601
0 0.7403733955659276 0.2426210153482881 0.3185530921820303 0.19008264462809918
0 0.94049008168028 0.2579693034238489 0.11201866977829639 0.23494687131050768
0 0.4474912485414236 0.7302243211334121 0.19253208868144692 0.19244391971664698
