0 0.19466666666666665 0.39578544061302684 0.12977777777777777 0.09731800766283524
0 0.164 0.296551724137931 0.08622222222222223 0.08735632183908046
0 0.264 0.29195402298850576 0.10133333333333333 0.09195402298850575
0 0.1688888888888889 0.6383141762452107 0.112 0.07816091954022988
0 0.28 0.6310344827586207 0.09422222222222222 0.0681992337164751
0 0.10266666666666667 0.7291187739463602 0.1431111111111111 0.09118773946360154
0 0.5337777777777778 0.38582375478927206 0.2071111111111111 0.1049808429118774
0 0.44133333333333336 0.6360153256704981 0.18755555555555556 0.10574712643678161
0 0.6462222222222223 0.632183908045977 0.21511111111111111 0.10881226053639846
0 0.7942222222222223 0.6164750957854406 0.08622222222222223 0.10038314176245211
0 0.9146666666666666 0.6065134099616858 0.1368888888888889 0.10804597701149425
0 0.9195555555555556 0.7762452107279694 0.10933333333333334 0.09961685823754789
0 0.8182222222222222 0.7869731800766283 0.08444444444444445 0.09042145593869731
0 0.7435555555555555 0.7896551724137931 0.06666666666666667 0.09118773946360154
0 0.25377777777777777 0.8076628352490421 0.1751111111111111 0.09348659003831418
0 0.6368888888888888 0.7969348659003831 0.15555555555555556 0.09808429118773947
0 0.4537777777777778 0.80727969348659 0.2248888888888889 0.09731800766283524
0 0.6386666666666667 0.7145593869731801 0.11822222222222223 0.06973180076628352
0 0.25466666666666665 0.7180076628352491 0.136 0.09961685823754789
0 0.08222222222222222 0.8137931034482758 0.12533333333333332 0.07662835249042145
0 0.08044444444444444 0.5494252873563218 0.12177777777777778 0.10114942528735632
0 0.07422222222222222 0.39425287356321836 0.10755555555555556 0.10344827586206896
0 0.07288888888888889 0.2942528735632184 0.10666666666666667 0.09195402298850575
0 0.3457777777777778 0.3854406130268199 0.13155555555555556 0.0950191570881226
0 0.7546666666666667 0.36551724137931035 0.1368888888888889 0.10881226053639846
0 0.8786666666666667 0.35900383141762454 0.09866666666666667 0.09885057471264368
0 0.49777777777777776 0.289272030651341 0.07288888888888889 0.08352490421455938
0 0.5622222222222222 0.28735632183908044 0.06133333333333333 0.08735632183908046
0 0.07866666666666666 0.06091954022988506 0.088 0.08045977011494253
0 0.19377777777777777 0.14942528735632185 0.06577777777777778 0.09961685823754789
0 0.25466666666666665 0.1478927203065134 0.07377777777777778 0.09655172413793103
0 0.3413333333333333 0.14406130268199233 0.11377777777777778 0.0950191570881226
0 0.43466666666666665 0.13793103448275862 0.07644444444444444 0.09348659003831418
0 0.5186666666666667 0.1363984674329502 0.09866666666666667 0.0842911877394636
0 0.5955555555555555 0.1314176245210728 0.08533333333333333 0.08659003831417625
0 0.6844444444444444 0.12337164750957855 0.09955555555555555 0.0842911877394636
0 0.7822222222222223 0.2590038314176245 0.10488888888888889 0.0950191570881226
0 0.6577777777777778 0.2800766283524904 0.14044444444444446 0.08812260536398467
0 0.416 0.29310344827586204 0.08355555555555555 0.08505747126436781
0 0.34044444444444444 0.2942528735632184 0.058666666666666666 0.08735632183908046
0 0.3888888888888889 0.7183908045977011 0.10222222222222223 0.08199233716475096
0 0.5137777777777778 0.7195402298850575 0.08533333333333333 0.0735632183908046
0 0.7906666666666666 0.7030651340996169 0.12533333333333332 0.08352490421455938
0 0.11066666666666666 0.8957854406130268 0.17155555555555554 0.07509578544061303
0 0.2751111111111111 0.8831417624521073 0.14844444444444443 0.08045977011494253
0 0.5 0.5306513409961686 0.17333333333333334 0.09731800766283524
0 0.06666666666666667 0.1478927203065134 0.049777777777777775 0.09348659003831418
0 0.13066666666666665 0.14942528735632185 0.06577777777777778 0.09655172413793103
0 0.07244444444444445 0.6406130268199234 0.0951111111111111 0.08122605363984674
