0 0.12255466052934408 0.28916309012875535 0.1668584579976985 0.15343347639484978
0 0.2940161104718067 0.2494635193133047 0.18296892980437285 0.11909871244635194
0 0.5448791714614499 0.5198497854077253 0.3486766398158803 0.13412017167381973
0 0.18642117376294592 0.8159871244635193 0.2508630609896433 0.12124463519313304
0 0.5293440736478712 0.6786480686695279 0.2186421173762946 0.11909871244635194
0 0.10817031070195628 0.6866952789699571 0.14039125431530494 0.1351931330472103
0 0.7318757192174914 0.9275751072961373 0.2945914844649022 0.11695278969957082
0 0.238204833141542 0.13358369098712447 0.09436133486766399 0.1276824034334764
0 0.7922899884925202 0.5305793991416309 0.13463751438434982 0.12339055793991416
0 0.1277330264672037 0.40772532188841204 0.2140391254315305 0.11373390557939914
0 0.3722669735327963 0.39002145922746784 0.2773302646720368 0.1427038626609442
0 0.6294591484464902 0.40236051502145925 0.17951668584579977 0.1223175965665236
0 0.7968929804372842 0.3953862660944206 0.1622554660529344 0.1298283261802575
0 0.189873417721519 0.5466738197424893 0.3567318757192175 0.1427038626609442
0 0.3066743383199079 0.6909871244635193 0.23130034522439585 0.12446351931330472
0 0.3866513233601841 0.822961373390558 0.1518987341772152 0.12875536480686695
0 0.8176064441887226 0.6813304721030042 0.2957422324510932 0.13948497854077252
0 0.9090909090909091 0.5364806866952789 0.11277330264672036 0.15021459227467812
0 0.13060989643268126 0.1453862660944206 0.12313003452243959 0.1298283261802575
0 0.5132336018411968 0.9334763948497854 0.08285385500575373 0.11373390557939914
0 0.8751438434982739 0.8127682403433476 0.11852704257767549 0.13626609442060086
0 0.7698504027617952 0.8090128755364807 0.09436133486766399 0.1223175965665236
0 0.334867663981588 0.12821888412017168 0.08515535097813579 0.11909871244635194
0 0.43670886075949367 0.11587982832618025 0.10701956271576525 0.11158798283261803
0 0.5627157652474108 0.10085836909871244 0.15880322209436135 0.07939914163090128
0 0.7174913693901036 0.11158798283261803 0.15074798619102417 0.11802575107296137
0 0.5362485615650172 0.23819742489270387 0.2508630609896433 0.1223175965665236
0 0.7980437284234753 0.2580472103004292 0.27963176064441886 0.12339055793991416
0 0.6104718066743383 0.822961373390558 0.2520138089758343 0.11587982832618025
