0 0.13866120218579234 0.10765239948119326 0.19808743169398907 0.14785992217898833
0 0.34494535519125685 0.11284046692607004 0.19262295081967212 0.16601815823605706
0 0.6782786885245902 0.09727626459143969 0.4412568306010929 0.1867704280155642
0 0.13456284153005466 0.3411154345006485 0.21448087431693988 0.21530479896238652
0 0.10997267759562841 0.562905317769131 0.1871584699453552 0.1893644617380026
0 0.35860655737704916 0.5706874189364461 0.3401639344262295 0.2438391699092088
0 0.6782786885245902 0.5337224383916991 0.3073770491803279 0.2243839169909209
0 0.5150273224043715 0.7691309987029832 0.16120218579234974 0.2127107652399481
0 0.6885245901639344 0.7911802853437094 0.18579234972677597 0.21011673151750973
0 0.383879781420765 0.321011673151751 0.24863387978142076 0.22178988326848248
0 0.5956284153005464 0.29442282749675747 0.23224043715846995 0.19714656290531776
0 0.8736338797814208 0.2821011673151751 0.2390710382513661 0.19584954604409857
0 0.8715846994535519 0.7658884565499352 0.17486338797814208 0.2191958495460441
0 0.8913934426229508 0.5395590142671854 0.12431693989071038 0.191958495460441
