0 0.15332326283987915 0.1569767441860465 0.20694864048338368 0.19767441860465115
0 0.37084592145015105 0.13824289405684753 0.19486404833836857 0.17829457364341086
0 0.6533232628398792 0.29328165374677 0.1797583081570997 0.16020671834625322
0 0.14501510574018128 0.46834625322997414 0.17522658610271905 0.15891472868217055
0 0.34365558912386707 0.4412144702842377 0.22205438066465258 0.2157622739018088
0 0.6759818731117825 0.6124031007751938 0.14652567975830816 0.14987080103359174
0 0.1555891238670695 0.7467700258397932 0.19939577039274925 0.19121447028423771
0 0.479607250755287 0.7545219638242894 0.4335347432024169 0.16795865633074936
0 0.8496978851963746 0.2868217054263566 0.20090634441087613 0.17054263565891473
0 0.8761329305135952 0.599483204134367 0.21450151057401812 0.16279069767441862
0 0.5966767371601208 0.13501291989664083 0.23564954682779457 0.17700258397932817
0 0.5944108761329305 0.45478036175710596 0.270392749244713 0.16279069767441862
0 0.8134441087613293 0.44573643410852715 0.1646525679758308 0.1343669250645995
0 0.7787009063444109 0.11692506459948321 0.13444108761329304 0.17183462532299743
0 0.9086102719033232 0.1124031007751938 0.12537764350453173 0.1731266149870801
0 0.9410876132930514 0.45155038759689925 0.09063444108761329 0.13824289405684753
0 0.8481873111782477 0.8953488372093024 0.2945619335347432 0.11886304909560723
0 0.44637462235649544 0.9069767441860465 0.12537764350453173 0.12919896640826872
0 0.6027190332326284 0.898578811369509 0.1933534743202417 0.1330749354005168
0 0.8376132930513596 0.7635658914728682 0.27341389728096677 0.14987080103359174
0 0.21299093655589124 0.900516795865633 0.3504531722054381 0.1343669250645995
