0 0.16474291710388247 0.2598533455545371 0.15949632738719832 0.11640696608615948
0 0.1521511017838405 0.38817598533455544 0.1888772298006296 0.13290559120073328
0 0.16789087093389296 0.6021998166819432 0.1783840503672613 0.09165902841429881
0 0.5886673662119623 0.8579285059578369 0.19727177334732424 0.10999083409715857
0 0.583420776495278 0.12648945921173235 0.11962224554039874 0.13932172318973418
0 0.7481636935991606 0.8652612282309807 0.1259181532004197 0.152153987167736
0 0.1967471143756558 0.7538955087076077 0.22350472193074503 0.14390467461044912
0 0.657922350472193 0.7213565536205316 0.1993704092339979 0.14298808432630614
0 0.42759706190975866 0.7415215398716773 0.21511017838405036 0.14298808432630614
0 0.16002098635886675 0.11503208065994501 0.13746065057712487 0.12373968835930339
0 0.37670514165792235 0.38038496791934007 0.23294858342077648 0.14848762603116408
0 0.6038824763903463 0.3519706691109074 0.18992654774396642 0.10815765352887259
0 0.4213011542497377 0.2538955087076077 0.28226652675760755 0.1154903758020165
0 0.8153200419727177 0.576993583868011 0.2161594963273872 0.12373968835930339
0 0.9055613850996852 0.8588450962419798 0.1322140608604407 0.14298808432630614
0 0.7775445960125918 0.3304307974335472 0.16998950682056663 0.12007332722273144
0 0.6967471143756558 0.46379468377635197 0.3315844700944386 0.1466544454628781
0 0.9286463798530955 0.44362969752520626 0.12801678908709338 0.13565536205316223
0 0.8677859391395593 0.7002749770852429 0.20356768100734524 0.16315307057745188
0 0.3740818467995803 0.8574702108157654 0.12067156348373557 0.07791017415215398
0 0.40766002098635884 0.10999083409715857 0.22350472193074503 0.15582034830430797
