0 0.19731404958677687 0.4651462994836489 0.2190082644628099 0.10757314974182444
0 0.5180785123966942 0.5443201376936316 0.3109504132231405 0.0972461273666093
0 0.1621900826446281 0.3433734939759036 0.15289256198347106 0.12564543889845095
0 0.17458677685950413 0.7788296041308089 0.19008264462809918 0.1342512908777969
0 0.46642561983471076 0.4388984509466437 0.24070247933884298 0.11703958691910499
0 0.48088842975206614 0.6445783132530121 0.27789256198347106 0.10671256454388985
0 0.7086776859504132 0.6385542168674698 0.15289256198347106 0.10154905335628227
0 0.8264462809917356 0.6239242685025818 0.10743801652892562 0.12392426850258176
0 0.6198347107438017 0.8924268502581756 0.1446280991735537 0.0963855421686747
0 0.23450413223140495 0.6557659208261618 0.1487603305785124 0.11187607573149742
0 0.1652892561983471 0.5576592082616179 0.18801652892561985 0.09122203098106713
0 0.6875 0.43029259896729777 0.20557851239669422 0.10499139414802065
0 0.8605371900826446 0.3997418244406196 0.14256198347107438 0.09896729776247848
0 0.7210743801652892 0.5296901893287436 0.10537190082644628 0.10068846815834767
0 0.8646694214876033 0.5124784853700516 0.12190082644628099 0.11273666092943202
0 0.37241735537190085 0.3399311531841652 0.23243801652892562 0.11359724612736662
0 0.556301652892562 0.32831325301204817 0.17045454545454544 0.11790017211703958
0 0.7195247933884298 0.3244406196213425 0.1621900826446281 0.11876075731497418
0 0.32644628099173556 0.8777969018932874 0.1115702479338843 0.10154905335628227
0 0.46332644628099173 0.8889845094664371 0.1621900826446281 0.11359724612736662
0 0.5919421487603306 0.22375215146299485 0.16735537190082644 0.0963855421686747
0 0.8006198347107438 0.2099827882960413 0.22520661157024793 0.11015490533562823
0 0.3543388429752066 0.7452667814113597 0.19834710743801653 0.10499139414802065
0 0.5284090909090909 0.7401032702237521 0.17045454545454544 0.09466437177280551
0 0.6807851239669421 0.7332185886402753 0.13429752066115702 0.0981067125645439
0 0.8254132231404959 0.7177280550774526 0.16735537190082644 0.09466437177280551
0 0.13016528925619836 0.8889845094664371 0.11776859504132231 0.08950086058519793
0 0.8088842975206612 0.887263339070568 0.24586776859504134 0.10327022375215146
0 0.862603305785124 0.3089500860585198 0.14669421487603307 0.10843373493975904
0 0.9483471074380165 0.2082616179001721 0.07851239669421488 0.12048192771084337
0 0.9462809917355371 0.7022375215146299 0.07851239669421488 0.10499139414802065
0 0.5971074380165289 0.10327022375215146 0.17355371900826447 0.12048192771084337
0 0.7954545454545454 0.10154905335628227 0.2231404958677686 0.11703958691910499
0 0.9411157024793388 0.09896729776247848 0.06818181818181818 0.10499139414802065
0 0.12603305785123967 0.6600688468158348 0.08884297520661157 0.09294320137693632
0 0.9214876033057852 0.6062822719449226 0.09917355371900827 0.09896729776247848
0 0.9808884297520661 0.5929432013769363 0.042355371900826444 0.10327022375215146
