0 0.1761501210653753 0.6367041198501873 0.22639225181598063 0.17790262172284643
0 0.13256658595641646 0.4541198501872659 0.18038740920096852 0.149812734082397
0 0.31658595641646486 0.44709737827715357 0.22639225181598063 0.13951310861423222
0 0.5284503631961259 0.4438202247191011 0.19975786924939468 0.13295880149812733
0 0.7602905569007264 0.43773408239700373 0.2639225181598063 0.13764044943820225
0 0.9328087167070218 0.42602996254681647 0.1053268765133172 0.13295880149812733
0 0.41767554479418884 0.6409176029962547 0.25181598062953997 0.18632958801498128
0 0.6398305084745762 0.6573033707865169 0.2046004842615012 0.12921348314606743
0 0.8638014527845036 0.6685393258426966 0.24818401937046006 0.1348314606741573
0 0.1797820823244552 0.8010299625468165 0.23849878934624696 0.16198501872659177
0 0.3855932203389831 0.8113295880149812 0.18280871670702178 0.15823970037453183
0 0.5405569007263923 0.8089887640449438 0.18523002421307505 0.1404494382022472
0 0.7481840193704601 0.8038389513108615 0.23002421307506055 0.14325842696629212
0 0.8746973365617433 0.5538389513108615 0.18038740920096852 0.1151685393258427
0 0.6543583535108959 0.549625468164794 0.20217917675544794 0.0898876404494382
0 0.5484261501210653 0.9030898876404494 0.22276029055690072 0.08895131086142322
