0 0.13806380638063806 0.1586483390607102 0.15071507150715072 0.16380297823596793
0 0.29592959295929594 0.1466208476517755 0.14301430143014301 0.17411225658648338
0 0.49174917491749176 0.13917525773195877 0.18041804180418042 0.1729667812142039
0 0.8371837183718371 0.1586483390607102 0.1562156215621562 0.19129438717067582
0 0.6683168316831684 0.1517754868270332 0.17491749174917492 0.18442153493699887
0 0.11716171617161716 0.6735395189003437 0.1397139713971397 0.18327605956471935
0 0.3712871287128713 0.6683848797250859 0.37293729372937295 0.1729667812142039
0 0.6463146314631463 0.6827033218785796 0.19031903190319033 0.15349369988545247
0 0.8063806380638063 0.3384879725085911 0.37623762376237624 0.1775486827033219
0 0.15951595159515952 0.48739977090492553 0.23322332233223322 0.19358533791523483
0 0.34543454345434543 0.4936998854524628 0.16501650165016502 0.18098510882016036
0 0.6028602860286029 0.5097365406643757 0.33223322332233224 0.1718213058419244
0 0.5902090209020903 0.8648339060710195 0.39713971397139713 0.15120274914089346
0 0.8360836083608361 0.6912943871706758 0.2068206820682068 0.18442153493699887
0 0.11386138613861387 0.3207331042382589 0.1485148514851485 0.1466208476517755
0 0.29372937293729373 0.3201603665521191 0.1936193619361936 0.1729667812142039
0 0.49284928492849284 0.3270332187857961 0.20902090209020902 0.1958762886597938
0 0.9708470847084708 0.7067583046964491 0.06490649064906491 0.2016036655211913
0 0.852035203520352 0.5166093928980527 0.17491749174917492 0.16953035509736541
