0 0.144793152639087 0.14518147684605756 0.18972895863052783 0.15769712140175218
0 0.3516405135520685 0.14831038798498122 0.19258202567760344 0.1639549436795995
0 0.12981455064194009 0.32290362953692114 0.19971469329529243 0.15519399249061328
0 0.33951497860199714 0.3097622027534418 0.2225392296718973 0.15143929912390489
0 0.7931526390870185 0.2878598247809762 0.2738944365192582 0.15018773466833543
0 0.5520684736091298 0.3016270337922403 0.20827389443651925 0.16020025031289112
0 0.4543509272467903 0.6057571964956195 0.15263908701854492 0.14267834793491865
0 0.7582025677603423 0.5994993742177722 0.42653352353780316 0.15519399249061328
0 0.8195435092724679 0.4530663329161452 0.23252496433666192 0.16520650813516896
0 0.5748930099857347 0.13704630788485608 0.23680456490727533 0.15143929912390489
0 0.8416547788873039 0.14831038798498122 0.3024251069900143 0.13892365456821026
0 0.28815977175463625 0.46307884856070086 0.3680456490727532 0.15269086357947434
0 0.5841654778887304 0.45619524405506884 0.23252496433666192 0.14893617021276595
