0 0.19508670520231214 0.09859154929577464 0.30346820809248554 0.15620998719590268
0 0.8554913294797688 0.06722151088348272 0.15606936416184972 0.12163892445582586
0 0.1972543352601156 0.6549295774647887 0.29624277456647397 0.13444302176696543
0 0.18352601156069365 0.795134443021767 0.21965317919075145 0.15108834827144688
0 0.37716763005780346 0.7778489116517285 0.1676300578034682 0.11907810499359796
0 0.5888728323699421 0.7772087067861716 0.25578034682080925 0.15108834827144688
0 0.805635838150289 0.7439180537772087 0.13728323699421965 0.15108834827144688
0 0.569364161849711 0.49359795134443024 0.12138728323699421 0.147247119078105
0 0.7044797687861272 0.49551856594110116 0.157514450867052 0.14852752880921896
0 0.9421965317919075 0.7451984635083226 0.07514450867052024 0.14340588988476313
0 0.11271676300578035 0.5211267605633803 0.16184971098265896 0.16645326504481434
0 0.3504335260115607 0.5115236875800256 0.31358381502890176 0.16517285531370038
0 0.8742774566473989 0.4788732394366197 0.19653179190751446 0.1587708066581306
0 0.4963872832369942 0.6485275288092189 0.25 0.147247119078105
0 0.7413294797687862 0.6325224071702945 0.2543352601156069 0.14852752880921896
0 0.9284682080924855 0.6126760563380281 0.1315028901734104 0.13956466069142126
