0 0.826645264847512 0.08011049723756906 0.16693418940609953 0.13535911602209943
0 0.2158908507223114 0.619475138121547 0.31942215088282505 0.1643646408839779
0 0.5264847512038523 0.611878453038674 0.2985553772070626 0.20165745856353592
0 0.42134831460674155 0.8970994475138122 0.23274478330658105 0.14502762430939226
0 0.6540930979133226 0.8998618784530387 0.2231139646869984 0.1643646408839779
0 0.16051364365971107 0.457182320441989 0.18298555377207062 0.16022099447513813
0 0.8467094703049759 0.8770718232044199 0.16853932584269662 0.1574585635359116
0 0.15730337078651685 0.7935082872928176 0.2247191011235955 0.16988950276243095
0 0.36757624398073835 0.768646408839779 0.21508828250401285 0.13397790055248618
0 0.6276083467094703 0.7624309392265194 0.30497592295345105 0.1408839779005525
0 0.406099518459069 0.4447513812154696 0.31781701444622795 0.19337016574585636
0 0.7110754414125201 0.42886740331491713 0.27929373996789725 0.1671270718232044
0 0.7857142857142857 0.6091160220994475 0.23274478330658105 0.16574585635359115
0 0.9237560192616372 0.43715469613259667 0.15248796147672553 0.15883977900552487
0 0.20224719101123595 0.07941988950276244 0.27608346709470305 0.12292817679558012
