0 0.11316211878009631 0.4909596662030598 0.17495987158908508 0.17524339360222532
0 0.29213483146067415 0.48331015299026425 0.1637239165329053 0.1905424200278164
0 0.09951845906902086 0.6606397774687065 0.17335473515248795 0.1474269819193324
0 0.6998394863563403 0.8115438108484005 0.2086677367576244 0.17385257301808066
0 0.36035313001605135 0.6536856745479833 0.33226324237560195 0.16968011126564672
0 0.2102728731942215 0.844923504867872 0.2247191011235955 0.18776077885952713
0 0.45746388443017655 0.8379694019471489 0.2696629213483146 0.20166898470097358
0 0.8747993579454254 0.7906815020862309 0.16693418940609953 0.21001390820584145
0 0.4582664526484751 0.4847009735744089 0.18138041733547353 0.17385257301808066
0 0.7279293739967897 0.6411682892906815 0.406099518459069 0.1780250347705146
