0 0.1808199121522694 0.1977363515312916 0.23572474377745242 0.1904127829560586
0 0.15373352855051245 0.43541944074567246 0.19326500732064422 0.20239680426098536
0 0.445095168374817 0.43075898801597867 0.23718887262079064 0.22237017310252996
0 0.48462664714494874 0.17177097203728361 0.2781844802342606 0.18375499334221038
0 0.8118594436310396 0.1617842876165113 0.3001464128843338 0.20639147802929428
0 0.6815519765739385 0.41611185086551267 0.23865300146412885 0.23302263648468707
0 0.8865300146412884 0.4047936085219707 0.16544655929721816 0.17576564580559254
0 0.12225475841874085 0.655792276964048 0.1800878477306003 0.19840213049267644
0 0.3484626647144949 0.6205059920106525 0.27232796486090777 0.170439414114514
0 0.5915080527086384 0.6451398135818908 0.19326500732064422 0.17709720372836218
0 0.8484626647144948 0.6018641810918774 0.30307467057101023 0.1970705725699068
