0 0.12 0.11402508551881414 0.0702439024390244 0.09578107183580388
0 0.39414634146341465 0.07696693272519954 0.1521951219512195 0.11288483466362599
0 0.5634146341463414 0.07240592930444698 0.18048780487804877 0.11288483466362599
0 0.09121951219512195 0.45381984036488027 0.16097560975609757 0.11630558722919042
0 0.25853658536585367 0.427594070695553 0.0975609756097561 0.09578107183580388
0 0.5970731707317073 0.61345496009122 0.1521951219512195 0.11630558722919042
0 0.7648780487804878 0.7029646522234891 0.07414634146341463 0.12200684150513112
0 0.6463414634146342 0.7143671607753705 0.1278048780487805 0.09920182440136831
0 0.13853658536585367 0.8375142531356898 0.08195121951219513 0.09920182440136831
0 0.2897560975609756 0.8340935005701254 0.18146341463414634 0.10832383124287344
0 0.44878048780487806 0.8363740022805017 0.09170731707317073 0.12200684150513112
0 0.6380487804878049 0.9481185860889396 0.09951219512195122 0.09920182440136831
0 0.5048780487804878 0.9464082098061574 0.1024390243902439 0.09578107183580388
0 0.10390243902439024 0.556442417331813 0.12 0.12314709236031927
0 0.23512195121951218 0.5416191562143672 0.10146341463414635 0.12314709236031927
0 0.33658536585365856 0.5245153933865451 0.11707317073170732 0.12542759407069556
0 0.48829268292682926 0.4960091220068415 0.17658536585365853 0.11402508551881414
0 0.4575609756097561 0.6231470923603193 0.12682926829268293 0.12884834663625996
0 0.304390243902439 0.6385404789053591 0.1795121951219512 0.10490307867730901
0 0.1302439024390244 0.6562143671607754 0.15121951219512195 0.09692132269099202
0 0.3473170731707317 0.7360319270239453 0.08 0.09692132269099202
0 0.35365853658536583 0.9452679589509693 0.15121951219512195 0.08209806157354618
0 0.16731707317073172 0.7480045610034207 0.18829268292682927 0.10034207525655645
0 0.7731707317073171 0.5912200684150513 0.19219512195121952 0.11516533637400228
0 0.9292682926829269 0.5917901938426454 0.1375609756097561 0.14823261117445838
0 0.8380487804878048 0.44640820980615736 0.11121951219512195 0.15393386545039908
0 0.7346341463414634 0.45553021664766247 0.11707317073170732 0.11288483466362599
0 0.5302439024390244 0.38540478905359177 0.16097560975609757 0.11174458380843785
0 0.6760975609756098 0.37400228050171036 0.1151219512195122 0.12542759407069556
0 0.09902439024390244 0.3403648802736602 0.1375609756097561 0.11060433295324971
0 0.22975609756097562 0.08836944127708096 0.14536585365853658 0.10604332953249715
0 0.1 0.2291904218928164 0.10439024390243902 0.11402508551881414
0 0.2048780487804878 0.2234891676168757 0.1326829268292683 0.12770809578107184
0 0.35121951219512193 0.21094640820980615 0.18146341463414634 0.12770809578107184
0 0.4926829268292683 0.18985176738882553 0.1326829268292683 0.11516533637400228
0 0.6331707317073171 0.17616875712656785 0.15414634146341463 0.09920182440136831
0 0.7804878048780488 0.17958950969213228 0.15024390243902438 0.09920182440136831
0 0.39121951219512197 0.4013683010262258 0.12682926829268293 0.11858608893956671
0 0.4790243902439024 0.7269099201824402 0.19121951219512195 0.10376282782212087
0 0.5653658536585365 0.8397947548460661 0.1473170731707317 0.1265678449258837
0 0.7136585365853658 0.8204104903078677 0.14341463414634145 0.10604332953249715
0 0.8595121951219512 0.7976054732041049 0.13658536585365855 0.12428734321550741
0 0.7341463414634146 0.2685290763968073 0.1375609756097561 0.08551881413911061
0 0.853170731707317 0.274230330672748 0.11414634146341464 0.10376282782212087
0 0.6053658536585366 0.2759407069555302 0.12195121951219512 0.10034207525655645
0 0.2892682926829268 0.330672748004561 0.23902439024390243 0.10718358038768529
0 0.4629268292682927 0.2856328392246294 0.11414634146341464 0.10604332953249715
0 0.1848780487804878 0.9241733181299886 0.13951219512195123 0.09236031927023945
0 0.7195121951219512 0.07354618015963511 0.1278048780487805 0.10148232611174458
0 0.8463414634146341 0.08608893956670467 0.08682926829268292 0.09920182440136831
