0 0.8527131782945736 0.43101659751037347 0.10271317829457365 0.11514522821576763
0 0.5421511627906976 0.4139004149377593 0.18895348837209303 0.14315352697095435
0 0.3391472868217054 0.4279045643153527 0.22286821705426357 0.11307053941908714
0 0.0998062015503876 0.549792531120332 0.12403100775193798 0.11618257261410789
0 0.21220930232558138 0.5471991701244814 0.11434108527131782 0.11929460580912864
0 0.30329457364341084 0.5378630705394191 0.09689922480620156 0.10684647302904564
0 0.08236434108527131 0.4341286307053942 0.1124031007751938 0.11721991701244813
0 0.40455426356589147 0.5373443983402489 0.11337209302325581 0.10995850622406639
0 0.5082364341085271 0.5228215767634855 0.11724806201550388 0.0912863070539419
0 0.6419573643410853 0.5306016597510373 0.15988372093023256 0.12344398340248963
0 0.7669573643410853 0.516597510373444 0.11918604651162791 0.1037344398340249
0 0.12790697674418605 0.6721991701244814 0.17248062015503876 0.12033195020746888
0 0.28294573643410853 0.6633817427385892 0.15310077519379844 0.10684647302904564
0 0.40261627906976744 0.6504149377593361 0.10949612403100775 0.10580912863070539
0 0.6700581395348837 0.6358921161825726 0.12887596899224807 0.10995850622406639
0 0.7829457364341085 0.6307053941908713 0.09689922480620156 0.0995850622406639
0 0.3803294573643411 0.7520746887966805 0.0939922480620155 0.14315352697095435
0 0.4752906976744186 0.7370331950207469 0.0998062015503876 0.10684647302904564
0 0.7882751937984496 0.720954356846473 0.10174418604651163 0.12240663900414937
0 0.5218023255813954 0.6301867219917012 0.07848837209302326 0.06742738589211618
0 0.5343992248062015 0.6400414937759336 0.14631782945736435 0.1037344398340249
0 0.5755813953488372 0.7411825726141079 0.10465116279069768 0.09854771784232365
0 0.684593023255814 0.7380705394190872 0.12112403100775193 0.10892116182572614
0 0.8953488372093024 0.7199170124481328 0.11434108527131782 0.08506224066390042
0 0.34544573643410853 0.9009336099585062 0.1560077519379845 0.1338174273858921
0 0.49224806201550386 0.8838174273858921 0.1434108527131783 0.16390041493775934
0 0.6366279069767442 0.8755186721991701 0.15310077519379844 0.16182572614107885
0 0.7577519379844961 0.8661825726141079 0.10271317829457365 0.15352697095435686
0 0.8798449612403101 0.8547717842323651 0.1511627906976744 0.17012448132780084
0 0.8987403100775194 0.6255186721991701 0.13275193798449614 0.0995850622406639
0 0.20251937984496124 0.779045643153527 0.26744186046511625 0.14107883817427386
0 0.17102713178294573 0.8858921161825726 0.19864341085271317 0.1016597510373444
0 0.8895348837209303 0.5269709543568465 0.1375968992248062 0.0975103734439834
