0 0.09087269815852682 0.05067064083457526 0.12089671737389912 0.06557377049180328
0 0.2610088070456365 0.04272230501738698 0.22257806244995998 0.06458022851465474
0 0.06765412329863892 0.22478887232985595 0.13690952762209768 0.06607054148037754
0 0.053642914331465175 0.13537009438648784 0.1200960768614892 0.07004470938897168
0 0.16973578863090472 0.12568306010928962 0.1265012009607686 0.05961251862891207
0 0.08406725380304243 0.32389468455042225 0.14411529223378702 0.06756085444610035
0 0.0632506004803843 0.38648782911077995 0.11529223378702963 0.05663189269746647
0 0.34547638110488393 0.4446100347739692 0.14491593274619696 0.06060606060606061
0 0.600480384307446 0.37928464977645304 0.13610888710968774 0.060109289617486336
0 0.47758206565252204 0.37853949329359166 0.10968775020016013 0.06756085444610035
0 0.6253002401921537 0.4364133134624938 0.14571657325860687 0.05414803775459513
0 0.3122497998398719 0.5635866865375062 0.15372297838270615 0.05812220566318927
0 0.45396317053642915 0.5692995529061102 0.13290632506004804 0.04967709885742673
0 0.3799039231385108 0.6204669647292598 0.12409927942353884 0.04967709885742673
0 0.06765412329863892 0.704421261798311 0.10968775020016013 0.06756085444610035
0 0.2986389111289031 0.7034277198211625 0.10088070456365092 0.07054148037754596
0 0.5692554043234588 0.6897665176353701 0.12169735788630905 0.06706408345752608
0 0.6192954363490792 0.6239443616492797 0.1176941553242594 0.06855439642324888
0 0.544435548438751 0.5072031793343269 0.14731785428342675 0.07153502235469449
0 0.6769415532425941 0.5049677098857427 0.1176941553242594 0.07401887729756582
0 0.1509207365892714 0.6361152508693493 0.1321056845476381 0.07600596125186289
0 0.05284227381905524 0.6353700943864878 0.08486789431545236 0.07451564828614009
0 0.07726180944755805 0.9371584699453552 0.1257005604483587 0.06507699950322901
0 0.34547638110488393 0.9488325881768505 0.11289031224979984 0.05663189269746647
0 0.4495596477181745 0.946100347739692 0.08246597277822258 0.06209637357178341
0 0.20856685348278622 0.2208147044212618 0.16092874299439552 0.07501241927471436
0 0.3646917534027222 0.21212121212121213 0.100080064051241 0.051664182811723795
0 0.2530024019215372 0.31495280675608545 0.19855884707766214 0.06358668653750621
0 0.4535628502802242 0.040238450074515646 0.1801441152922338 0.07054148037754596
0 0.6501200960768615 0.04197714853452558 0.23058446757405926 0.08395429706905116
0 0.844675740592474 0.043964232488822655 0.15852682145716573 0.07302533532041729
0 0.4911929543634908 0.1107799304520616 0.10808646917534027 0.05067064083457526
0 0.6497197758206565 0.1092896174863388 0.20096076861489193 0.05265772478887233
0 0.8506805444355484 0.1122702434177844 0.20096076861489193 0.051664182811723795
0 0.2766212970376301 0.1587183308494784 0.14811849479583666 0.05514157973174367
0 0.4119295436349079 0.1587183308494784 0.12249799839871897 0.06507699950322901
0 0.18614891913530823 0.4446100347739692 0.1721377101681345 0.05961251862891207
0 0.5360288230584468 0.26428216592151016 0.16733386709367493 0.06259314456035768
0 0.6569255404323459 0.26626924987580725 0.07766212970376302 0.058618976651763535
0 0.5376301040832666 0.20789865871833085 0.20256204963971178 0.04818678589170392
0 0.6953562850280224 0.21087928464977646 0.11609287429943956 0.05414803775459513
0 0.8386709367493995 0.21435668156979631 0.1833466773418735 0.05911574764033781
0 0.36989591673338673 0.25732737208147044 0.13290632506004804 0.05663189269746647
0 0.9147317854283427 0.265772478887233 0.14011208967173738 0.05563835072031793
0 0.3907125700560448 0.38052657724788874 0.0656525220176141 0.061599602583209144
0 0.16413130504403523 0.38450074515648286 0.0944755804643715 0.06557377049180328
0 0.27502001601281023 0.38002980625931443 0.13370696557245795 0.06656731246895181
0 0.05844675740592474 0.4503229011425733 0.08646917534027222 0.06607054148037754
0 0.06925540432345877 0.5171385991058122 0.10168134507606084 0.061599602583209144
0 0.3971176941553243 0.5052160953800298 0.13290632506004804 0.06756085444610035
0 0.5016012810248198 0.6249379036264282 0.12409927942353884 0.061599602583209144
0 0.26621297037630104 0.6304023845007451 0.11289031224979984 0.07848981619473423
0 0.18414731785428343 0.7041728763040238 0.1313050440352282 0.06308991554893194
0 0.4311449159327462 0.6942374565325385 0.16253002401921537 0.06706408345752608
0 0.5968775020016013 0.942374565325385 0.1945556445156125 0.05365126676602087
0 0.7129703763010409 0.6872826626924987 0.1577261809447558 0.06308991554893194
0 0.8490792634107286 0.6808246398410333 0.12409927942353884 0.07004470938897168
0 0.8518815052041633 0.5591157476403378 0.08006405124099279 0.06607054148037754
0 0.932345876701361 0.555638350720318 0.08086469175340272 0.06110283159463487
0 0.7281825460368294 0.5620963735717834 0.1577261809447558 0.0561351217088922
0 0.5824659727782225 0.5660705414803775 0.12730184147317855 0.050173869846000994
0 0.7265812650120096 0.6224540486835569 0.100080064051241 0.058618976651763535
0 0.8142514011208967 0.6204669647292598 0.07526020816653323 0.058618976651763535
0 0.899519615692554 0.6194734227521113 0.10808646917534027 0.058618976651763535
0 0.42393915132105686 0.3204172876304024 0.1513210568454764 0.061599602583209144
0 0.6104883907125701 0.3176850471932439 0.21056845476381106 0.053154495777446596
0 0.7746196957566053 0.3194237456532539 0.10968775020016013 0.05663189269746647
0 0.899519615692554 0.3211624441132638 0.08726981585268215 0.0561351217088922
0 0.9707766212970377 0.31992051664182813 0.055244195356285025 0.058618976651763535
0 0.48238590872698156 0.44113263785394935 0.14491593274619696 0.061599602583209144
0 0.766613290632506 0.43616492796820666 0.13690952762209768 0.05563835072031793
0 0.8763010408326661 0.4341778440139096 0.09047237790232186 0.0546448087431694
0 0.9531625300240192 0.4334326875310482 0.07606084867894315 0.0561351217088922
0 0.8146517213771017 0.5009935419771485 0.16573258606885508 0.06905116741182316
0 0.3342674139311449 0.10904123199205167 0.20096076861489193 0.053154495777446596
0 0.5856685348278623 0.15697963238946847 0.23298638911128902 0.051664182811723795
0 0.756204963971177 0.16492796820665673 0.09527622097678143 0.05067064083457526
0 0.8686949559647719 0.16666666666666666 0.14091273018414732 0.057128663686040734
0 0.9715772618094476 0.16095380029806258 0.03763010408326661 0.06060606060606061
0 0.7117694155324259 0.38077496274217587 0.08486789431545236 0.06408345752608048
0 0.8046437149719776 0.3790362642821659 0.10408326661329063 0.06358668653750621
0 0.899119295436349 0.3790362642821659 0.08486789431545236 0.05365126676602087
0 0.15732586068855084 0.5007451564828614 0.0600480384307446 0.03278688524590164
0 0.22578062449959968 0.5109289617486339 0.21937550040032025 0.07203179334326876
0 0.19615692554043235 0.9351713859910581 0.06725380304243395 0.029309488325881768
0 0.2201761409127302 0.9475906607054148 0.15532425940752603 0.05812220566318927
0 0.8250600480384307 0.9284649776453056 0.2698158526821457 0.07352210630899156
