0 0.29307282415630553 0.0766798418972332 0.14209591474245115 0.08063241106719368
0 0.4342806394316163 0.08300395256916997 0.15097690941385436 0.09486166007905138
0 0.108348134991119 0.274703557312253 0.0852575488454707 0.10039525691699605
0 0.10257548845470693 0.36877470355731223 0.08969804618117229 0.08774703557312254
0 0.13987566607460036 0.5454545454545454 0.1660746003552398 0.10118577075098814
0 0.28197158081705154 0.5391304347826087 0.13232682060390763 0.08853754940711463
0 0.13943161634103018 0.6383399209486166 0.15808170515097691 0.0782608695652174
0 0.2571047957371226 0.6288537549407115 0.08259325044404973 0.08458498023715415
0 0.09813499111900532 0.7304347826086957 0.08081705150976909 0.08063241106719368
0 0.2202486678507993 0.7288537549407115 0.1669626998223801 0.0932806324110672
0 0.34769094138543516 0.7237154150197629 0.10213143872113677 0.09565217391304348
0 0.4698046181172291 0.724505928853755 0.11545293072824156 0.09407114624505929
0 0.12877442273534637 0.825296442687747 0.1438721136767318 0.08853754940711463
0 0.14120781527531084 0.45652173913043476 0.14742451154529307 0.07351778656126483
0 0.28152753108348133 0.25770750988142294 0.21314387211367672 0.08853754940711463
0 0.43072824156305506 0.26956521739130435 0.08348134991119005 0.0932806324110672
0 0.7193605683836589 0.35296442687747037 0.14031971580817051 0.09565217391304348
0 0.8561278863232682 0.3494071146245059 0.11367673179396093 0.10592885375494071
0 0.33348134991119005 0.36363636363636365 0.15541740674955595 0.10118577075098814
0 0.39031971580817054 0.5411067193675889 0.10746003552397869 0.1067193675889328
0 0.5319715808170515 0.5430830039525691 0.13321492007104796 0.10118577075098814
0 0.7042628774422736 0.5308300395256917 0.17939609236234458 0.09090909090909091
0 0.6198934280639432 0.44189723320158103 0.18294849023090587 0.09011857707509881
0 0.2602131438721137 0.8225296442687747 0.12788632326820604 0.09090909090909091
0 0.7113676731793961 0.8146245059288537 0.08703374777975133 0.10197628458498023
0 0.40452930728241565 0.6304347826086957 0.2246891651865009 0.09407114624505929
0 0.3046181172291297 0.4482213438735178 0.17761989342806395 0.08537549407114625
0 0.45603907637655416 0.4509881422924901 0.13943161634103018 0.07984189723320158
0 0.5297513321492007 0.3600790513833992 0.2477797513321492 0.09565217391304348
0 0.5643872113676732 0.08656126482213439 0.13587921847246892 0.09407114624505929
0 0.6842806394316163 0.09090909090909091 0.10923623445825932 0.09644268774703557
0 0.6780639431616341 0.17312252964426877 0.12877442273534637 0.10118577075098814
0 0.5928063943161634 0.6181818181818182 0.15541740674955595 0.08221343873517786
0 0.7384547069271759 0.5948616600790514 0.14298401420959148 0.08616600790513834
0 0.8503552397868561 0.8007905138339921 0.15186500888099466 0.13122529644268774
0 0.15541740674955595 0.07944664031620553 0.14031971580817051 0.07509881422924901
0 0.1261101243339254 0.16442687747035573 0.07815275310834814 0.08063241106719368
0 0.23401420959147423 0.15691699604743084 0.14653641207815277 0.08142292490118577
0 0.369449378330373 0.17351778656126482 0.14031971580817051 0.09565217391304348
0 0.5195381882770871 0.17035573122529643 0.17584369449378331 0.09407114624505929
0 0.8201598579040853 0.1707509881422925 0.15541740674955595 0.09802371541501977
0 0.9427175843694494 0.16956521739130434 0.09147424511545293 0.0766798418972332
0 0.7926287744227354 0.4426877470355731 0.16785079928952043 0.08379446640316206
0 0.9418294849023091 0.43399209486166007 0.11634103019538189 0.10434782608695652
0 0.8672291296625222 0.5972332015810277 0.08792184724689166 0.11146245059288537
0 0.9578152753108348 0.5822134387351778 0.08436944937833037 0.11620553359683794
0 0.5865896980461812 0.7177865612648221 0.130550621669627 0.0932806324110672
0 0.5390763765541741 0.266403162055336 0.14564831261101244 0.09011857707509881
0 0.6731793960923623 0.2675889328063241 0.1438721136767318 0.08616600790513834
0 0.8228241563055062 0.26205533596837943 0.16785079928952043 0.09249011857707509
0 0.9373889875666075 0.26047430830039525 0.07726465364120781 0.09565217391304348
0 0.13632326820603907 0.9114624505928853 0.16429840142095914 0.08379446640316206
0 0.2864120781527531 0.9130434782608695 0.17673179396092362 0.08379446640316206
0 0.424955595026643 0.9158102766798419 0.10390763765541741 0.0782608695652174
0 0.5528419182948491 0.9146245059288538 0.14120781527531084 0.08379446640316206
0 0.7242451154529307 0.7071146245059289 0.15186500888099466 0.1067193675889328
0 0.8623445825932504 0.6948616600790514 0.13321492007104796 0.091699604743083
0 0.9622557726465364 0.692094861660079 0.05595026642984014 0.09565217391304348
0 0.5706039076376554 0.8193675889328064 0.16785079928952043 0.10513833992094862
0 0.4071936056838366 0.8268774703557312 0.17317939609236235 0.10434782608695652
0 0.20426287744227353 0.36719367588932805 0.11545293072824156 0.09249011857707509
