0 0.7199675324675324 0.15739385065885797 0.3652597402597403 0.17715959004392387
0 0.3814935064935065 0.5395314787701317 0.3181818181818182 0.17423133235724744
0 0.125 0.3616398243045388 0.19155844155844157 0.19619326500732065
0 0.1599025974025974 0.16764275256222547 0.26136363636363635 0.18594436310395315
0 0.3425324675324675 0.36822840409956076 0.17857142857142858 0.16251830161054173
0 0.12256493506493507 0.5614934114202049 0.22564935064935066 0.2240117130307467
0 0.37905844155844154 0.8565153733528551 0.29383116883116883 0.1698389458272328
0 0.6136363636363636 0.5373352855051244 0.17207792207792208 0.21961932650073207
0 0.8579545454545454 0.33528550512445093 0.17045454545454544 0.18448023426061494
0 0.1185064935064935 0.8521229868228404 0.15584415584415584 0.19912152269399708
0 0.6525974025974026 0.8499267935578331 0.24675324675324675 0.1800878477306003
0 0.8782467532467533 0.8147877013177159 0.2077922077922078 0.18594436310395315
0 0.823051948051948 0.5029282576866764 0.2727272727272727 0.18594436310395315
0 0.8660714285714286 0.6566617862371888 0.25487012987012986 0.16544655929721816
