0 0.19696969696969696 0.10486322188449848 0.2996632996632997 0.182370820668693
0 0.10101010101010101 0.4331306990881459 0.17845117845117844 0.1884498480243161
0 0.3686868686868687 0.4156534954407295 0.3501683501683502 0.1838905775075988
0 0.6641414141414141 0.4034954407294833 0.24074074074074073 0.1778115501519757
0 0.8872053872053872 0.3768996960486322 0.21548821548821548 0.2006079027355623
0 0.1388888888888889 0.6056231003039514 0.2542087542087542 0.1595744680851064
0 0.4217171717171717 0.5987841945288754 0.3114478114478115 0.19148936170212766
0 0.7643097643097643 0.7348024316109423 0.1919191919191919 0.21732522796352582
0 0.7626262626262627 0.08206686930091185 0.2558922558922559 0.1519756838905775
0 0.5496632996632996 0.770516717325228 0.2542087542087542 0.19148936170212766
0 0.31565656565656564 0.7591185410334347 0.234006734006734 0.16869300911854104
0 0.10101010101010101 0.7644376899696048 0.20875420875420875 0.1762917933130699
0 0.7904040404040404 0.5554711246200608 0.4292929292929293 0.23556231003039513
0 0.9292929292929293 0.702887537993921 0.1447811447811448 0.19300911854103345
