0 0.16393442622950818 0.1125748502994012 0.16393442622950818 0.1437125748502994
0 0.7595628415300546 0.09161676646706587 0.3879781420765027 0.1568862275449102
0 0.17486338797814208 0.5023952095808383 0.18579234972677597 0.1497005988023952
0 0.4064207650273224 0.5041916167664671 0.26366120218579236 0.14850299401197606
0 0.6154371584699454 0.5017964071856288 0.15437158469945356 0.1437125748502994
0 0.8230874316939891 0.5047904191616767 0.2581967213114754 0.13053892215568863
0 0.2103825136612022 0.655688622754491 0.2677595628415301 0.1568862275449102
0 0.4275956284153005 0.6562874251497006 0.16666666666666666 0.14850299401197606
0 0.15027322404371585 0.8760479041916168 0.2103825136612022 0.12574850299401197
0 0.5867486338797814 0.6479041916167665 0.15437158469945356 0.1317365269461078
0 0.7254098360655737 0.7616766467065869 0.2978142076502732 0.1317365269461078
0 0.9064207650273224 0.7425149700598802 0.07513661202185792 0.11017964071856287
0 0.6468579234972678 0.874251497005988 0.23633879781420766 0.11497005988023952
0 0.8224043715846995 0.8640718562874251 0.13387978142076504 0.12335329341317365
0 0.39139344262295084 0.874251497005988 0.27459016393442626 0.12215568862275449
0 0.46174863387978143 0.9646706586826347 0.22404371584699453 0.0658682634730539
0 0.7418032786885246 0.9520958083832335 0.3224043715846995 0.07664670658682635
0 0.7295081967213115 0.6119760479041916 0.09836065573770492 0.081437125748503
0 0.8169398907103825 0.6269461077844312 0.30601092896174864 0.1281437125748503
