0 0.1410459587955626 0.13168449197860962 0.20602218700475436 0.1537433155080214
0 0.15055467511885895 0.28609625668449196 0.25039619651347067 0.15240641711229946
0 0.15689381933438987 0.4405080213903743 0.23771790808240886 0.1590909090909091
0 0.10538827258320127 0.5882352941176471 0.16323296354992076 0.12299465240641712
0 0.11172741679873217 0.7212566844919787 0.18541996830427893 0.14037433155080214
0 0.0768621236133122 0.8703208556149733 0.14421553090332806 0.14705882352941177
0 0.26148969889064977 0.8656417112299465 0.23137876386687797 0.14304812834224598
0 0.4508716323296355 0.8663101604278075 0.1600633914421553 0.15240641711229946
0 0.436608557844691 0.12299465240641712 0.2329635499207607 0.17379679144385027
0 0.8312202852614897 0.10628342245989304 0.18225039619651348 0.13502673796791445
0 0.8375594294770206 0.25467914438502676 0.19809825673534073 0.14572192513368984
0 0.783676703645008 0.4070855614973262 0.36608557844690964 0.17780748663101603
0 0.4247226624405705 0.7105614973262032 0.25673534072900156 0.14037433155080214
0 0.6743264659270999 0.8469251336898396 0.27099841521394613 0.18850267379679145
0 0.873217115689382 0.6590909090909091 0.19334389857369255 0.15508021390374332
0 0.4928684627575277 0.5728609625668449 0.2979397781299525 0.1323529411764706
0 0.820919175911252 0.5461229946524064 0.23137876386687797 0.13502673796791445
0 0.8874801901743264 0.8221925133689839 0.18066561014263074 0.19518716577540107
