0 0.7495881383855024 0.09897360703812316 0.32948929159802304 0.12756598240469208
0 0.08731466227347612 0.11730205278592376 0.14827018121911037 0.16715542521994134
0 0.5016474464579901 0.3812316715542522 0.16639209225700163 0.1495601173020528
0 0.3756177924217463 0.5432551319648093 0.29654036243822074 0.19794721407624633
0 0.11037891268533773 0.41275659824046923 0.21746293245469522 0.1744868035190616
0 0.8023064250411862 0.23533724340175954 0.33607907742998355 0.1656891495601173
0 0.08237232289950576 0.26466275659824046 0.128500823723229 0.12463343108504399
0 0.8920922570016474 0.3563049853372434 0.21911037891268534 0.14076246334310852
0 0.6367380560131796 0.5285923753665689 0.18945634266886327 0.18035190615835778
0 0.8542009884678748 0.5080645161290323 0.2652388797364086 0.16862170087976538
0 0.1301482701812191 0.5586510263929618 0.20098846787479407 0.187683284457478
0 0.2528830313014827 0.782991202346041 0.37397034596375617 0.20527859237536658
0 0.5757825370675453 0.7543988269794721 0.28500823723228996 0.18328445747800587
0 0.8542009884678748 0.7375366568914956 0.2883031301482702 0.15835777126099707
0 0.6968698517298187 0.8841642228739003 0.2602965403624382 0.14076246334310852
0 0.9019769357495881 0.8702346041055719 0.1400329489291598 0.14516129032258066
0 0.10626029654036244 0.12096774193548387 0.09390444810543658 0.14516129032258066
0 0.09472817133443164 0.25806451612903225 0.09060955518945635 0.093841642228739
0 0.44233937397034595 0.38049853372434017 0.1070840197693575 0.13343108504398826
0 0.5321252059308073 0.36363636363636365 0.1186161449752883 0.16129032258064516
0 0.06260296540362438 0.4186217008797654 0.07907742998352553 0.11290322580645161
0 0.16639209225700163 0.42595307917888564 0.128500823723229 0.10410557184750734
0 0.6252059308072487 0.09970674486803519 0.02800658978583196 0.07038123167155426
0 0.6532125205930808 0.10263929618768329 0.02471169686985173 0.05278592375366569
0 0.7355848434925865 0.09017595307917889 0.03130148270181219 0.0747800586510264
0 0.886326194398682 0.09530791788856305 0.0757825370675453 0.10850439882697947
0 0.729818780889621 0.06378299120234604 0.21087314662273476 0.039589442815249266
0 0.7586490939044481 0.08357771260997067 0.1828665568369028 0.02932551319648094
0 0.7553542009884678 0.10777126099706745 0.17957166392092258 0.030791788856304986
0 0.7339373970345964 0.1436950146627566 0.23887973640856672 0.03812316715542522
0 0.7372322899505767 0.2316715542521994 0.057660626029654036 0.12316715542521994
0 0.913509060955519 0.16862170087976538 0.060955518945634266 0.10850439882697947
0 0.8500823723228995 0.21994134897360704 0.06919275123558484 0.08504398826979472
0 0.771004942339374 0.23533724340175954 0.24052718286655683 0.06598240469208211
0 0.899505766062603 0.3790322580645161 0.13179571663920922 0.08064516129032258
0 0.8410214168039539 0.35997067448680353 0.08072487644151564 0.06598240469208211
0 0.8682042833607908 0.34237536656891493 0.08237232289950576 0.0689149560117302
0 0.8986820428336079 0.31085043988269795 0.10378912685337727 0.08797653958944282
0 0.1771004942339374 0.5835777126099707 0.09719934102141681 0.11436950146627566
0 0.0815485996705107 0.5190615835777126 0.07413509060955518 0.09090909090909091
0 0.10049423393739704 0.5997067448680352 0.128500823723229 0.12903225806451613
0 0.11202635914332784 0.5821114369501467 0.05930807248764415 0.020527859237536656
0 0.12108731466227347 0.5564516129032258 0.051070840197693576 0.01906158357771261
0 0.2907742998352554 0.5696480938416423 0.10049423393739704 0.060117302052785926
0 0.4052718286655684 0.5615835777126099 0.14497528830313014 0.07624633431085044
0 0.2990115321252059 0.49486803519061584 0.10378912685337727 0.07771260997067449
0 0.4060955518945634 0.4904692082111437 0.12026359143327842 0.054252199413489736
0 0.4917627677100494 0.5527859237536656 0.06754530477759473 0.18181818181818182
0 0.6169686985172982 0.46920821114369504 0.09390444810543658 0.06744868035190615
0 0.6919275123558485 0.530791788856305 0.06589785831960461 0.1906158357771261
0 0.6309719934102141 0.5557184750733137 0.17792421746293247 0.08797653958944282
0 0.6878088962108732 0.5029325513196481 0.1828665568369028 0.04398826979472141
0 0.8525535420098846 0.48826979472140764 0.03789126853377265 0.12903225806451613
0 0.9110378912685337 0.5351906158357771 0.08896210873146623 0.04105571847507331
0 0.9060955518945635 0.48167155425219943 0.08896210873146623 0.03372434017595308
0 0.9588138385502472 0.5029325513196481 0.036243822075782535 0.1495601173020528
0 0.7891268533772653 0.5505865102639296 0.128500823723229 0.0718475073313783
0 0.8088962108731467 0.5256598240469208 0.05930807248764415 0.01906158357771261
0 0.8212520593080724 0.4831378299120235 0.04118616144975288 0.021994134897360705
0 0.8154859967051071 0.500733137829912 0.04942339373970346 0.01906158357771261
0 0.7742998352553542 0.46480938416422285 0.023064250411861616 0.04985337243401759
0 0.9110378912685337 0.5901759530791789 0.1186161449752883 0.0689149560117302
0 0.9052718286655683 0.6495601173020528 0.1400329489291598 0.12316715542521994
0 0.8311367380560132 0.6026392961876833 0.07084019769357495 0.05865102639296188
0 0.9827018121911038 0.6004398826979472 0.02471169686985173 0.04252199413489736
0 0.3393739703459638 0.7881231671554252 0.19439868204283361 0.1187683284457478
0 0.33772652388797364 0.7302052785923754 0.19769357495881384 0.07917888563049853
0 0.12108731466227347 0.7419354838709677 0.07084019769357495 0.09090909090909091
0 0.11202635914332784 0.8027859237536656 0.042833607907743 0.04838709677419355
0 0.1342668863261944 0.843841642228739 0.057660626029654036 0.054252199413489736
0 0.1457990115321252 0.8027859237536656 0.03789126853377265 0.04838709677419355
0 0.17792421746293247 0.8071847507331378 0.042833607907743 0.054252199413489736
0 0.5172981878088962 0.751466275659824 0.032948929159802305 0.04838709677419355
0 0.457166392092257 0.7456011730205279 0.03459637561779242 0.051319648093841645
0 0.4769357495881384 0.7939882697947214 0.07413509060955518 0.060117302052785926
0 0.471993410214168 0.7089442815249267 0.07413509060955518 0.05718475073313783
0 0.5799011532125206 0.6979472140762464 0.16474464579901152 0.10557184750733138
0 0.5766062602965404 0.7778592375366569 0.1812191103789127 0.15689149560117302
0 0.6861614497528831 0.7463343108504399 0.08401976935749589 0.16715542521994134
0 0.7586490939044481 0.7397360703812317 0.08072487644151564 0.10117302052785923
0 0.799835255354201 0.6972140762463344 0.06754530477759473 0.08064516129032258
0 0.8212520593080724 0.7785923753665689 0.08401976935749589 0.12023460410557185
0 0.9258649093904449 0.7602639296187683 0.1416803953871499 0.06598240469208211
0 0.9382207578253706 0.7118768328445748 0.060955518945634266 0.039589442815249266
0 0.9785831960461285 0.7243401759530792 0.029654036243822075 0.06158357771260997
0 0.5906095551894563 0.8900293255131965 0.047775947281713346 0.07038123167155426
0 0.6375617792421746 0.8819648093841642 0.039538714991762765 0.05718475073313783
0 0.6952224052718287 0.8357771260997068 0.20098846787479407 0.05571847507331378
0 0.7257001647446458 0.8951612903225806 0.2586490939044481 0.10997067448680352
0 0.9530477759472817 0.8665689149560117 0.047775947281713346 0.12316715542521994
0 0.8879736408566722 0.9186217008797654 0.10873146622734761 0.036656891495601175
0 0.8986820428336079 0.8775659824046921 0.08731466227347612 0.030791788856304986
0 0.8953871499176277 0.8233137829912024 0.08072487644151564 0.060117302052785926
