0 0.5144429160935351 0.876993166287016 0.1843191196698762 0.13211845102505695
0 0.1203576341127923 0.8861047835990888 0.16368638239339753 0.1070615034168565
0 0.5729023383768913 0.3690205011389522 0.25722145804676755 0.12984054669703873
0 0.24621733149931224 0.6326879271070615 0.1265474552957359 0.13325740318906606
0 0.3184319119669876 0.505125284738041 0.2792297111416781 0.14236902050113895
0 0.5302613480055021 0.5034168564920274 0.16643741403026135 0.14123006833712984
0 0.7696011004126547 0.4874715261958998 0.312242090784044 0.1571753986332574
0 0.5337001375515819 0.23006833712984054 0.18982118294360384 0.1548974943052392
0 0.16643741403026135 0.23690205011389523 0.23658872077028886 0.1480637813211845
0 0.3658872077028886 0.239749430523918 0.15405777166437415 0.16059225512528474
0 0.09903713892709766 0.5125284738041003 0.15405777166437415 0.12984054669703873
0 0.10247592847317744 0.6429384965831435 0.1609353507565337 0.1378132118451025
0 0.81292984869326 0.8547835990888383 0.1733149931224209 0.15831435079726652
0 0.48830811554332876 0.10250569476082004 0.297111416781293 0.11389521640091116
0 0.13686382393397525 0.10478359908883828 0.16643741403026135 0.1070615034168565
0 0.6987620357634112 0.6355353075170843 0.17881705639614856 0.13895216400911162
0 0.8823933975240715 0.6059225512528473 0.14167812929848694 0.13211845102505695
0 0.468363136176066 0.6446469248291572 0.30398899587345257 0.13211845102505695
0 0.7235213204951857 0.09453302961275627 0.1815680880330124 0.11389521640091116
0 0.7565337001375516 0.219248291571754 0.2696011004126547 0.16059225512528474
0 0.0921595598349381 0.7779043280182233 0.13480055020632736 0.11845102505694761
0 0.3170563961485557 0.7727790432801822 0.3149931224209078 0.12186788154897495
0 0.5928473177441541 0.760250569476082 0.2668500687757909 0.11731207289293849
0 0.2592847317744154 0.1082004555808656 0.048143053645116916 0.06605922551252848
0 0.3046767537826685 0.10421412300683372 0.05639614855570839 0.09681093394077449
0 0.936726272352132 0.20501138952164008 0.10729023383768914 0.1275626423690205
