0 0.875 0.1133250311332503 0.19101123595505617 0.14196762141967623
0 0.2443820224719101 0.10149439601494396 0.36235955056179775 0.1432129514321295
0 0.13834269662921347 0.6687422166874222 0.2654494382022472 0.11457036114570361
0 0.7872191011235955 0.5330012453300125 0.3693820224719101 0.13947696139476962
0 0.32724719101123595 0.5330012453300125 0.2612359550561798 0.1643835616438356
0 0.10323033707865169 0.5379825653798257 0.20084269662921347 0.15940224159402241
0 0.39396067415730335 0.6892901618929016 0.2794943820224719 0.14819427148194272
0 0.6804775280898876 0.8349937733499377 0.1699438202247191 0.15317559153175592
0 0.8195224719101124 0.8343711083437111 0.1502808988764045 0.16936488169364883
0 0.5428370786516854 0.5280199252801993 0.1502808988764045 0.136986301369863
0 0.0898876404494382 0.8605230386052304 0.16573033707865167 0.17434620174346202
0 0.27879213483146065 0.8567870485678705 0.23174157303370788 0.1793275217932752
0 0.49929775280898875 0.8356164383561644 0.2205056179775281 0.1519302615193026
0 0.11306179775280899 0.2683686176836862 0.18398876404494383 0.1581569115815691
0 0.488061797752809 0.2602739726027397 0.5660112359550562 0.13449564134495642
0 0.8419943820224719 0.26899128268991285 0.14747191011235955 0.1320049813200498
