0 0.5754857997010463 0.14343163538873996 0.2750373692077728 0.16621983914209115
0 0.5044843049327354 0.3284182305630027 0.20179372197309417 0.1581769436997319
0 0.6995515695067265 0.8076407506702413 0.43647234678624813 0.23726541554959785
0 0.33707025411061287 0.5120643431635389 0.2825112107623318 0.17158176943699732
0 0.5687593423019432 0.49932975871313673 0.18385650224215247 0.1836461126005362
0 0.13901345291479822 0.15013404825737264 0.17937219730941703 0.16085790884718498
0 0.8490284005979073 0.3063002680965147 0.22720478325859492 0.17292225201072386
0 0.11733931240657698 0.5080428954423593 0.17488789237668162 0.17962466487935658
0 0.16591928251121077 0.824396782841823 0.28998505231689087 0.20107238605898123
0 0.7630792227204783 0.6353887399463807 0.3213751868460389 0.16890080428954424
0 0.7997010463378177 0.13941018766756033 0.17937219730941703 0.16890080428954424
0 0.1382660687593423 0.339142091152815 0.19282511210762332 0.1581769436997319
0 0.796711509715994 0.4859249329758713 0.28699551569506726 0.17292225201072386
