0 0.07329317269076305 0.5603233830845771 0.11244979919678715 0.13308457711442787
0 0.09889558232931726 0.679726368159204 0.12951807228915663 0.14054726368159204
0 0.36596385542168675 0.6822139303482587 0.1676706827309237 0.16293532338308458
0 0.2891566265060241 0.8407960199004975 0.13453815261044177 0.14427860696517414
0 0.4221887550200803 0.8606965174129353 0.09538152610441768 0.1318407960199005
0 0.5180722891566265 0.7002487562189055 0.13052208835341367 0.14427860696517414
0 0.20281124497991967 0.542910447761194 0.14859437751004015 0.12064676616915423
0 0.3288152610441767 0.5298507462686567 0.11746987951807229 0.12935323383084577
0 0.4292168674698795 0.5472636815920398 0.11144578313253012 0.11691542288557213
0 0.5627510040160643 0.5665422885572139 0.1495983935742972 0.1281094527363184
0 0.8343373493975904 0.40422885572139305 0.1646586345381526 0.12935323383084577
0 0.679718875502008 0.4017412935323383 0.13654618473895583 0.13681592039800994
0 0.5512048192771084 0.4098258706467662 0.11847389558232932 0.1480099502487562
0 0.4362449799196787 0.4085820895522388 0.11345381526104417 0.14303482587064675
