0 0.09280639431616342 0.1383399209486166 0.07371225577264653 0.08695652173913043
0 0.21714031971580816 0.13636363636363635 0.16429840142095914 0.09090909090909091
0 0.37699822380106573 0.13280632411067195 0.17317939609236235 0.09644268774703557
0 0.15097690941385436 0.8778656126482214 0.17406749555950266 0.0766798418972332
0 0.12877442273534637 0.7853754940711463 0.15808170515097691 0.09249011857707509
0 0.2855239786856128 0.6897233201581028 0.11101243339253997 0.10988142292490119
0 0.4413854351687389 0.6901185770750988 0.20071047957371227 0.11225296442687747
0 0.13143872113676733 0.6952569169960474 0.19005328596802842 0.108300395256917
0 0.7002664298401421 0.675494071146245 0.3117229129662522 0.13043478260869565
0 0.6989342806394316 0.5786561264822134 0.23623445825932504 0.07905138339920949
0 0.4715808170515098 0.5924901185770751 0.23090586145648312 0.08300395256916997
0 0.12655417406749556 0.5988142292490118 0.2069271758436945 0.11146245059288537
0 0.08792184724689166 0.48853754940711464 0.13321492007104796 0.11857707509881422
0 0.47824156305506216 0.49604743083003955 0.27087033747779754 0.06877470355731226
0 0.5848134991119005 0.1399209486166008 0.26376554174067496 0.09802371541501977
0 0.8259325044404974 0.07035573122529644 0.17939609236234458 0.09011857707509881
0 0.6825044404973357 0.06521739130434782 0.07904085257548846 0.08616600790513834
0 0.5239786856127886 0.05375494071146245 0.25754884547069273 0.091699604743083
0 0.3241563055062167 0.04466403162055336 0.1492007104795737 0.08616600790513834
0 0.6216696269982238 0.7806324110671937 0.1705150976909414 0.10039525691699605
0 0.44449378330373 0.7849802371541502 0.1802841918294849 0.08063241106719368
0 0.7784191829484902 0.8691699604743083 0.09680284191829484 0.1225296442687747
0 0.8947602131438721 0.8616600790513834 0.14298401420959148 0.12806324110671938
0 0.6412078152753108 0.8703557312252964 0.17406749555950266 0.11067193675889328
0 0.24911190053285967 0.4980237154150198 0.17850799289520428 0.10276679841897234
0 0.12744227353463589 0.30513833992094863 0.18206039076376554 0.1075098814229249
0 0.43072824156305506 0.3229249011857708 0.20781527531083482 0.1067193675889328
0 0.16163410301953818 0.05138339920948617 0.17584369449378331 0.09011857707509881
0 0.14209591474245115 0.21857707509881422 0.19182948490230906 0.09723320158102766
0 0.34547069271758435 0.22727272727272727 0.2113676731793961 0.09249011857707509
0 0.5994671403197158 0.22806324110671936 0.27353463587921845 0.10513833992094862
0 0.6323268206039077 0.3158102766798419 0.1989342806394316 0.10197628458498023
0 0.8086145648312612 0.29604743083003954 0.11811722912966252 0.10355731225296443
0 0.08703374777975133 0.38300395256916997 0.12433392539964476 0.10513833992094862
0 0.2411190053285968 0.39802371541501974 0.2069271758436945 0.10988142292490119
0 0.45603907637655416 0.4134387351778656 0.2531083481349911 0.10276679841897234
0 0.7095914742451155 0.40632411067193674 0.29307282415630553 0.11067193675889328
0 0.9253996447602132 0.38814229249011856 0.15097690941385436 0.09802371541501977
0 0.9507104795737122 0.4782608695652174 0.10035523978685613 0.11225296442687747
0 0.28463587921847244 0.7873517786561265 0.14298401420959148 0.09644268774703557
0 0.28996447602131437 0.5968379446640316 0.10923623445825932 0.08537549407114625
0 0.46625222024866786 0.8727272727272727 0.18650088809946713 0.10118577075098814
0 0.3117229129662522 0.866403162055336 0.14031971580817051 0.07114624505928854
0 0.2677619893428064 0.3173913043478261 0.11634103019538189 0.10513833992094862
