0 0.15151515151515152 0.14147286821705427 0.20303030303030303 0.17700258397932817
0 0.4265151515151515 0.5781653746770026 0.23484848484848486 0.1744186046511628
0 0.5151515151515151 0.2713178294573643 0.33636363636363636 0.11886304909560723
0 0.5075757575757576 0.12726098191214472 0.2878787878787879 0.14857881136950904
0 0.12954545454545455 0.5852713178294574 0.1984848484848485 0.1343669250645995
0 0.09621212121212121 0.770671834625323 0.16818181818181818 0.20801033591731266
0 0.13333333333333333 0.4334625322997416 0.22121212121212122 0.1640826873385013
0 0.3303030303030303 0.7448320413436692 0.296969696969697 0.1847545219638243
0 0.5340909090909091 0.7306201550387597 0.15606060606060607 0.16149870801033592
0 0.7424242424242424 0.8753229974160207 0.2787878787878788 0.14857881136950904
0 0.7924242424242425 0.5749354005167958 0.19696969696969696 0.1343669250645995
0 0.7833333333333333 0.1078811369509044 0.21212121212121213 0.1511627906976744
0 0.7886363636363637 0.2596899224806202 0.1984848484848485 0.15503875968992248
0 0.5174242424242425 0.41472868217054265 0.5772727272727273 0.1834625322997416
0 0.8681818181818182 0.4140826873385013 0.13636363636363635 0.1847545219638243
0 0.7712121212121212 0.7267441860465116 0.35454545454545455 0.1925064599483204
