0 0.2786885245901639 0.5501302083333334 0.28614008941877794 0.16015625
0 0.5327868852459017 0.5403645833333334 0.17734724292101342 0.171875
0 0.7757078986587184 0.5299479166666666 0.3114754098360656 0.16927083333333334
0 0.10655737704918032 0.10677083333333333 0.18032786885245902 0.14322916666666666
0 0.3137108792846498 0.09765625 0.2399403874813711 0.12760416666666666
0 0.5007451564828614 0.091796875 0.14903129657228018 0.13671875
0 0.16691505216095381 0.27734375 0.28614008941877794 0.15625
0 0.08420268256333831 0.5540364583333334 0.15946348733233978 0.16015625
0 0.14456035767511177 0.703125 0.21460506706408347 0.1171875
0 0.39716840536512665 0.6966145833333334 0.293591654247392 0.15364583333333334
0 0.7660208643815202 0.265625 0.36363636363636365 0.15104166666666666
0 0.13338301043219075 0.8313802083333334 0.20715350223546944 0.14713541666666666
0 0.353204172876304 0.8404947916666666 0.2593144560357675 0.15494791666666666
0 0.7183308494783904 0.107421875 0.28912071535022354 0.16015625
0 0.624441132637854 0.8365885416666666 0.28614008941877794 0.14973958333333334
0 0.8211624441132638 0.8268229166666666 0.14307004470938897 0.13802083333333334
0 0.9336810730253353 0.8203125 0.09388971684053651 0.12239583333333333
0 0.8375558867362146 0.9407552083333334 0.13114754098360656 0.10286458333333333
0 0.9277198211624441 0.09505208333333333 0.12965722801788376 0.14322916666666666
0 0.7332339791356185 0.6946614583333334 0.39940387481371087 0.16536458333333334
0 0.9619970193740686 0.6868489583333334 0.046199701937406856 0.14453125
