0 0.2736363636363636 0.14621676891615543 0.13090909090909092 0.1083844580777096
0 0.12409090909090909 0.2668711656441718 0.13545454545454547 0.11042944785276074
0 0.09863636363636363 0.3696319018404908 0.13363636363636364 0.11349693251533742
0 0.09863636363636363 0.4780163599182004 0.12272727272727273 0.10940695296523517
0 0.2109090909090909 0.48721881390593047 0.1 0.13190184049079753
0 0.31363636363636366 0.48057259713701433 0.09454545454545454 0.1083844580777096
0 0.2772727272727273 0.7305725971370143 0.07272727272727272 0.12576687116564417
0 0.40545454545454546 0.7244376278118609 0.1509090909090909 0.14212678936605316
0 0.5972727272727273 0.7213701431492843 0.18 0.1359918200408998
0 0.8140909090909091 0.7050102249488752 0.2409090909090909 0.1278118609406953
0 0.4122727272727273 0.14263803680981596 0.1409090909090909 0.14008179959100203
0 0.14863636363636365 0.7300613496932515 0.19545454545454546 0.13701431492842536
0 0.11363636363636363 0.6078732106339468 0.15272727272727274 0.12167689161554192
0 0.25136363636363634 0.6104294478527608 0.13727272727272727 0.12269938650306748
0 0.195 0.37116564417177916 0.06818181818181818 0.11247443762781185
0 0.27545454545454545 0.36503067484662577 0.11090909090909092 0.11860940695296524
0 0.3690909090909091 0.3604294478527607 0.09272727272727273 0.14008179959100203
0 0.12363636363636364 0.8711656441717791 0.13636363636363635 0.13496932515337423
0 0.4577272727272727 0.8491820040899796 0.20636363636363636 0.12372188139059305
0 0.7118181818181818 0.5986707566462167 0.12181818181818181 0.1114519427402863
0 0.865 0.5971370143149284 0.1809090909090909 0.10429447852760736
0 0.5763636363636364 0.261758691206544 0.08727272727272728 0.11247443762781185
0 0.09136363636363637 0.1549079754601227 0.05 0.11554192229038855
0 0.6559090909090909 0.16666666666666666 0.15 0.12883435582822086
0 0.38727272727272727 0.5996932515337423 0.14727272727272728 0.1196319018404908
0 0.5436363636363636 0.6048057259713702 0.18727272727272729 0.10940695296523517
0 0.6472727272727272 0.8333333333333334 0.18545454545454546 0.130879345603272
0 0.2822727272727273 0.8512269938650306 0.11181818181818182 0.10940695296523517
0 0.8331818181818181 0.8087934560327198 0.19545454545454546 0.1083844580777096
0 0.46 0.9493865030674846 0.18 0.08486707566462168
0 0.6427272727272727 0.934560327198364 0.18545454545454546 0.09611451942740286
0 0.24272727272727274 0.9519427402862985 0.22363636363636363 0.065439672801636
0 0.88 0.2612474437627812 0.12363636363636364 0.1359918200408998
0 0.7222727272727273 0.266359918200409 0.21363636363636362 0.12167689161554192
0 0.4481818181818182 0.25357873210633947 0.16545454545454547 0.11247443762781185
0 0.2781818181818182 0.25766871165644173 0.17636363636363636 0.10429447852760736
0 0.8013636363636364 0.13548057259713703 0.12818181818181817 0.1196319018404908
0 0.9027272727272727 0.1303680981595092 0.07454545454545454 0.12985685071574643
0 0.16227272727272726 0.15132924335378323 0.10272727272727272 0.1165644171779141
0 0.46545454545454545 0.4831288343558282 0.19272727272727272 0.13394683026584867
0 0.6327272727272727 0.48568507157464214 0.15818181818181817 0.12883435582822086
0 0.7809090909090909 0.48568507157464214 0.15272727272727274 0.12883435582822086
0 0.9031818181818182 0.4831288343558282 0.09727272727272727 0.12372188139059305
0 0.5486363636363636 0.35787321063394684 0.24818181818181817 0.12269938650306748
0 0.7381818181818182 0.35991820040899797 0.14 0.10429447852760736
0 0.8631818181818182 0.3619631901840491 0.1190909090909091 0.11247443762781185
0 0.9581818181818181 0.3675869120654397 0.0890909090909091 0.10940695296523517
0 0.5268181818181819 0.1554192229038855 0.11181818181818182 0.11451942740286299
