0 0.1332378223495702 0.14016172506738545 0.166189111747851 0.14016172506738545
0 0.336676217765043 0.1320754716981132 0.22349570200573066 0.16442048517520216
0 0.4677650429799427 0.894878706199461 0.1361031518624642 0.11590296495956873
0 0.1332378223495702 0.3119946091644205 0.20057306590257878 0.19002695417789758
0 0.4469914040114613 0.4683288409703504 0.24641833810888253 0.16846361185983827
0 0.17908309455587393 0.4757412398921833 0.28939828080229224 0.16172506738544473
0 0.667621776504298 0.4494609164420485 0.20057306590257878 0.18463611859838275
0 0.8359598853868195 0.45350404312668463 0.13896848137535817 0.1711590296495957
0 0.9226361031518625 0.14016172506738545 0.12893982808022922 0.1778975741239892
0 0.75 0.6017520215633423 0.24212034383954154 0.14690026954177898
0 0.8975644699140402 0.5801886792452831 0.08452722063037249 0.14150943396226415
0 0.9620343839541547 0.4393530997304582 0.09598853868194843 0.15902964959568733
0 0.6511461318051576 0.871967654986523 0.12464183381088825 0.1347708894878706
0 0.8223495702005731 0.8524258760107817 0.22349570200573066 0.1307277628032345
0 0.40186246418338106 0.30727762803234504 0.28796561604584525 0.1778975741239892
0 0.5222063037249284 0.13544474393530997 0.1361031518624642 0.16846361185983827
0 0.11891117478510028 0.6354447439353099 0.14040114613180515 0.16307277628032346
0 0.7227793696275072 0.13611859838274934 0.2707736389684814 0.1778975741239892
0 0.8108882521489972 0.29043126684636117 0.1833810888252149 0.1307277628032345
0 0.3230659025787966 0.7634770889487871 0.5343839541547278 0.14150943396226415
0 0.6926934097421203 0.7398921832884097 0.17335243553008595 0.1320754716981132
0 0.8760744985673352 0.715633423180593 0.14183381088825214 0.14285714285714285
0 0.13252148997134672 0.9049865229110512 0.12464183381088825 0.11725067385444744
0 0.2593123209169054 0.9043126684636119 0.1346704871060172 0.1105121293800539
0 0.9670487106017192 0.578167115902965 0.0659025787965616 0.1293800539083558
