0 0.1312240663900415 0.09974424552429667 0.11721991701244813 0.09718670076726342
0 0.22821576763485477 0.08439897698209718 0.1016597510373444 0.09974424552429667
0 0.33454356846473027 0.06521739130434782 0.08817427385892117 0.08439897698209718
0 0.4434647302904564 0.055626598465473145 0.11721991701244813 0.08823529411764706
0 0.0845435684647303 0.19373401534526855 0.06742738589211618 0.10358056265984655
0 0.0637966804979253 0.29539641943734013 0.06327800829875518 0.10485933503836317
0 0.17686721991701246 0.19117647058823528 0.1358921161825726 0.11636828644501279
0 0.28319502074688796 0.18542199488491048 0.07468879668049792 0.11508951406649616
0 0.39107883817427386 0.16815856777493607 0.12240663900414937 0.11125319693094629
0 0.07105809128630705 0.5140664961636828 0.07987551867219916 0.10485933503836317
0 0.3086099585062241 0.5191815856777494 0.12551867219917012 0.10741687979539642
0 0.4470954356846473 0.5127877237851662 0.15145228215767634 0.12276214833759591
0 0.6068464730290456 0.5242966751918159 0.11203319502074689 0.12276214833759591
0 0.06016597510373444 0.6297953964194374 0.06016597510373444 0.11125319693094629
0 0.15145228215767634 0.6355498721227621 0.12448132780082988 0.13043478260869565
0 0.2650414937759336 0.6259590792838875 0.09439834024896265 0.11636828644501279
0 0.3853734439834025 0.6368286445012787 0.1338174273858921 0.12531969309462915
0 0.14159751037344398 0.928388746803069 0.10684647302904564 0.10997442455242967
0 0.27230290456431533 0.9437340153452686 0.12966804979253113 0.10485933503836317
0 0.383298755186722 0.9475703324808185 0.08609958506224066 0.09974424552429667
0 0.47614107883817425 0.9501278772378516 0.09336099585062241 0.10997442455242967
0 0.5746887966804979 0.9514066496163683 0.0954356846473029 0.09207161125319693
0 0.729253112033195 0.9475703324808185 0.06224066390041494 0.0741687979539642
0 0.8220954356846473 0.9245524296675192 0.09647302904564316 0.0792838874680307
0 0.0679460580912863 0.39961636828644503 0.08402489626556017 0.12915601023017903
0 0.1628630705394191 0.39258312020460356 0.12033195020746888 0.14066496163682865
0 0.2961618257261411 0.39641943734015345 0.12136929460580913 0.1483375959079284
0 0.4315352697095436 0.39514066496163686 0.13692946058091288 0.11508951406649616
0 0.5726141078838174 0.39514066496163686 0.13900414937759337 0.11253196930946291
0 0.7085062240663901 0.40025575447570333 0.12033195020746888 0.1329923273657289
0 0.8298755186721992 0.4079283887468031 0.13900414937759337 0.12531969309462915
0 0.9341286307053942 0.409846547314578 0.07157676348547717 0.12148337595907928
0 0.18672199170124482 0.29092071611253195 0.1908713692946058 0.0959079283887468
0 0.3770746887966805 0.29092071611253195 0.21680497925311204 0.10358056265984655
0 0.8734439834024896 0.3037084398976982 0.1037344398340249 0.08823529411764706
0 0.09076763485477178 0.7225063938618926 0.07780082987551867 0.10230179028132992
0 0.1799792531120332 0.7340153452685422 0.09854771784232365 0.10997442455242967
0 0.28267634854771784 0.7391304347826086 0.11929460580912864 0.10230179028132992
0 0.37136929460580914 0.7461636828644501 0.08091286307053942 0.0907928388746803
0 0.4766597510373444 0.7506393861892583 0.13796680497925312 0.09718670076726342
0 0.5954356846473029 0.7480818414322251 0.12863070539419086 0.11253196930946291
0 0.7287344398340249 0.7416879795396419 0.1566390041493776 0.11508951406649616
0 0.879149377593361 0.7352941176470589 0.12136929460580913 0.10485933503836317
0 0.09387966804979253 0.819693094629156 0.08817427385892117 0.10230179028132992
0 0.2245850622406639 0.8331202046035806 0.17738589211618258 0.1010230179028133
0 0.3620331950207469 0.8363171355498721 0.11410788381742738 0.09462915601023018
0 0.49636929460580914 0.8465473145780051 0.1441908713692946 0.09718670076726342
0 0.645746887966805 0.8471867007672634 0.16701244813278007 0.0907928388746803
0 0.5274896265560166 0.6349104859335039 0.1483402489626556 0.10869565217391304
0 0.66701244813278 0.637468030690537 0.12863070539419086 0.11125319693094629
0 0.5103734439834025 0.17199488491048592 0.12655601659751037 0.12915601023017903
0 0.8677385892116183 0.2071611253196931 0.1275933609958506 0.10741687979539642
0 0.75 0.18734015345268543 0.08921161825726141 0.1010230179028133
0 0.6478215767634855 0.1745524296675192 0.10684647302904564 0.11125319693094629
0 0.6032157676348547 0.062020460358056265 0.20850622406639005 0.08567774936061381
0 0.7453319502074689 0.06905370843989769 0.09854771784232365 0.08184143222506395
0 0.7588174273858921 0.2921994884910486 0.09439834024896265 0.10613810741687979
0 0.5938796680497925 0.2819693094629156 0.23132780082987553 0.11381074168797954
0 0.7655601659751037 0.5108695652173914 0.19294605809128632 0.10869565217391304
0 0.8890041493775933 0.5172634271099744 0.04979253112033195 0.09846547314578005
0 0.7904564315352697 0.8375959079283888 0.15560165975103735 0.08951406649616368
0 0.9045643153526971 0.8382352941176471 0.1037344398340249 0.09846547314578005
0 0.7759336099585062 0.6253196930946292 0.0995850622406639 0.11508951406649616
0 0.8895228215767634 0.6265984654731458 0.1441908713692946 0.10997442455242967
0 0.17531120331950206 0.5140664961636828 0.11825726141078838 0.10997442455242967
0 0.8526970954356846 0.07544757033248081 0.0995850622406639 0.0741687979539642
0 0.8454356846473029 0.1329923273657289 0.07883817427385892 0.056265984654731455
0 0.9263485477178424 0.15920716112531969 0.07883817427385892 0.08567774936061381
0 0.9543568464730291 0.5166240409207161 0.08506224066390042 0.10997442455242967
