0 0.2335285505124451 0.09454061251664447 0.3528550512445095 0.1810918774966711
0 0.54099560761347 0.1118508655126498 0.22108345534407028 0.16511318242343542
0 0.7708638360175696 0.11584553928095873 0.22986822840409957 0.15978695073235685
0 0.21669106881405564 0.27097203728362185 0.26939970717423134 0.15046604527296936
0 0.4912152269399707 0.27762982689747007 0.30307467057101023 0.1877496671105193
0 0.7979502196193266 0.2796271637816245 0.32503660322108346 0.17842876165113183
0 0.16764275256222547 0.4580559254327563 0.30600292825768666 0.17576564580559254
0 0.7825768667642753 0.44873501997336884 0.16544655929721816 0.15978695073235685
0 0.13250366032210834 0.6451398135818908 0.21815519765739386 0.17709720372836218
0 0.35724743777452417 0.6351531291611185 0.23133235724743778 0.1810918774966711
0 0.5761346998535871 0.6138482023968043 0.21522693997071743 0.1810918774966711
0 0.8191800878477306 0.5992010652463382 0.25036603221083453 0.18375499334221038
0 0.1478770131771596 0.8209054593874834 0.23718887262079064 0.13981358189081225
0 0.37554904831625185 0.818242343541944 0.22986822840409957 0.1611185086551265
0 0.5922401171303074 0.8035952063914781 0.20937042459736457 0.13981358189081225
0 0.821376281112738 0.7909454061251664 0.2664714494875549 0.151797603195739
0 0.5717423133235725 0.9354194407456724 0.1800878477306003 0.12117177097203728
0 0.7569546120058566 0.9260985352862849 0.1698389458272328 0.12916111850865514
