0 0.8001579778830964 0.11379800853485064 0.21011058451816747 0.1678520625889047
0 0.21406003159557663 0.7069701280227596 0.28278041074249605 0.15362731152204837
0 0.2646129541864139 0.12019914651493599 0.34913112164297 0.1891891891891892
0 0.1406003159557662 0.5384068278805121 0.22432859399684044 0.19203413940256045
0 0.4194312796208531 0.5248933143669986 0.3617693522906793 0.1934566145092461
0 0.6958925750394944 0.5263157894736842 0.18167456556082148 0.1678520625889047
0 0.8712480252764613 0.5028449502133713 0.19747235387045814 0.18634423897581792
0 0.4802527646129542 0.6970128022759602 0.2685624012638231 0.16216216216216217
0 0.3420221169036335 0.8662873399715505 0.21011058451816747 0.18207681365576103
0 0.13665086887835703 0.8627311522048364 0.2132701421800948 0.1721194879089616
0 0.5813586097946287 0.8563300142247511 0.2843601895734597 0.20768136557610242
0 0.8048973143759873 0.8328591749644382 0.16587677725118483 0.2147937411095306
0 0.9257503949447078 0.7951635846372689 0.11058451816745656 0.1906116642958748
0 0.7977883096366508 0.6578947368421053 0.3949447077409163 0.2147937411095306
