0 0.16341145833333334 0.12169919632606199 0.23046875 0.12399540757749714
0 0.380859375 0.13719862227324914 0.12630208333333334 0.14810562571756603
0 0.537109375 0.1383467278989667 0.16276041666666666 0.15040183696900114
0 0.8294270833333334 0.10964408725602756 0.25 0.1687715269804822
0 0.17513020833333334 0.30539609644087257 0.26953125 0.16073478760045926
0 0.8307291666666666 0.28243398392652125 0.16145833333333334 0.17221584385763491
0 0.10807291666666667 0.48220436280137774 0.1953125 0.1928817451205511
0 0.30859375 0.473593570608496 0.22916666666666666 0.15958668197474168
0 0.142578125 0.6475315729047072 0.24088541666666666 0.1446613088404133
0 0.5345052083333334 0.45464982778415614 0.22265625 0.1928817451205511
0 0.7408854166666666 0.44661308840413316 0.18489583333333334 0.14695752009184845
0 0.447265625 0.6308840413318025 0.3815104166666667 0.1756601607347876
0 0.7708333333333334 0.5981630309988519 0.28125 0.1928817451205511
0 0.9049479166666666 0.41446613088404133 0.16927083333333334 0.18140068886337543
