0 0.12643678160919541 0.33751810719459197 0.21043324491600354 0.06663447609850313
0 0.129973474801061 0.401979719942057 0.22458001768346597 0.0680830516658619
0 0.1317418213969938 0.6081603090294544 0.22811671087533156 0.08256880733944955
0 0.3072502210433245 0.7197006277160792 0.22546419098143236 0.06711733462095607
0 0.07073386383731212 0.7129406084017383 0.09195402298850575 0.07098020280057943
0 0.5008841732979664 0.7163206180589088 0.15826702033598586 0.07194591984548528
0 0.6317418213969939 0.7187349106711733 0.08399646330680813 0.0748430709802028
0 0.751105216622458 0.7163206180589088 0.13351016799292661 0.07774022211492033
0 0.8938992042440318 0.7153549010140029 0.1220159151193634 0.0816030902945437
0 0.3682581786030062 0.8529695799130854 0.29619805481874445 0.06422018348623854
0 0.3090185676392573 0.9384355383872526 0.3121131741821397 0.07291163689039111
0 0.07382847038019452 0.060598744567841624 0.08222811671087533 0.061323032351521006
0 0.28028293545534927 0.06397875422501208 0.3147656940760389 0.0700144857556736
0 0.4885057471264368 0.0637373249637856 0.11582670203359859 0.0656687590535973
0 0.6282051282051282 0.06880733944954129 0.15473032714412024 0.06325446644133269
0 0.7254641909814323 0.13592467407049735 0.20070733863837312 0.07387735393529696
0 0.10477453580901856 0.2146306132303235 0.15649867374005305 0.0816030902945437
0 0.33819628647214856 0.41380975374215356 0.1918656056587091 0.07436021245774987
0 0.1843501326259947 0.4777885079671656 0.3032714412024757 0.07387735393529696
0 0.45977011494252873 0.48285852245292127 0.21750663129973474 0.0637373249637856
0 0.39832007073386383 0.6028488652824723 0.29619805481874445 0.06615161757605022
0 0.6732979664014147 0.5994688556253018 0.2572944297082228 0.07098020280057943
0 0.8735632183908046 0.5888459681313375 0.15384615384615385 0.07194591984548528
0 0.08134394341290893 0.7865765330758088 0.09725906277630415 0.0772573635924674
0 0.07824933687002653 0.8505552873008209 0.09460654288240496 0.06422018348623854
0 0.09018567639257294 0.9212940608401738 0.07957559681697612 0.05601158860453887
0 0.2541998231653404 0.7897151134717528 0.19540229885057472 0.07194591984548528
0 0.491158267020336 0.788266537904394 0.2484526967285588 0.0700144857556736
0 0.7148541114058355 0.7875422501207147 0.22192749778956675 0.06277160791887977
0 0.5795755968169761 0.3430709802028006 0.1794871794871795 0.0700144857556736
0 0.737842617152962 0.3462095605987446 0.13704686118479223 0.0656687590535973
0 0.07824933687002653 0.5388701110574602 0.1229000884173298 0.05794302269435055
0 0.2838196286472148 0.5311443746982134 0.27055702917771884 0.0589087397392564
0 0.5632183908045977 0.5338000965717045 0.28824049513704686 0.0680830516658619
0 0.3072502210433245 0.21438918396909706 0.27320954907161804 0.07629164654756157
0 0.5203359858532273 0.2134234669241912 0.08222811671087533 0.07146306132303235
0 0.7281167108753316 0.21994205697730565 0.2537577365163572 0.0680830516658619
0 0.3275862068965517 0.3348623853211009 0.1229000884173298 0.035248672139063256
0 0.3647214854111406 0.34500241429261225 0.2537577365163572 0.07194591984548528
0 0.8859416445623343 0.3363109608884597 0.1768346595932803 0.0700144857556736
0 0.5486295313881521 0.41356832448092706 0.22723253757736517 0.07098020280057943
0 0.7599469496021221 0.4097054563013037 0.21131741821396993 0.0700144857556736
0 0.9248452696728559 0.3993239980685659 0.13085764809902742 0.07629164654756157
0 0.6909814323607427 0.4748913568324481 0.2413793103448276 0.06035731530661516
0 0.8063660477453581 0.5294543698696282 0.23165340406719717 0.06615161757605022
0 0.9173297966401415 0.7868179623370353 0.14058355437665782 0.07580878802510864
0 0.5950486295313882 0.8520038628681796 0.125552608311229 0.04394012554321584
0 0.6184792219274978 0.874215354901014 0.2696728558797524 0.08546595847416708
0 0.8355437665782494 0.8759053597295993 0.17329796640141468 0.08015451472718493
0 0.946949602122016 0.8718010622887494 0.04951370468611848 0.0816030902945437
0 0.5265251989389921 0.947609850313858 0.129973474801061 0.057460164171897636
0 0.6264367816091954 0.9519555770159344 0.08399646330680813 0.050700144857556736
0 0.7519893899204244 0.9492998551424433 0.17418213969938107 0.05408015451472718
0 0.8908045977011494 0.1465475615644616 0.14235190097259062 0.07194591984548528
0 0.23076923076923078 0.27812650893288265 0.4208664898320071 0.05601158860453887
0 0.5362511052166224 0.2766779333655239 0.10521662245800177 0.06180589087397392
0 0.7329796640141468 0.27740222114920327 0.268788682581786 0.06904876871076775
