0 0.19510385756676557 0.2442159383033419 0.2685459940652819 0.12339331619537275
0 0.21216617210682492 0.7172236503856041 0.29673590504451036 0.16709511568123395
0 0.21513353115727002 0.8740359897172236 0.24629080118694363 0.14652956298200515
0 0.4821958456973294 0.8740359897172236 0.28486646884273 0.14138817480719795
0 0.7270029673590505 0.8553984575835476 0.18100890207715134 0.18123393316195371
0 0.1632047477744807 0.5482005141388174 0.21068249258160238 0.16066838046272494
0 0.46958456973293766 0.5424164524421594 0.3456973293768546 0.16966580976863754
0 0.8427299703264095 0.5147814910025706 0.3115727002967359 0.17866323907455012
0 0.19881305637982197 0.10089974293059126 0.20771513353115728 0.13496143958868895
0 0.5504451038575667 0.09511568123393316 0.5074183976261127 0.14652956298200515
0 0.8486646884272997 0.20758354755784061 0.18397626112759644 0.11182519280205655
0 0.4992581602373887 0.7088688946015425 0.28635014836795253 0.16838046272493573
0 0.7485163204747775 0.6838046272493573 0.22106824925816024 0.17994858611825193
0 0.9183976261127597 0.6593830334190232 0.1543026706231454 0.17223650385604114
0 0.8909495548961425 0.8361182519280206 0.15875370919881307 0.16323907455012854
