0 0.1670807453416149 0.1107986501687289 0.21490683229813665 0.14285714285714285
0 0.1670807453416149 0.26321709786276715 0.2372670807453416 0.1439820022497188
0 0.15093167701863355 0.5236220472440944 0.22732919254658385 0.13385826771653545
0 0.47763975155279503 0.37682789651293586 0.22732919254658385 0.12373453318335208
0 0.12546583850931678 0.6642294713160855 0.1763975155279503 0.12935883014623173
0 0.28012422360248446 0.3880764904386952 0.15279503105590062 0.10798650168728909
0 0.12173913043478261 0.3982002249718785 0.16149068322981366 0.12598425196850394
0 0.4372670807453416 0.6512935883014623 0.08198757763975155 0.11023622047244094
0 0.5900621118012422 0.7604049493813273 0.2608695652173913 0.15748031496062992
0 0.8360248447204969 0.7384701912260967 0.2360248447204969 0.156355455568054
0 0.14037267080745341 0.9139482564679415 0.231055900621118 0.12935883014623173
0 0.7850931677018633 0.874578177727784 0.3279503105590062 0.16310461192350956
0 0.31863354037267083 0.7885264341957255 0.2894409937888199 0.14623172103487064
0 0.10683229813664596 0.7890888638920135 0.17142857142857143 0.140607424071991
0 0.8888198757763975 0.10123734533183353 0.15527950310559005 0.11698537682789652
0 0.7981366459627329 0.23228346456692914 0.26956521739130435 0.14510686164229472
0 0.7801242236024845 0.36332958380202474 0.28074534161490683 0.1372328458942632
0 0.36832298136645963 0.515185601799775 0.19751552795031055 0.14173228346456693
0 0.5583850931677019 0.5 0.19751552795031055 0.12935883014623173
0 0.7217391304347827 0.49100112485939257 0.11428571428571428 0.13160854893138357
0 0.8813664596273292 0.4769403824521935 0.21490683229813665 0.1484814398200225
0 0.8428571428571429 0.6034870641169854 0.14285714285714285 0.12260967379077616
0 0.11366459627329192 0.10854893138357705 0.08571428571428572 0.12260967379077616
0 0.16770186335403728 0.10967379077615298 0.06459627329192547 0.12260967379077616
0 0.23664596273291927 0.11529808773903262 0.08322981366459627 0.12710911136107986
0 0.8726708074534162 0.1186726659167604 0.0484472049689441 0.01687289088863892
0 0.8701863354037267 0.1046119235095613 0.05341614906832298 0.013498312710911136
0 0.8751552795031056 0.09055118110236221 0.0484472049689441 0.012373453318335208
0 0.8763975155279503 0.08042744656917886 0.05341614906832298 0.012373453318335208
0 0.8832298136645963 0.1046119235095613 0.02236024844720497 0.0764904386951631
0 0.8993788819875776 0.13160854893138357 0.02732919254658385 0.031496062992125984
0 0.9130434782608695 0.1203599550056243 0.02732919254658385 0.031496062992125984
0 0.9118012422360249 0.09955005624296963 0.03229813664596273 0.03712035995500562
0 0.9167701863354037 0.08155230596175478 0.02981366459627329 0.03487064116985377
0 0.8496894409937888 0.1439820022497188 0.07453416149068323 0.03824521934758155
0 0.8341614906832299 0.09505061867266591 0.02608695652173913 0.07761529808773904
0 0.8732919254658386 0.06467941507311586 0.10186335403726708 0.021372328458942633
0 0.9397515527950311 0.10011248593925759 0.043478260869565216 0.10123734533183353
0 0.10372670807453416 0.22384701912260968 0.05341614906832298 0.06749156355455568
0 0.1546583850931677 0.2170978627671541 0.058385093167701865 0.06974128233970754
0 0.20186335403726707 0.21934758155230596 0.05093167701863354 0.06074240719910011
0 0.253416149068323 0.22103487064116986 0.07701863354037267 0.07311586051743532
0 0.10062111801242236 0.29302587176602923 0.06956521739130435 0.07536557930258718
0 0.15714285714285714 0.29302587176602923 0.05341614906832298 0.07761529808773904
0 0.2248447204968944 0.2907761529808774 0.07204968944099378 0.08211473565804274
0 0.7701863354037267 0.18222722159730034 0.17888198757763976 0.0359955005624297
0 0.717391304347826 0.22384701912260968 0.03354037267080745 0.04499437570303712
0 0.8080745341614907 0.21203599550056243 0.05341614906832298 0.07761529808773904
0 0.884472049689441 0.2249718785151856 0.08695652173913043 0.12598425196850394
0 0.6869565217391305 0.22384701912260968 0.03229813664596273 0.047244094488188976
0 0.7931677018633541 0.2204724409448819 0.14037267080745341 0.02249718785151856
0 0.7881987577639752 0.24015748031496062 0.13788819875776398 0.021372328458942633
0 0.768944099378882 0.25646794150731156 0.20372670807453416 0.047244094488188976
0 0.11987577639751552 0.41732283464566927 0.1453416149068323 0.07874015748031496
0 0.15031055900621118 0.3880764904386952 0.1391304347826087 0.04049493813273341
0 0.10683229813664596 0.3532058492688414 0.06459627329192547 0.04049493813273341
0 0.1608695652173913 0.3931383577052868 0.055900621118012424 0.10686164229471316
0 0.2813664596273292 0.3847019122609674 0.13540372670807455 0.08098987626546682
0 0.29316770186335406 0.375140607424072 0.07701863354037267 0.07311586051743532
0 0.46956521739130436 0.3548931383577053 0.12422360248447205 0.01687289088863892
0 0.47267080745341616 0.3672665916760405 0.12049689440993788 0.01687289088863892
0 0.4782608695652174 0.38188976377952755 0.1093167701863354 0.01687289088863892
0 0.48385093167701865 0.40888638920134984 0.23478260869565218 0.03712035995500562
0 0.42049689440993787 0.38863892013498313 0.018633540372670808 0.023622047244094488
0 0.40683229813664595 0.3863892013498313 0.02111801242236025 0.03487064116985377
0 0.39316770186335404 0.37851518560179975 0.02857142857142857 0.05061867266591676
0 0.3807453416149068 0.374578177727784 0.031055900621118012 0.05849268841394826
0 0.45714285714285713 0.3250843644544432 0.1515527950310559 0.03824521934758155
0 0.5639751552795031 0.37682789651293586 0.06459627329192547 0.12148481439820022
0 0.753416149068323 0.36670416197975253 0.21490683229813665 0.05174353205849269
0 0.7229813664596273 0.3262092238470191 0.08944099378881988 0.07424071991001124
0 0.7335403726708074 0.3408323959505062 0.05093167701863354 0.06299212598425197
0 0.6962732919254658 0.3942632170978628 0.05341614906832298 0.05511811023622047
0 0.7298136645962733 0.3914510686164229 0.05093167701863354 0.05174353205849269
0 0.8608695652173913 0.38076490438695165 0.0670807453416149 0.06411698537682789
0 0.16024844720496895 0.5095613048368954 0.21366459627329193 0.05849268841394826
0 0.11987577639751552 0.4876265466816648 0.06335403726708075 0.0843644544431946
0 0.14347826086956522 0.48087739032620924 0.05093167701863354 0.07086614173228346
0 0.09937888198757763 0.5511811023622047 0.0546583850931677 0.07424071991001124
0 0.13478260869565217 0.5511811023622047 0.04596273291925466 0.0764904386951631
0 0.2236024844720497 0.5466816647919011 0.07204968944099378 0.07424071991001124
0 0.22795031055900622 0.48256467941507314 0.06335403726708075 0.05849268841394826
0 0.34347826086956523 0.5421822272215973 0.1577639751552795 0.05399325084364454
0 0.3105590062111801 0.48256467941507314 0.03975155279503106 0.08773903262092239
0 0.3559006211180124 0.4645669291338583 0.12298136645962733 0.04499437570303712
0 0.3670807453416149 0.5050618672665916 0.09565217391304348 0.02924634420697413
0 0.4391304347826087 0.5078740157480315 0.05341614906832298 0.1203599550056243
0 0.5385093167701863 0.5247469066366705 0.15279503105590062 0.05961754780652419
0 0.6012422360248447 0.5286839145106862 0.11428571428571428 0.0719910011248594
0 0.49813664596273294 0.49943757030371205 0.024844720496894408 0.047244094488188976
0 0.5242236024844721 0.5022497187851519 0.04720496894409938 0.04161979752530934
0 0.5459627329192547 0.45050618672665915 0.115527950310559 0.05061867266591676
0 0.6273291925465838 0.49718785151856015 0.06956521739130435 0.1327334083239595
0 0.7335403726708074 0.4296962879640045 0.0906832298136646 0.047244094488188976
0 0.7018633540372671 0.45050618672665915 0.03229813664596273 0.025871766029246346
0 0.7018633540372671 0.4651293588301462 0.02981366459627329 0.012373453318335208
0 0.7012422360248447 0.47750281214848145 0.031055900621118012 0.019122609673790775
0 0.7093167701863354 0.49437570303712036 0.049689440993788817 0.014623172103487065
0 0.715527950310559 0.5179977502812149 0.08198757763975155 0.03937007874015748
0 0.731055900621118 0.4645669291338583 0.03354037267080745 0.04274465691788527
0 0.7590062111801242 0.5056242969628797 0.03975155279503106 0.0843644544431946
0 0.8832298136645963 0.4150731158605174 0.07453416149068323 0.06524184476940383
0 0.8857142857142857 0.44938132733408326 0.034782608695652174 0.043869516310461196
0 0.9273291925465839 0.4448818897637795 0.06086956521739131 0.03262092238470191
0 0.9248447204968944 0.48537682789651293 0.0782608695652174 0.03712035995500562
0 0.9664596273291925 0.46625421822272217 0.037267080745341616 0.13160854893138357
0 0.8701863354037267 0.5134983127109112 0.058385093167701865 0.05736782902137233
0 0.8596273291925466 0.47412823397075365 0.034782608695652174 0.05061867266591676
0 0.8422360248447205 0.45388076490438695 0.034782608695652174 0.03712035995500562
0 0.8409937888198757 0.4870641169853768 0.037267080745341616 0.03824521934758155
0 0.815527950310559 0.5140607424071991 0.06832298136645963 0.02924634420697413
0 0.8055900621118013 0.4876265466816648 0.040993788819875775 0.01687289088863892
0 0.8080745341614907 0.47131608548931386 0.043478260869565216 0.01124859392575928
0 0.808695652173913 0.4583802024746907 0.03975155279503106 0.01687289088863892
0 0.831055900621118 0.43700787401574803 0.09192546583850932 0.03487064116985377
0 0.168944099378882 0.6687289088863893 0.09937888198757763 0.08886389201349831
0 0.12049689440993788 0.6046119235095613 0.084472049689441 0.07536557930258718
0 0.08260869565217391 0.6518560179977503 0.09813664596273292 0.09786276715410573
0 0.4453416149068323 0.6569178852643419 0.07080745341614907 0.09673790776152981
0 0.8552795031055901 0.6417322834645669 0.11055900621118013 0.07761529808773904
0 0.8254658385093168 0.6152980877390326 0.06832298136645963 0.06974128233970754
0 0.7919254658385093 0.6293588301462317 0.06086956521739131 0.07311586051743532
0 0.07515527950310559 0.7772778402699663 0.08322981366459627 0.09898762654668167
0 0.10062111801242236 0.828458942632171 0.0968944099378882 0.043869516310461196
0 0.12857142857142856 0.7536557930258717 0.03602484472049689 0.02699662542182227
0 0.12298136645962733 0.7710911136107986 0.04720496894409938 0.021372328458942633
0 0.11739130434782609 0.7874015748031497 0.0484472049689441 0.020247469066366704
0 0.1093167701863354 0.8059617547806525 0.04720496894409938 0.019122609673790775
0 0.14472049689440994 0.7322834645669292 0.058385093167701865 0.05399325084364454
0 0.1658385093167702 0.7857142857142857 0.055900621118012424 0.10911136107986502
0 0.2248447204968944 0.8037120359955006 0.1093167701863354 0.07311586051743532
0 0.2372670807453416 0.7350956130483689 0.08695652173913043 0.07086614173228346
0 0.22546583850931676 0.7784026996625422 0.02857142857142857 0.04049493813273341
0 0.24472049689440994 0.7772778402699663 0.034782608695652174 0.047244094488188976
0 0.2639751552795031 0.7716535433070866 0.03602484472049689 0.0562429696287964
0 0.29627329192546586 0.7823397075365579 0.043478260869565216 0.12935883014623173
0 0.34596273291925467 0.7463442069741283 0.13788819875776398 0.03712035995500562
0 0.368944099378882 0.7952755905511811 0.1813664596273292 0.031496062992125984
0 0.43478260869565216 0.781214848143982 0.05962732919254658 0.11811023622047244
0 0.6105590062111801 0.7632170978627671 0.013664596273291925 0.0281214848143982
0 0.493167701863354 0.7705286839145107 0.0422360248447205 0.10798650168728909
0 0.5360248447204969 0.7159730033745781 0.09813664596273292 0.04161979752530934
0 0.5354037267080746 0.7435320584926884 0.062111801242236024 0.013498312710911136
0 0.5341614906832298 0.7604049493813273 0.05962732919254658 0.013498312710911136
0 0.5329192546583851 0.7722159730033745 0.0670807453416149 0.01687289088863892
0 0.531055900621118 0.7879640044994376 0.08074534161490683 0.019122609673790775
0 0.5782608695652174 0.764341957255343 0.03354037267080745 0.06186726659167604
0 0.6024844720496895 0.7609673790776152 0.034782608695652174 0.04611923509561305
0 0.631055900621118 0.7677165354330708 0.02732919254658385 0.03262092238470191
0 0.6347826086956522 0.781214848143982 0.17391304347826086 0.1203599550056243
0 0.6416149068322982 0.7114735658042745 0.14285714285714285 0.10236220472440945
0 0.7503105590062111 0.7694038245219348 0.08198757763975155 0.03824521934758155
0 0.739751552795031 0.7598425196850394 0.03354037267080745 0.1046119235095613
0 0.7565217391304347 0.6917885264341957 0.062111801242236024 0.04499437570303712
0 0.7906832298136646 0.7362204724409449 0.02360248447204969 0.05511811023622047
0 0.837888198757764 0.7671541057367829 0.14782608695652175 0.0922384701912261
0 0.8478260869565217 0.6962879640044994 0.13540372670807455 0.06749156355455568
0 0.9372670807453416 0.7289088863892014 0.07329192546583851 0.1372328458942632
0 0.09440993788819876 0.875140607424072 0.08198757763975155 0.06524184476940383
0 0.09378881987577639 0.9280089988751407 0.12546583850931678 0.0764904386951631
0 0.17329192546583852 0.9004499437570304 0.17267080745341615 0.03712035995500562
0 0.15900621118012423 0.90607424071991 0.05714285714285714 0.10911136107986502
0 0.901863354037267 0.9128233970753655 0.03229813664596273 0.048368953880764905
0 0.8968944099378882 0.8925759280089989 0.05962732919254658 0.06186726659167604
0 0.8614906832298137 0.8959505061867267 0.03602484472049689 0.05511811023622047
0 0.8403726708074534 0.8925759280089989 0.040993788819875775 0.05736782902137233
0 0.8055900621118013 0.8931383577052868 0.058385093167701865 0.06749156355455568
0 0.8236024844720496 0.8458942632170978 0.05962732919254658 0.06074240719910011
0 0.8459627329192546 0.8329583802024747 0.04720496894409938 0.08886389201349831
0 0.868944099378882 0.8250843644544432 0.055900621118012424 0.07761529808773904
0 0.8801242236024844 0.8447694038245219 0.0484472049689441 0.0562429696287964
0 0.8993788819875776 0.8402699662542182 0.04720496894409938 0.05399325084364454
0 0.922360248447205 0.8368953880764904 0.06335403726708075 0.07424071991001124
0 0.7273291925465839 0.8807649043869517 0.2 0.05849268841394826
0 0.6614906832298136 0.875140607424072 0.03850931677018633 0.12373453318335208
0 0.6906832298136646 0.8773903262092239 0.04720496894409938 0.1124859392575928
