0 0.23114525139664804 0.7908979089790897 0.3952513966480447 0.13530135301353013
0 0.5321229050279329 0.7816728167281672 0.20949720670391062 0.14145141451414514
0 0.5803072625698324 0.54920049200492 0.13547486033519554 0.12423124231242312
0 0.38477653631284914 0.5541205412054121 0.1494413407821229 0.1070110701107011
0 0.5900837988826816 0.43665436654366546 0.2164804469273743 0.11562115621156212
0 0.23114525139664804 0.44218942189421895 0.16899441340782123 0.12423124231242312
0 0.08519553072625698 0.44280442804428044 0.1005586592178771 0.12054120541205413
0 0.1361731843575419 0.5651906519065191 0.16899441340782123 0.11685116851168512
0 0.11731843575418995 0.6642066420664207 0.17039106145251395 0.11808118081180811
0 0.45391061452513964 0.6629766297662977 0.1340782122905028 0.11070110701107011
0 0.2981843575418994 0.6592865928659286 0.1857541899441341 0.11562115621156212
0 0.6536312849162011 0.6537515375153752 0.26256983240223464 0.12177121771217712
0 0.8177374301675978 0.533210332103321 0.15782122905027932 0.10209102091020911
0 0.8093575418994413 0.42927429274292744 0.22206703910614525 0.12546125461254612
0 0.12360335195530726 0.22140221402214022 0.18016759776536312 0.1033210332103321
0 0.3198324022346369 0.2109471094710947 0.18156424581005587 0.10209102091020911
0 0.8212290502793296 0.7662976629766297 0.22625698324022347 0.15498154981549817
0 0.4818435754189944 0.2047970479704797 0.08659217877094973 0.0971709717097171
0 0.7241620111731844 0.3038130381303813 0.0824022346368715 0.1057810578105781
0 0.8365921787709497 0.3093480934809348 0.12290502793296089 0.1070110701107011
0 0.6263966480446927 0.3081180811808118 0.11033519553072625 0.11439114391143912
0 0.138268156424581 0.07257072570725707 0.13966480446927373 0.0910209102091021
0 0.8931564245810056 0.07564575645756458 0.12150837988826815 0.0996309963099631
0 0.8645251396648045 0.6285362853628537 0.15363128491620112 0.12054120541205413
