0 0.1091867469879518 0.6126062322946175 0.2183734939759036 0.15722379603399433
0 0.35993975903614456 0.5927762039660056 0.2891566265060241 0.19121813031161472
0 0.16265060240963855 0.09631728045325778 0.25903614457831325 0.18413597733711048
0 0.29066265060240964 0.7662889518413598 0.20783132530120482 0.1558073654390935
0 0.4871987951807229 0.9405099150141643 0.2033132530120482 0.1388101983002833
0 0.7838855421686747 0.0764872521246459 0.17921686746987953 0.1529745042492918
0 0.07680722891566265 0.419971671388102 0.14156626506024098 0.19405099150141644
0 0.276355421686747 0.41076487252124644 0.2816265060240964 0.1813031161473088
0 0.5594879518072289 0.3881019830028329 0.2936746987951807 0.20396600566572237
0 0.8426204819277109 0.36756373937677056 0.3117469879518072 0.16005665722379603
0 0.7515060240963856 0.5708215297450425 0.4939759036144578 0.23229461756373937
0 0.09337349397590361 0.7839943342776204 0.17771084337349397 0.18271954674220964
0 0.5210843373493976 0.7740793201133145 0.26506024096385544 0.19121813031161472
0 0.786144578313253 0.7322946175637394 0.2891566265060241 0.18696883852691218
0 0.6664156626506024 0.9150141643059491 0.16114457831325302 0.16147308781869688
0 0.26957831325301207 0.9093484419263456 0.20783132530120482 0.141643059490085
0 0.9623493975903614 0.7245042492917847 0.08433734939759036 0.19121813031161472
