0 0.15554072096128171 0.0759493670886076 0.1802403204272363 0.12197928653624857
0 0.8304405874499332 0.07307249712313003 0.17089452603471295 0.10701956271576525
0 0.5927903871829105 0.07422324510932106 0.16822429906542055 0.1323360184119678
0 0.12149532710280374 0.23532796317606444 0.19225634178905207 0.1760644418872267
0 0.7202937249666221 0.5771001150747986 0.15086782376502003 0.11392405063291139
0 0.5781041388518025 0.5920598388952819 0.11748998664886515 0.12543153049482164
0 0.45727636849132175 0.6035673187571922 0.14018691588785046 0.1323360184119678
0 0.8511348464619493 0.7036823935558113 0.09746328437917223 0.11852704257767549
0 0.9092122830440588 0.5650172612197929 0.1308411214953271 0.12197928653624857
0 0.4279038718291055 0.3578826237054085 0.22830440587449932 0.13118527042577677
0 0.8377837116154874 0.20195627157652474 0.27636849132176233 0.1622554660529344
0 0.589452603471295 0.21173762945914845 0.12149532710280374 0.12888377445339472
0 0.3751668891855808 0.056962025316455694 0.26702269692923897 0.1047180667433832
0 0.37850467289719625 0.20828538550057538 0.2096128170894526 0.1518987341772152
0 0.6702269692923899 0.3567318757192175 0.2696929238985314 0.14499424626006904
0 0.8644859813084113 0.3429228998849252 0.14552736982643524 0.1380897583429229
0 0.06942590120160214 0.383199079401611 0.11214953271028037 0.11277330264672036
0 0.21762349799732977 0.37744533947065595 0.19225634178905207 0.12428078250863062
0 0.1068090787716956 0.8296892980437284 0.17623497997329773 0.10817031070195628
0 0.27903871829105475 0.8268124280782508 0.1842456608811749 0.10701956271576525
0 0.45260347129506007 0.8296892980437284 0.16555407209612816 0.09436133486766399
0 0.62283044058745 0.836018411967779 0.1882510013351135 0.09321058688147296
0 0.8464619492656876 0.8250863060989643 0.2590120160213618 0.11047180667433831
0 0.2049399198931909 0.9263521288837745 0.19626168224299065 0.09896432681242807
0 0.37449933244325767 0.9286536248561565 0.14552736982643524 0.09666283084004602
0 0.49132176234979974 0.9315304948216341 0.09879839786381843 0.09090909090909091
0 0.7062750333778371 0.9275028768699655 0.3391188251001335 0.08975834292289989
0 0.9499332443257676 0.6846950517836594 0.1081441922563418 0.17031070195627157
0 0.7009345794392523 0.7203682393555811 0.24032042723631508 0.1380897583429229
0 0.5013351134846462 0.7313003452243959 0.16421895861148197 0.11852704257767549
0 0.3444592790387183 0.7278481012658228 0.14953271028037382 0.1093210586881473
0 0.2102803738317757 0.7226697353279632 0.15353805073431243 0.10817031070195628
0 0.0787716955941255 0.7209436133486766 0.12817089452603472 0.1093210586881473
0 0.2963951935914553 0.6052934407364787 0.18157543391188252 0.142692750287687
0 0.12216288384512683 0.6052934407364787 0.20694259012016022 0.12197928653624857
