0 0.7240061162079511 0.1523545706371191 0.3165137614678899 0.1772853185595568
0 0.6169724770642202 0.3379501385041551 0.24311926605504589 0.19390581717451524
0 0.1926605504587156 0.35941828254847646 0.2599388379204893 0.2257617728531856
0 0.41743119266055045 0.35526315789473684 0.1529051987767584 0.18421052631578946
0 0.16131498470948014 0.16204986149584488 0.16055045871559634 0.19113573407202217
0 0.19648318042813456 0.8898891966759003 0.2400611620795107 0.1786703601108033
0 0.7920489296636085 0.6966759002770083 0.3394495412844037 0.18559556786703602
0 0.15978593272171254 0.5505540166204986 0.20948012232415902 0.17590027700831026
0 0.3937308868501529 0.5401662049861495 0.26452599388379205 0.18282548476454294
0 0.6246177370030581 0.5207756232686981 0.2217125382262997 0.18005540166204986
0 0.4617737003058104 0.7070637119113573 0.3180428134556575 0.18698060941828254
0 0.8555045871559633 0.314404432132964 0.1819571865443425 0.16066481994459833
0 0.8646788990825688 0.5048476454293629 0.26758409785932724 0.1925207756232687
0 0.77217125382263 0.8857340720221607 0.41284403669724773 0.21745152354570638
