0 0.28197381671701915 0.2386468952734013 0.14501510574018128 0.08619091751621873
0 0.1379657603222558 0.24050046339202966 0.1470292044310171 0.08989805375347544
0 0.16717019133937563 0.14087117701575533 0.13695871097683787 0.10936051899907322
0 0.10926485397784491 0.669601482854495 0.13595166163141995 0.0917516218721038
0 0.12336354481369587 0.772937905468026 0.16012084592145015 0.10936051899907322
0 0.15458207452165157 0.8767377201112141 0.1782477341389728 0.0963855421686747
0 0.297583081570997 0.8873957367933272 0.0755287009063444 0.10843373493975904
0 0.43705941591137965 0.8948100092678406 0.17119838872104734 0.11214087117701575
0 0.6576032225579054 0.7766450417052827 0.07854984894259819 0.10750695088044486
0 0.2764350453172205 0.7673772011121409 0.14400805639476336 0.0963855421686747
0 0.39274924471299094 0.7752548656163114 0.08459214501510574 0.12140871177015755
0 0.5352467270896274 0.7771084337349398 0.15609264853977844 0.11399443929564411
0 0.5624370594159114 0.6714550509731233 0.1782477341389728 0.10287303058387395
0 0.40735146022155083 0.6519925857275255 0.1299093655589124 0.09360518999073215
0 0.2578046324269889 0.6677479147358666 0.17119838872104734 0.1195551436515292
0 0.3771399798590131 0.5560704355885079 0.1822759315206445 0.10194624652455977
0 0.5720040281973817 0.5477293790546802 0.17119838872104734 0.11677479147358666
0 0.15055387713997986 0.5607043558850788 0.23464249748237664 0.10379981464318813
0 0.14400805639476336 0.4541241890639481 0.1470292044310171 0.11306765523632993
0 0.27240684793554887 0.329935125115848 0.12185297079556898 0.08526413345690455
0 0.42346424974823765 0.2154772937905468 0.11983887210473314 0.1010194624652456
0 0.3016112789526687 0.43836886005560705 0.14400805639476336 0.09082483781278962
0 0.6842900302114804 0.42539388322520855 0.1782477341389728 0.10379981464318813
0 0.8695871097683786 0.42075996292863765 0.20040281973816718 0.12604263206672844
0 0.6012084592145015 0.8985171455050973 0.13695871097683787 0.10472659870250231
0 0.7467270896273918 0.8897126969416126 0.16414904330312186 0.10194624652455977
0 0.823262839879154 0.7822057460611678 0.19838872104733132 0.1278962001853568
0 0.8021148036253777 0.19879518072289157 0.15609264853977844 0.10472659870250231
0 0.9159113796576033 0.1969416126042632 0.06545820745216516 0.12511584800741427
0 0.3539778449144008 0.09962928637627433 0.20040281973816718 0.10287303058387395
0 0.6163141993957704 0.206209453197405 0.23766364551863042 0.1010194624652456
0 0.41440080563947634 0.3262279888785913 0.17220543806646527 0.08155699721964782
0 0.554380664652568 0.31417979610750696 0.11379657603222558 0.10009267840593142
0 0.5886203423967774 0.09453197405004633 0.2608257804632427 0.0963855421686747
0 0.4919436052366566 0.44300278035217794 0.1903323262839879 0.12418906394810009
