0 0.16863033873343153 0.17852522639068563 0.2341678939617084 0.12677878395860284
0 0.8284241531664213 0.129366106080207 0.27245949926362295 0.17852522639068563
0 0.17525773195876287 0.3001293661060802 0.25625920471281294 0.13195342820181113
0 0.41237113402061853 0.3027166882276843 0.28865979381443296 0.16817593790426907
0 0.7636229749631811 0.3014230271668823 0.390279823269514 0.16558861578266496
0 0.24889543446244478 0.47089262613195343 0.40353460972017674 0.14747736093143596
0 0.5603829160530192 0.45666235446313064 0.21649484536082475 0.13454075032341525
0 0.8203240058910162 0.4282018111254851 0.3004418262150221 0.15523932729624837
0 0.3807069219440353 0.6073738680465718 0.646539027982327 0.19534282018111254
0 0.8424153166421208 0.5717981888745148 0.28865979381443296 0.19404915912031048
