0 0.15924092409240925 0.12219101123595505 0.15346534653465346 0.17415730337078653
0 0.14356435643564355 0.2949438202247191 0.132013201320132 0.16292134831460675
0 0.1773927392739274 0.6137640449438202 0.2623762376237624 0.17415730337078653
0 0.17986798679867988 0.7745786516853933 0.27722772277227725 0.15870786516853932
0 0.13448844884488448 0.9044943820224719 0.22277227722772278 0.12640449438202248
0 0.1773927392739274 0.4417134831460674 0.25577557755775576 0.1502808988764045
0 0.7937293729372937 0.11376404494382023 0.27722772277227725 0.14606741573033707
0 0.6039603960396039 0.261938202247191 0.24092409240924093 0.13623595505617977
0 0.8044554455445545 0.26825842696629215 0.19306930693069307 0.11797752808988764
0 0.5313531353135313 0.4276685393258427 0.40594059405940597 0.1952247191011236
0 0.8547854785478548 0.40168539325842695 0.23432343234323433 0.1404494382022472
0 0.47194719471947194 0.5997191011235955 0.3234323432343234 0.13764044943820225
0 0.41336633663366334 0.7591292134831461 0.20957095709570958 0.10814606741573034
0 0.6171617161716172 0.7577247191011236 0.1716171617161716 0.13623595505617977
0 0.47854785478547857 0.9009831460674157 0.17491749174917492 0.10252808988764045
0 0.6518151815181518 0.9058988764044944 0.1485148514851485 0.12921348314606743
0 0.8803630363036303 0.901685393258427 0.16006600660066006 0.11797752808988764
0 0.7945544554455446 0.6004213483146067 0.3085808580858086 0.16713483146067415
0 0.948019801980198 0.26264044943820225 0.10726072607260725 0.1151685393258427
0 0.801980198019802 0.7661516853932584 0.2079207920792079 0.1502808988764045
