0 0.10772659732540862 0.14250309789343246 0.09658246656760773 0.12639405204460966
0 0.2236255572065379 0.1332094175960347 0.13224368499257058 0.1325898389095415
0 0.12481426448736999 0.4107806691449814 0.1812778603268945 0.14250309789343246
0 0.41084695393759285 0.38042131350681535 0.18573551263001487 0.11400247831474597
0 0.6315007429420505 0.38971499380421315 0.2139673105497771 0.13011152416356878
0 0.6367013372956909 0.12825278810408922 0.12332838038632987 0.12763320941759604
0 0.34175334323922735 0.13135068153655513 0.0861812778603269 0.1288723667905824
0 0.09955423476968796 0.27199504337050806 0.11292719167904904 0.13506815365551425
0 0.4814264487369985 0.12763320941759604 0.1961367013372957 0.13630731102850063
0 0.5282317979197623 0.2614622057001239 0.30460624071322434 0.13135068153655513
0 0.7607726597325408 0.24349442379182157 0.16344725111441308 0.10532837670384139
0 0.9138187221396731 0.23482032218091697 0.13967310549777118 0.1127633209417596
0 0.1277860326894502 0.5582403965303594 0.15453194650817237 0.137546468401487
0 0.30237741456166417 0.5377942998760843 0.2213967310549777 0.11895910780669144
0 0.4702823179791976 0.5371747211895911 0.1352154531946508 0.12019826517967781
0 0.1775631500742942 0.8029739776951673 0.22436849925705796 0.16852540272614622
0 0.7043090638930164 0.7980173482032218 0.48439821693907875 0.20322180916976457
0 0.836552748885587 0.12143742255266418 0.2763744427934621 0.13135068153655513
0 0.9056463595839525 0.355638166047088 0.150074294205052 0.11895910780669144
0 0.6976225854383358 0.6456009913258984 0.27786032689450224 0.11895910780669144
0 0.687221396731055 0.530359355638166 0.3135215453194651 0.12143742255266418
0 0.9145616641901931 0.5185873605947955 0.17682020802377416 0.12763320941759604
