0 0.40966796875 0.09099099099099099 0.1611328125 0.10270270270270271
0 0.10693359375 0.12522522522522522 0.0927734375 0.1009009009009009
0 0.11865234375 0.21711711711711712 0.1162109375 0.0990990990990991
0 0.1103515625 0.3202702702702703 0.09765625 0.1018018018018018
0 0.1240234375 0.7045045045045045 0.20703125 0.14054054054054055
0 0.3251953125 0.6788288288288288 0.15234375 0.15045045045045044
0 0.21826171875 0.5495495495495496 0.0986328125 0.13333333333333333
0 0.24951171875 0.0990990990990991 0.1787109375 0.10990990990990991
0 0.23779296875 0.30675675675675673 0.1572265625 0.1
0 0.1044921875 0.5603603603603604 0.125 0.11891891891891893
0 0.3505859375 0.5373873873873873 0.173828125 0.14504504504504503
0 0.23974609375 0.20405405405405405 0.1376953125 0.109009009009009
0 0.572265625 0.3945945945945946 0.1796875 0.10990990990990991
0 0.4072265625 0.29864864864864865 0.181640625 0.11261261261261261
0 0.11572265625 0.42117117117117114 0.1396484375 0.0945945945945946
0 0.3623046875 0.19369369369369369 0.1171875 0.08828828828828829
0 0.462890625 0.18828828828828828 0.091796875 0.09549549549549549
0 0.56982421875 0.19504504504504505 0.1435546875 0.0981981981981982
0 0.25341796875 0.4166666666666667 0.1025390625 0.11081081081081082
0 0.38720703125 0.409009009009009 0.1865234375 0.11531531531531532
0 0.48828125 0.5139639639639639 0.123046875 0.109009009009009
0 0.6044921875 0.5351351351351351 0.126953125 0.12612612612612611
0 0.51904296875 0.6644144144144144 0.1630859375 0.13243243243243244
0 0.7109375 0.6504504504504505 0.216796875 0.12972972972972974
0 0.75732421875 0.5288288288288289 0.2021484375 0.12432432432432433
0 0.56396484375 0.3022522522522523 0.1435546875 0.08738738738738738
0 0.546875 0.0918918918918919 0.12890625 0.10810810810810811
