0 0.15924092409240925 0.08918539325842696 0.20297029702970298 0.13623595505617977
0 0.37541254125412543 0.08707865168539326 0.22607260726072606 0.12078651685393259
0 0.12788778877887788 0.3792134831460674 0.20627062706270627 0.14606741573033707
0 0.8250825082508251 0.37359550561797755 0.30033003300330036 0.15168539325842698
0 0.18564356435643564 0.7001404494382022 0.3085808580858086 0.14185393258426968
0 0.49504950495049505 0.6973314606741573 0.3201320132013201 0.16151685393258428
0 0.28795379537953797 0.538623595505618 0.19306930693069307 0.1446629213483146
0 0.528052805280528 0.5337078651685393 0.25742574257425743 0.16292134831460675
0 0.8234323432343235 0.5231741573033708 0.3333333333333333 0.18117977528089887
0 0.5932343234323433 0.8679775280898876 0.28217821782178215 0.16573033707865167
0 0.806930693069307 0.8693820224719101 0.16501650165016502 0.19101123595505617
0 0.9356435643564357 0.8307584269662921 0.0858085808580858 0.15308988764044945
0 0.33663366336633666 0.8567415730337079 0.24092409240924093 0.17134831460674158
0 0.8003300330033003 0.2205056179775281 0.3333333333333333 0.15730337078651685
0 0.4768976897689769 0.22542134831460675 0.3201320132013201 0.16151685393258428
0 0.6245874587458746 0.08848314606741572 0.15676567656765678 0.1151685393258427
0 0.83003300330033 0.08637640449438203 0.297029702970297 0.13342696629213482
0 0.11633663366336634 0.8525280898876404 0.19306930693069307 0.19382022471910113
0 0.8259075907590759 0.6875 0.3481848184818482 0.18679775280898878
0 0.10643564356435643 0.5337078651685393 0.18646864686468648 0.17134831460674158
