0 0.09519321394910461 0.10066889632107023 0.15080113100848255 0.09565217391304348
0 0.08953817153628653 0.23578595317725753 0.10933081998114987 0.09966555183946488
0 0.08341187558906692 0.32073578595317725 0.12158341187558906 0.09698996655518395
0 0.20358152686145145 0.854180602006689 0.22054665409990576 0.09899665551839465
0 0.4019792648444863 0.848494983277592 0.18378887841658811 0.09431438127090301
0 0.13760603204524033 0.7581939799331103 0.16022620169651272 0.10100334448160535
0 0.8091423185673893 0.17926421404682275 0.2403393025447691 0.08695652173913043
0 0.25494816211121585 0.08729096989966555 0.17247879359095195 0.11036789297658862
0 0.4203581526861451 0.06521739130434782 0.177191328934967 0.09297658862876254
0 0.19839773798303487 0.22374581939799332 0.12158341187558906 0.09297658862876254
0 0.19604147031102734 0.3083612040133779 0.1112158341187559 0.07892976588628763
0 0.3232799245994345 0.21337792642140468 0.13383600377002827 0.08294314381270904
0 0.293119698397738 0.2919732441471572 0.11687087653157399 0.09163879598662207
0 0.4849198868991517 0.2076923076923077 0.20452403393025448 0.08093645484949832
0 0.206880301602262 0.5341137123745819 0.09519321394910461 0.07558528428093646
0 0.27332704995287466 0.5324414715719064 0.10179076343072573 0.12040133779264214
0 0.5108388312912346 0.28595317725752506 0.33176248821866167 0.09966555183946488
0 0.7488218661639963 0.2655518394648829 0.15928369462770972 0.09765886287625418
0 0.8982092365692743 0.26387959866220734 0.15080113100848255 0.09431438127090301
0 0.6361922714420358 0.050501672240802674 0.2054665409990575 0.07558528428093646
0 0.8034872761545712 0.047157190635451506 0.117813383600377 0.06488294314381271
0 0.6946277097078228 0.12474916387959867 0.16399622997172478 0.08494983277591973
0 0.8704052780395853 0.11672240802675585 0.18944392082940623 0.08093645484949832
0 0.9043355325164939 0.04648829431438127 0.08576814326107446 0.05551839464882943
0 0.41470311027332707 0.5140468227424749 0.18096135721017909 0.15986622073578596
0 0.5362865221489161 0.5040133779264214 0.08105560791705937 0.10367892976588629
0 0.7488218661639963 0.728428093645485 0.15174363807728558 0.12040133779264214
0 0.8440150801131009 0.7197324414715719 0.06691800188501414 0.09498327759197324
0 0.6229971724787936 0.7341137123745819 0.11498586239396795 0.12107023411371237
0 0.49104618284637136 0.7454849498327759 0.16022620169651272 0.10903010033444815
0 0.38501413760603204 0.7528428093645485 0.06503298774740811 0.09431438127090301
0 0.2865221489161169 0.7528428093645485 0.13760603204524033 0.09832775919732442
0 0.9321394910461829 0.7103678929765886 0.11498586239396795 0.10836120401337793
