0 0.4066115702479339 0.08958652373660031 0.26776859504132233 0.13935681470137826
0 0.6727272727272727 0.09111791730474732 0.2512396694214876 0.14548238897396631
0 0.1140495867768595 0.6960183767228177 0.22479338842975208 0.14548238897396631
0 0.3694214876033058 0.6952526799387443 0.30247933884297523 0.16539050535987748
0 0.14710743801652892 0.8575803981623277 0.19834710743801653 0.1439509954058193
0 0.3231404958677686 0.8598774885145483 0.1537190082644628 0.15160796324655437
0 0.0743801652892562 0.5467075038284839 0.13553719008264462 0.15926493108728942
0 0.2206611570247934 0.5405819295558959 0.1768595041322314 0.14701378254211334
0 0.4371900826446281 0.5367534456355283 0.25950413223140495 0.1546707503828484
0 0.7776859504132232 0.5145482388973966 0.3884297520661157 0.17151607963246554
0 0.4983471074380165 0.8644716692189893 0.2 0.1546707503828484
0 0.6016528925619835 0.6990811638591118 0.171900826446281 0.15773353751914243
0 0.15123966942148762 0.389739663093415 0.2727272727272727 0.14241960183767227
0 0.7173553719008264 0.36983154670750384 0.3504132231404959 0.1546707503828484
0 0.16446280991735537 0.08116385911179173 0.22975206611570248 0.11638591117917305
0 0.8867768595041322 0.09341500765696784 0.19008264462809918 0.13782542113323124
0 0.8396694214876033 0.6753445635528331 0.3140495867768595 0.21745788667687596
