0 0.10752688172043011 0.14524765729585007 0.19047619047619047 0.17804551539491298
0 0.3317972350230415 0.1144578313253012 0.282642089093702 0.14323962516733602
0 0.5407066052227343 0.10441767068273092 0.16589861751152074 0.1285140562248996
0 0.7043010752688172 0.09705488621151272 0.15207373271889402 0.10843373493975904
0 0.804147465437788 0.09705488621151272 0.07834101382488479 0.11378848728246319
0 0.9055299539170507 0.10642570281124498 0.12135176651305683 0.12449799196787148
0 0.41705069124423966 0.23962516733601072 0.24423963133640553 0.13654618473895583
0 0.7956989247311828 0.2175368139223561 0.2488479262672811 0.12182061579651941
0 0.2619047619047619 0.3949129852744311 0.16129032258064516 0.16331994645247658
0 0.5860215053763441 0.37751004016064255 0.16129032258064516 0.14725568942436412
0 0.7711213517665131 0.3781793842034806 0.20890937019969277 0.1566265060240964
0 0.901689708141321 0.38353413654618473 0.09216589861751152 0.14323962516733602
0 0.14055299539170507 0.570281124497992 0.17665130568356374 0.14457831325301204
0 0.16589861751152074 0.7014725568942436 0.18125960061443933 0.12583668005354753
0 0.11674347158218126 0.41767068273092367 0.1597542242703533 0.15261044176706828
0 0.4216589861751152 0.4009370816599732 0.15821812596006143 0.15127175368139223
