0 0.42141863699582754 0.16967509025270758 0.2753824756606398 0.2069795427196149
0 0.8956884561891516 0.13778580024067388 0.1835883171070932 0.16726835138387486
0 0.1933240611961057 0.5709987966305656 0.36439499304589706 0.17448856799037304
0 0.12795549374130738 0.7833935018050542 0.19749652294853964 0.19494584837545126
0 0.34909596662030595 0.7773766546329723 0.24200278164116829 0.2069795427196149
0 0.8344923504867872 0.5216606498194946 0.33657858136300417 0.16967509025270758
0 0.7614742698191933 0.36401925391095064 0.3657858136300417 0.17689530685920576
0 0.07858136300417246 0.3953068592057762 0.11543810848400557 0.18170878459687123
0 0.25034770514603616 0.3868832731648616 0.13073713490959665 0.1793020457280385
0 0.8477051460361613 0.8537906137184116 0.2517385257301808 0.18892900120336945
0 0.14534075104311545 0.154632972322503 0.21001390820584145 0.1793020457280385
0 0.5166898470097357 0.5547533092659447 0.2851182197496523 0.1684717208182912
