0 0.13509991311902694 0.08826695371367062 0.157254561251086 0.07642626480086114
0 0.2993049522154648 0.09795479009687837 0.17810599478714162 0.077502691065662
0 0.4322328410078193 0.10252960172228202 0.0738488271068636 0.06942949407965554
0 0.5312771503040834 0.10522066738428418 0.14335360556038226 0.07158234660925726
0 0.8440486533449174 0.09634015069967707 0.157254561251086 0.0721205597416577
0 0.10599478714161599 0.16819160387513454 0.11120764552562988 0.08342303552206674
0 0.18549087749782797 0.16953713670613563 0.051259774109470024 0.08073196986006459
0 0.2749782797567333 0.1692680301399354 0.13292788879235448 0.08019375672766416
0 0.11728931364031277 0.23977395048439182 0.10773240660295395 0.06297093649085038
0 0.2749782797567333 0.23681377825618946 0.21807124239791487 0.0688912809472551
0 0.5039096437880104 0.23654467168998924 0.26238053866203304 0.06297093649085038
0 0.8114682884448305 0.22820236813778255 0.21372719374456994 0.06566200215285253
0 0.11859252823631625 0.30570505920344454 0.12423979148566464 0.08180839612486544
0 0.2519548218940052 0.29144241119483316 0.15117289313640314 0.07696447793326157
0 0.35708079930495223 0.2922497308934338 0.07298001737619461 0.08073196986006459
0 0.5447437011294527 0.29090419806243273 0.19287576020851432 0.07158234660925726
0 0.6911381407471764 0.2938643702906351 0.0999131190269331 0.06781485468245425
0 0.841876629018245 0.2892895586652314 0.20156385751520417 0.07265877287405813
0 0.0947002606429192 0.38455328310010767 0.08166811468288444 0.0898815931108719
0 0.19635099913119028 0.37029063509149623 0.13379669852302345 0.07319698600645856
0 0.32841007819287577 0.36141011840688914 0.1372719374456994 0.06297093649085038
0 0.4596003475238923 0.35818083961248653 0.15117289313640314 0.06297093649085038
0 0.6285838401390096 0.36194833153928957 0.19374456993918332 0.06189451022604951
0 0.8457862728062554 0.35091496232508074 0.23544743701129453 0.06996770721205597
0 0.11207645525629888 0.5064585575888052 0.13032145960034752 0.08826695371367062
0 0.22589052997393572 0.49596340150699675 0.09730668983492616 0.0844994617868676
0 0.3353605560382276 0.4954251883745963 0.12510860121633363 0.08557588805166846
0 0.4530842745438749 0.49165769644779334 0.11902693310165074 0.07588805166846072
0 0.5695047784535187 0.49004305705059203 0.12076455256298871 0.0844994617868676
0 0.1737619461337967 0.6404736275565124 0.2467419635099913 0.06673842841765339
0 0.39096437880104257 0.6367061356297093 0.19461337966985232 0.07319698600645856
0 0.6177237185056472 0.6270182992465017 0.26585577758470896 0.08396124865446716
0 0.8588184187662902 0.6194833153928956 0.2163336229365769 0.08288482238966631
0 0.11294526498696786 0.7134015069967707 0.1355343179843614 0.07696447793326157
0 0.315377932232841 0.777448869752422 0.1789748045178106 0.0844994617868676
0 0.6277150304083405 0.7744886975242196 0.15377932232841007 0.08073196986006459
0 0.1103388357949609 0.7817545748116254 0.15464813205907907 0.07804090419806244
0 0.15030408340573415 0.8490312163616792 0.22936576889661164 0.07265877287405813
0 0.3392701998262381 0.8493003229278795 0.158992180712424 0.06673842841765339
0 0.5668983492615117 0.8417653390742734 0.29800173761946136 0.077502691065662
0 0.8514335360556038 0.8318083961248655 0.18245004344048654 0.08772874058127018
0 0.8540399652476107 0.7604951560818084 0.13205907906168549 0.0688912809472551
0 0.0947002606429192 0.5729278794402584 0.1268462206776716 0.07265877287405813
0 0.32363162467419637 0.5683530678148547 0.18505647263249347 0.06566200215285253
0 0.4878366637706342 0.5659311087190527 0.14335360556038226 0.07265877287405813
0 0.605994787141616 0.5613562970936491 0.10686359687228497 0.06781485468245425
0 0.0999131190269331 0.9106566200215285 0.13900955690703737 0.059203444564047365
0 0.476107732406603 0.907427341227126 0.22589052997393572 0.06458557588805167
0 0.8449174630755865 0.8853606027987083 0.1103388357949609 0.06458557588805167
0 0.4157254561251086 0.172497308934338 0.15030408340573415 0.07481162540365985
0 0.577758470894874 0.17357373519913885 0.17549956559513466 0.06835306781485469
0 0.7215464813205907 0.17007534983853606 0.13987836663770634 0.06996770721205597
0 0.8579496090356212 0.16792249730893433 0.14335360556038226 0.05489773950484392
0 0.2801911381407472 0.4208826695371367 0.14856646394439618 0.059203444564047365
0 0.43440486533449174 0.4222282023681378 0.16159860990443092 0.06404736275565123
0 0.5573414422241529 0.422497308934338 0.09122502172024327 0.061356297093649086
0 0.6794092093831451 0.42007534983853606 0.1529105125977411 0.06297093649085038
0 0.8323197219808862 0.4114639397201292 0.15638575152041703 0.07158234660925726
0 0.950477845351868 0.40069967707212056 0.08861859252823631 0.07588805166846072
0 0.8662033014769766 0.48331539289558667 0.06255430060816682 0.07427341227125941
0 0.34317984361424847 0.7096340150699677 0.3301476976542137 0.07696447793326157
0 0.5916594265855778 0.7031754574811625 0.17549956559513466 0.073735199138859
0 0.7719374456993918 0.6967168998923574 0.18505647263249347 0.07696447793326157
0 0.9183318853171155 0.68756727664155 0.11120764552562988 0.07911733046286329
0 0.7163336229365769 0.5554359526372443 0.12076455256298871 0.062432723358449946
0 0.841876629018245 0.5481700753498385 0.14074717636837533 0.06727664155005382
0 0.6672458731537794 0.4878902045209903 0.07645525629887055 0.07481162540365985
0 0.7693310165073849 0.48493003229278797 0.13292788879235448 0.07857911733046287
