0 0.13079777365491652 0.45681818181818185 0.1280148423005566 0.13787878787878788
0 0.813543599257885 0.4257575757575758 0.287569573283859 0.14242424242424243
0 0.43413729128014844 0.7439393939393939 0.15213358070500926 0.12424242424242424
0 0.17068645640074212 0.7484848484848485 0.20408163265306123 0.15454545454545454
0 0.6317254174397031 0.7537878787878788 0.16883116883116883 0.14696969696969697
0 0.2077922077922078 0.8939393939393939 0.31910946196660483 0.15151515151515152
0 0.8200371057513914 0.15075757575757576 0.2857142857142857 0.1803030303030303
0 0.16048237476808905 0.31742424242424244 0.28014842300556586 0.15606060606060607
0 0.19851576994434136 0.5984848484848485 0.2300556586270872 0.14242424242424243
0 0.4165120593692022 0.5901515151515152 0.22820037105751392 0.15303030303030302
0 0.6688311688311688 0.593939393939394 0.2653061224489796 0.1696969696969697
0 0.8998144712430427 0.5727272727272728 0.21521335807050093 0.15757575757575756
0 0.8970315398886828 0.7401515151515151 0.14656771799628943 0.15
0 0.7727272727272727 0.8704545454545455 0.28014842300556586 0.11969696969696969
0 0.1679035250463822 0.1318181818181818 0.19109461966604824 0.21212121212121213
0 0.41836734693877553 0.27575757575757576 0.14285714285714285 0.08484848484848485
0 0.4619666048237477 0.31136363636363634 0.32653061224489793 0.16515151515151516
0 0.7430426716141002 0.31742424242424244 0.24304267161410018 0.14393939393939395
0 0.9128014842300557 0.30833333333333335 0.11873840445269017 0.12575757575757576
