0 0.5666666666666667 0.0869815668202765 0.26904761904761904 0.11405529953917051
0 0.25357142857142856 0.1054147465437788 0.32857142857142857 0.14400921658986174
0 0.42083333333333334 0.7626728110599078 0.175 0.12211981566820276
0 0.6125 0.47868663594470046 0.12738095238095237 0.12096774193548387
0 0.18214285714285713 0.7736175115207373 0.30238095238095236 0.12096774193548387
0 0.14523809523809525 0.6244239631336406 0.2119047619047619 0.10829493087557604
0 0.13690476190476192 0.5080645161290323 0.20476190476190476 0.12672811059907835
0 0.3761904761904762 0.630184331797235 0.2571428571428571 0.14516129032258066
0 0.6172619047619048 0.6088709677419355 0.2392857142857143 0.17857142857142858
0 0.3886904761904762 0.5 0.2845238095238095 0.1152073732718894
0 0.1601190476190476 0.358294930875576 0.22976190476190475 0.1313364055299539
0 0.3142857142857143 0.37039170506912444 0.11428571428571428 0.14170506912442396
0 0.8107142857142857 0.08986175115207373 0.18333333333333332 0.1152073732718894
0 0.2369047619047619 0.22926267281105991 0.3619047619047619 0.1359447004608295
0 0.5470238095238096 0.20967741935483872 0.25833333333333336 0.12672811059907835
0 0.8077380952380953 0.20794930875576037 0.20595238095238094 0.11405529953917051
0 0.4773809523809524 0.3548387096774194 0.21904761904761905 0.1728110599078341
0 0.6107142857142858 0.7517281105990783 0.21666666666666667 0.14631336405529954
0 0.8410714285714286 0.5766129032258065 0.20833333333333334 0.173963133640553
0 0.6630952380952381 0.3450460829493088 0.18571428571428572 0.15092165898617513
