0 0.5529045643153527 0.889386189258312 0.14315352697095435 0.11381074168797954
0 0.2328838174273859 0.7634271099744245 0.10684647302904564 0.09974424552429667
0 0.33973029045643155 0.7615089514066496 0.10892116182572614 0.11892583120204604
0 0.06483402489626557 0.65153452685422 0.052904564315352696 0.10613810741687979
0 0.15767634854771784 0.6419437340153452 0.11410788381742738 0.09462915601023018
0 0.26867219917012447 0.6381074168797954 0.10580912863070539 0.10997442455242967
0 0.05134854771784232 0.4328644501278772 0.052904564315352696 0.10613810741687979
0 0.11307053941908714 0.44565217391304346 0.08713692946058091 0.10613810741687979
0 0.14056016597510373 0.3280051150895141 0.12344398340248963 0.0959079283887468
0 0.08350622406639004 0.1336317135549872 0.06535269709543569 0.08823529411764706
0 0.1737551867219917 0.1278772378516624 0.11099585062240663 0.1278772378516624
0 0.34439834024896265 0.43861892583120204 0.06224066390041494 0.09718670076726342
0 0.4367219917012448 0.43158567774936063 0.07883817427385892 0.11125319693094629
0 0.5840248962655602 0.7736572890025576 0.13692946058091288 0.10741687979539642
0 0.4133817427385892 0.5626598465473146 0.10269709543568464 0.09974424552429667
0 0.6675311203319502 0.12404092071611253 0.07780082987551867 0.11764705882352941
0 0.5933609958506224 0.10613810741687979 0.07468879668049792 0.10230179028132992
0 0.7017634854771784 0.22762148337595908 0.10477178423236515 0.09207161125319693
0 0.8112033195020747 0.22634271099744246 0.12448132780082988 0.10230179028132992
0 0.2157676348547718 0.4424552429667519 0.11410788381742738 0.10997442455242967
0 0.5326763485477178 0.4328644501278772 0.12344398340248963 0.10613810741687979
0 0.7188796680497925 0.8631713554987213 0.1078838174273859 0.09974424552429667
0 0.8236514522821576 0.8663682864450127 0.1078838174273859 0.09846547314578005
0 0.4139004149377593 0.8817135549872123 0.13900414937759337 0.11381074168797954
0 0.7136929460580913 0.7691815856777494 0.10580912863070539 0.10358056265984655
0 0.8049792531120332 0.7647058823529411 0.07261410788381743 0.09462915601023018
0 0.7712655601659751 0.6630434782608695 0.21265560165975103 0.11125319693094629
0 0.5933609958506224 0.6572890025575447 0.14730290456431536 0.10741687979539642
0 0.45954356846473027 0.6604859335038363 0.14522821576763487 0.09846547314578005
0 0.08973029045643154 0.5434782608695652 0.11721991701244813 0.10485933503836317
0 0.8153526970954357 0.1336317135549872 0.07883817427385892 0.08823529411764706
0 0.27022821576763484 0.3248081841432225 0.11721991701244813 0.10741687979539642
0 0.39107883817427386 0.3241687979539642 0.13278008298755187 0.09846547314578005
0 0.5031120331950207 0.3248081841432225 0.10995850622406639 0.10741687979539642
0 0.5171161825726142 0.5473145780051151 0.10477178423236515 0.12020460358056266
0 0.10840248962655602 0.7647058823529411 0.12551867219917012 0.10741687979539642
0 0.13900414937759337 0.8644501278772379 0.15767634854771784 0.10485933503836317
0 0.2899377593360996 0.8740409207161125 0.10892116182572614 0.09335038363171355
0 0.2391078838174274 0.5364450127877238 0.19190871369294607 0.10613810741687979
0 0.6737551867219918 0.5524296675191815 0.09439834024896265 0.10997442455242967
0 0.7780082987551867 0.5581841432225064 0.13900414937759337 0.12915601023017903
0 0.6737551867219918 0.4424552429667519 0.20228215767634855 0.10485933503836317
0 0.83298755186722 0.4328644501278772 0.1078838174273859 0.10613810741687979
0 0.9315352697095436 0.43350383631713557 0.0975103734439834 0.12276214833759591
0 0.9227178423236515 0.31138107416879796 0.10269709543568464 0.10613810741687979
0 0.6058091286307054 0.32672634271099743 0.0995850622406639 0.11381074168797954
0 0.6939834024896265 0.33312020460358055 0.0912863070539419 0.12148337595907928
0 0.796161825726141 0.3273657289002558 0.1338174273858921 0.10997442455242967
0 0.6073651452282157 0.2237851662404092 0.09647302904564316 0.09718670076726342
0 0.07987551867219916 0.21994884910485935 0.1078838174273859 0.09974424552429667
0 0.4553941908713693 0.22122762148337596 0.13278008298755187 0.10230179028132992
0 0.35269709543568467 0.21739130434782608 0.0912863070539419 0.10997442455242967
0 0.2645228215767635 0.2186700767263427 0.1078838174273859 0.10997442455242967
0 0.18049792531120332 0.21611253196930946 0.0995850622406639 0.12276214833759591
0 0.052385892116182574 0.32672634271099743 0.052904564315352696 0.0959079283887468
0 0.31275933609958506 0.10613810741687979 0.1483402489626556 0.10741687979539642
0 0.4175311203319502 0.11061381074168798 0.09232365145228216 0.11125319693094629
0 0.5088174273858921 0.10933503836317135 0.09647302904564316 0.11636828644501279
0 0.8812240663900415 0.149616368286445 0.06742738589211618 0.08695652173913043
0 0.4538381742738589 0.7710997442455243 0.12136929460580913 0.10741687979539642
0 0.45643153526970953 0.7966751918158568 0.06431535269709543 0.061381074168797956
0 0.9206431535269709 0.8586956521739131 0.09024896265560166 0.1010230179028133
