0 0.4365 0.9228775113415425 0.205 0.07647440051847051
0 0.266 0.9206092028515879 0.142 0.09138042773817238
0 0.488 0.4769928710304601 0.194 0.09332469215813351
0 0.0975 0.08230719377835385 0.113 0.07517822423849643
0 0.103 0.5907323395981854 0.116 0.08101101749837979
0 0.2585 0.5839274141283215 0.181 0.08554763447828904
0 0.4845 0.5852235904082955 0.161 0.09202851587815943
0 0.1405 0.6769280622164614 0.209 0.08749189889825017
0 0.252 0.7585871678548283 0.174 0.0797148412184057
0 0.505 0.7501620220349967 0.356 0.09397278029812055
0 0.8345 0.7462734931950745 0.139 0.09526895657809462
0 0.787 0.6548930654569022 0.284 0.10563836681788723
0 0.069 0.8431626701231367 0.092 0.07647440051847051
0 0.106 0.9115359688917692 0.176 0.08619572261827609
0 0.7285 0.8538561244329229 0.145 0.101749837977965
0 0.8635 0.8506156837329877 0.149 0.101749837977965
0 0.239 0.8392741412832145 0.228 0.08425145819831498
0 0.4585 0.8496435515230071 0.219 0.08684381075826313
0 0.423 0.830848995463383 0.092 0.059624108878807515
0 0.834 0.9215813350615684 0.108 0.09073233959818536
0 0.281 0.0780946208684381 0.25 0.08619572261827609
0 0.105 0.23428386260531434 0.104 0.07712248865845756
0 0.22 0.23201555411535968 0.146 0.07906675307841866
0 0.342 0.22812702527543746 0.112 0.0829552819183409
0 0.476 0.22618276085547634 0.18 0.08036292935839275
0 0.807 0.31075826312378485 0.2 0.08619572261827609
0 0.8035 0.3826960466623461 0.153 0.08619572261827609
0 0.0905 0.7605314322747894 0.145 0.09008425145819832
0 0.105 0.16202203499675957 0.104 0.06869734283862605
0 0.153 0.3104342190537913 0.216 0.07906675307841866
0 0.3585 0.30589760207388206 0.125 0.06999351911860013
0 0.2555 0.15392093324692158 0.205 0.07193778353856124
