0 0.8653555219364599 0.1604859335038363 0.1573373676248109 0.13171355498721227
0 0.11119515885022693 0.8331202046035806 0.18608169440242056 0.10869565217391304
0 0.12481089258698941 0.18414322250639387 0.22239031770045387 0.13810741687979539
0 0.7677760968229954 0.7033248081841432 0.2708018154311649 0.1483375959079284
0 0.4909228441754917 0.9367007672634271 0.1588502269288956 0.10869565217391304
0 0.670196671709531 0.9328644501278772 0.19364599092284418 0.11636828644501279
0 0.30030257186081694 0.8414322250639387 0.2042360060514372 0.1432225063938619
0 0.09304084720121028 0.7122762148337596 0.1649016641452345 0.13810741687979539
0 0.3101361573373676 0.7167519181585678 0.2844175491679274 0.1445012787723785
0 0.7821482602118003 0.829923273657289 0.22390317700453857 0.09974424552429667
0 0.10665658093797277 0.9315856777493606 0.1588502269288956 0.0959079283887468
0 0.283661119515885 0.9437340153452686 0.2042360060514372 0.09718670076726342
0 0.11119515885022693 0.06457800511508952 0.16187594553706505 0.09846547314578005
0 0.5915279878971256 0.04475703324808184 0.07564296520423601 0.08951406649616368
0 0.6739788199697428 0.03836317135549872 0.07715582450832073 0.07672634271099744
0 0.8275340393343419 0.04283887468030691 0.2118003025718608 0.07800511508951406
0 0.283661119515885 0.06074168797953964 0.18608169440242056 0.10869565217391304
0 0.45612708018154313 0.052429667519181586 0.1951588502269289 0.10485933503836317
0 0.5317700453857791 0.8312020460358056 0.291981845688351 0.10997442455242967
