0 0.8328380386329867 0.09491315136476426 0.1887072808320951 0.1575682382133995
0 0.2971768202080238 0.5936724565756824 0.1901931649331352 0.1600496277915633
0 0.5676077265973254 0.5961538461538461 0.34175334323922735 0.14764267990074442
0 0.10104011887072809 0.5949131513647643 0.20208023774145617 0.1600496277915633
0 0.24145616641901932 0.8889578163771712 0.2600297176820208 0.15508684863523572
0 0.4725111441307578 0.8715880893300249 0.2199108469539376 0.17245657568238212
0 0.6575037147102526 0.8672456575682382 0.1589895988112927 0.13895781637717122
0 0.825408618127786 0.8560794044665012 0.19465081723625557 0.1513647642679901
0 0.8543833580980683 0.5843672456575683 0.1901931649331352 0.13647642679900746
0 0.11664190193164933 0.7357320099255583 0.2362555720653789 0.1513647642679901
0 0.35066864784546803 0.7307692307692307 0.2674591381872214 0.12406947890818859
0 0.24591381872213966 0.09863523573200993 0.34026745913818723 0.1674937965260546
0 0.6686478454680534 0.7270471464019851 0.38930163447251115 0.12655086848635236
0 0.9219910846953938 0.7053349875930521 0.1263001485884101 0.13523573200992556
