0 0.1460727969348659 0.11438223938223938 0.2595785440613027 0.0859073359073359
0 0.3453065134099617 0.10352316602316602 0.14272030651340997 0.0719111969111969
0 0.12931034482758622 0.2579633204633205 0.19348659003831417 0.07384169884169885
0 0.46695402298850575 0.3781370656370656 0.19636015325670497 0.07287644787644787
0 0.28735632183908044 0.3810328185328185 0.1743295019157088 0.07480694980694981
0 0.10871647509578544 0.38682432432432434 0.1925287356321839 0.0719111969111969
0 0.610632183908046 0.37065637065637064 0.09482758620689655 0.08204633204633205
0 0.7078544061302682 0.37427606177606176 0.11877394636015326 0.07094594594594594
0 0.8232758620689655 0.3762065637065637 0.1082375478927203 0.06515444015444015
0 0.9113984674329502 0.37572393822393824 0.08333333333333333 0.06611969111969113
0 0.11542145593869732 0.45294401544401547 0.22509578544061304 0.07287644787644787
0 0.22940613026819923 0.5111003861003861 0.16379310344827586 0.05694980694980695
0 0.414272030651341 0.5106177606177607 0.22126436781609196 0.05791505791505792
0 0.13649425287356323 0.8170849420849421 0.08524904214559387 0.05888030888030888
0 0.2523946360153257 0.8064671814671814 0.1503831417624521 0.06274131274131274
0 0.38409961685823757 0.8076737451737451 0.1206896551724138 0.06998069498069498
0 0.5234674329501916 0.8028474903474904 0.15804597701149425 0.06998069498069498
0 0.6738505747126436 0.8038127413127413 0.15421455938697318 0.08156370656370657
0 0.08764367816091954 0.701496138996139 0.1235632183908046 0.06708494208494209
0 0.5454980842911877 0.23914092664092665 0.21551724137931033 0.06418918918918919
0 0.32950191570881227 0.2454150579150579 0.2260536398467433 0.07673745173745174
0 0.514367816091954 0.10135135135135136 0.21264367816091953 0.059845559845559844
0 0.8984674329501916 0.16722972972972974 0.14367816091954022 0.06322393822393822
0 0.7476053639846744 0.16385135135135134 0.15421455938697318 0.06515444015444015
0 0.5665708812260536 0.159507722007722 0.20977011494252873 0.06901544401544402
0 0.4018199233716475 0.16674710424710426 0.11398467432950192 0.06901544401544402
