0 0.1333780160857909 0.7347066167290887 0.12734584450402145 0.13358302122347065
0 0.17560321715817695 0.43820224719101125 0.26273458445040215 0.15980024968789014
0 0.22989276139410186 0.28214731585518105 0.1487935656836461 0.15480649188514356
0 0.0918230563002681 0.2902621722846442 0.1193029490616622 0.15355805243445692
0 0.42761394101876676 0.7515605493133583 0.2868632707774799 0.14481897627965043
0 0.6487935656836461 0.2727840199750312 0.1903485254691689 0.15355805243445692
0 0.13672922252010725 0.12671660424469414 0.11796246648793565 0.16853932584269662
0 0.4436997319034853 0.27403245942571786 0.21447721179624665 0.16354556803995007
0 0.12935656836461126 0.5986267166042447 0.18096514745308312 0.1560549313358302
0 0.829088471849866 0.8813982521847691 0.15951742627345844 0.132334581772784
0 0.7781501340482574 0.4207240948813982 0.3900804289544236 0.132334581772784
0 0.8646112600536193 0.264669163545568 0.21983914209115282 0.14481897627965043
0 0.39745308310991956 0.599250936329588 0.25067024128686327 0.1797752808988764
0 0.6916890080428955 0.5923845193508115 0.3699731903485255 0.18601747815230962
0 0.1789544235924933 0.8682896379525593 0.23994638069705093 0.1285892634207241
0 0.8176943699731903 0.7359550561797753 0.26541554959785524 0.1585518102372035
0 0.4584450402144772 0.1229712858926342 0.4262734584450402 0.16354556803995007
0 0.7520107238605898 0.1198501872659176 0.16890080428954424 0.14481897627965043
0 0.44168900804289546 0.43508114856429464 0.29088471849865954 0.16104868913857678
0 0.9349865951742627 0.5823970037453183 0.12734584450402145 0.16853932584269662
