0 0.18883792048929662 0.10664819944598337 0.27370030581039756 0.18282548476454294
0 0.7515290519877675 0.09487534626038781 0.2308868501529052 0.1592797783933518
0 0.16896024464831805 0.3157894736842105 0.2492354740061162 0.1994459833795014
0 0.37996941896024466 0.30886426592797783 0.18807339449541285 0.17174515235457063
0 0.18042813455657492 0.5124653739612188 0.2691131498470948 0.1745152354570637
0 0.45642201834862384 0.4951523545706371 0.28593272171253825 0.20083102493074792
0 0.7125382262996942 0.48476454293628807 0.2599388379204893 0.2188365650969529
0 0.5351681957186545 0.8642659279778393 0.20489296636085627 0.16066481994459833
0 0.1559633027522936 0.6980609418282548 0.25688073394495414 0.21052631578947367
0 0.43883792048929665 0.6966759002770083 0.3180428134556575 0.22160664819944598
0 0.672782874617737 0.6821329639889196 0.2018348623853211 0.18975069252077562
0 0.8899082568807339 0.6745152354570637 0.22629969418960244 0.19113573407202217
0 0.709480122324159 0.8566481994459834 0.1651376146788991 0.16759002770083103
0 0.5718654434250765 0.2984764542936288 0.2018348623853211 0.19806094182825484
0 0.8042813455657493 0.27354570637119113 0.29357798165137616 0.1925207756232687
0 0.9120795107033639 0.47853185595567865 0.18807339449541285 0.21191135734072022
