0 0.21604046242774566 0.1272378516624041 0.26734104046242774 0.17263427109974425
0 0.6076589595375722 0.09526854219948849 0.3020231213872832 0.17774936061381075
0 0.7304913294797688 0.3976982097186701 0.16907514450867053 0.13810741687979539
0 0.49710982658959535 0.25 0.1994219653179191 0.12915601023017903
0 0.16690751445086704 0.2666240409207161 0.19219653179190752 0.11636828644501279
0 0.8591040462427746 0.2557544757033248 0.1546242774566474 0.1329923273657289
0 0.16257225433526012 0.42071611253196933 0.24132947976878613 0.1534526854219949
0 0.5643063583815029 0.3874680306905371 0.157514450867052 0.13043478260869565
0 0.5773121387283237 0.6854219948849105 0.2875722543352601 0.16879795396419436
0 0.8569364161849711 0.6687979539641944 0.2774566473988439 0.16879795396419436
0 0.13005780346820808 0.5588235294117647 0.17630057803468208 0.1636828644501279
0 0.37427745664739887 0.5415601023017903 0.3236994219653179 0.14705882352941177
0 0.3945086705202312 0.8567774936061381 0.2398843930635838 0.1432225063938619
0 0.8489884393063584 0.08759590792838874 0.16907514450867053 0.14194373401534527
0 0.9241329479768786 0.40217391304347827 0.14884393063583815 0.149616368286445
0 0.6011560693641619 0.5274936061381074 0.1416184971098266 0.13938618925831203
0 0.1546242774566474 0.842071611253197 0.1676300578034682 0.13938618925831203
0 0.6264450867052023 0.8427109974424553 0.1777456647398844 0.1278772378516624
0 0.8258670520231214 0.8414322250639387 0.21242774566473988 0.1329923273657289
0 0.8316473988439307 0.5191815856777494 0.3222543352601156 0.1329923273657289
