0 0.7507716049382716 0.12978142076502733 0.33487654320987653 0.16393442622950818
0 0.5 0.33811475409836067 0.24382716049382716 0.1762295081967213
0 0.11342592592592593 0.3394808743169399 0.2021604938271605 0.18442622950819673
0 0.11574074074074074 0.532103825136612 0.22530864197530864 0.19262295081967212
0 0.37808641975308643 0.5047814207650273 0.3148148148148148 0.1762295081967213
0 0.6203703703703703 0.48975409836065575 0.17901234567901234 0.17349726775956284
0 0.21604938271604937 0.8217213114754098 0.3950617283950617 0.21448087431693988
0 0.5424382716049383 0.7807377049180327 0.26080246913580246 0.18989071038251365
0 0.8125 0.31420765027322406 0.1867283950617284 0.16666666666666666
0 0.0941358024691358 0.13387978142076504 0.1728395061728395 0.18579234972677597
0 0.24614197530864199 0.11885245901639344 0.14351851851851852 0.16666666666666666
0 0.7685185185185185 0.6181693989071039 0.3271604938271605 0.1489071038251366
0 0.8186728395061729 0.7657103825136612 0.31635802469135804 0.1871584699453552
0 0.8387345679012346 0.4726775956284153 0.279320987654321 0.17759562841530055
