0 0.11359724612736662 0.1037037037037037 0.17555938037865748 0.11259259259259259
0 0.3433734939759036 0.10592592592592592 0.24268502581755594 0.13185185185185186
0 0.7409638554216867 0.10740740740740741 0.31841652323580033 0.16444444444444445
0 0.09466437177280551 0.2733333333333333 0.14457831325301204 0.16444444444444445
0 0.24096385542168675 0.2837037037037037 0.1514629948364888 0.14074074074074075
0 0.45869191049913943 0.2511111111111111 0.1944922547332186 0.1348148148148148
0 0.7788296041308089 0.25925925925925924 0.2943201376936317 0.1451851851851852
0 0.12650602409638553 0.44222222222222224 0.16006884681583478 0.13777777777777778
0 0.6006884681583476 0.56 0.23752151462994836 0.15407407407407409
0 0.8141135972461274 0.5696296296296296 0.2099827882960413 0.16148148148148148
0 0.8597246127366609 0.41555555555555557 0.16351118760757316 0.14074074074074075
0 0.8209982788296041 0.8970370370370371 0.22030981067125646 0.11703703703703704
0 0.4027538726333907 0.5525925925925926 0.1514629948364888 0.12444444444444444
0 0.8640275387263339 0.7851851851851852 0.12392426850258176 0.10666666666666667
0 0.7005163511187608 0.7881481481481482 0.2134251290877797 0.11851851851851852
0 0.5060240963855421 0.8007407407407408 0.17900172117039587 0.12
0 0.2857142857142857 0.7837037037037037 0.27538726333907054 0.13037037037037036
0 0.10929432013769363 0.7718518518518519 0.13941480206540446 0.10962962962962963
