0 0.06912442396313365 0.09370816599732262 0.11674347158218126 0.12048192771084337
0 0.22196620583717358 0.07764390896921017 0.17665130568356374 0.14725568942436412
0 0.4393241167434716 0.06894243641231593 0.2672811059907834 0.14056224899598393
0 0.5814132104454686 0.19544846050870146 0.17357910906298002 0.1285140562248996
0 0.728110599078341 0.19210174029451138 0.12903225806451613 0.11914323962516733
0 0.8294930875576036 0.5334672021419009 0.29185867895545314 0.18607764390896922
0 0.20430107526881722 0.5816599732262383 0.3348694316436252 0.16198125836680052
0 0.13978494623655913 0.7362784471218207 0.2488479262672811 0.15796519410977242
0 0.39400921658986177 0.7382864792503346 0.31797235023041476 0.1753681392235609
0 0.7158218125960062 0.07161981258366801 0.25499231950844853 0.12717536813922356
0 0.9024577572964669 0.08835341365461848 0.1152073732718894 0.11244979919678715
0 0.8786482334869432 0.19745649263721554 0.16282642089093702 0.1111111111111111
0 0.7019969278033794 0.7195448460508701 0.30414746543778803 0.16733601070950468
0 0.9178187403993856 0.7095046854082999 0.12749615975422426 0.1686746987951807
