0 0.14198473282442747 0.14018691588785046 0.2015267175572519 0.16555407209612816
0 0.8175572519083969 0.12082777036048065 0.24580152671755726 0.1321762349799733
0 0.7969465648854962 0.42923898531375165 0.2717557251908397 0.15353805073431243
0 0.8435114503816794 0.7710280373831776 0.233587786259542 0.15620827770360482
0 0.09770992366412214 0.4492656875834446 0.1435114503816794 0.1348464619492657
0 0.3709923664122137 0.12483311081441922 0.1984732824427481 0.1348464619492657
0 0.5503816793893129 0.12349799732977303 0.11145038167938931 0.1321762349799733
0 0.09465648854961832 0.8030707610146862 0.13435114503816795 0.20160213618157544
0 0.5282442748091603 0.794392523364486 0.10381679389312977 0.16555407209612816
0 0.25267175572519085 0.7930574098798397 0.15419847328244274 0.16555407209612816
0 0.42442748091603055 0.27837116154873165 0.18625954198473282 0.14819759679572764
0 0.17251908396946564 0.2890520694259012 0.30229007633587784 0.14552736982643524
0 0.8076335877862595 0.2676902536715621 0.3816793893129771 0.1295060080106809
0 0.3977099236641221 0.7950600801068091 0.15725190839694655 0.16421895861148197
