0 0.6368330464716007 0.25741839762611274 0.4819277108433735 0.15281899109792285
0 0.3080895008605852 0.26112759643916916 0.18588640275387264 0.1513353115727003
0 0.8382099827882961 0.4169139465875371 0.1686746987951807 0.16913946587537093
0 0.10757314974182444 0.09792284866468842 0.14629948364888123 0.11869436201780416
0 0.3055077452667814 0.11498516320474778 0.25645438898450945 0.13798219584569732
0 0.5344234079173839 0.11275964391691394 0.2289156626506024 0.13056379821958458
0 0.7409638554216867 0.10534124629080119 0.20481927710843373 0.142433234421365
0 0.9018932874354562 0.09866468842729971 0.14113597246127366 0.09050445103857567
0 0.10671256454388985 0.2744807121661721 0.14457831325301204 0.1394658753709199
0 0.7521514629948365 0.6683976261127597 0.35111876075731496 0.15875370919881307
0 0.2891566265060241 0.6988130563798219 0.32013769363166955 0.1513353115727003
0 0.10240963855421686 0.8382789317507419 0.16695352839931152 0.11572700296735905
0 0.12306368330464716 0.9458456973293768 0.1566265060240964 0.09050445103857567
0 0.3029259896729776 0.9643916913946587 0.19965576592082615 0.0712166172106825
0 0.08433734939759036 0.44287833827893175 0.14113597246127366 0.13798219584569732
0 0.3984509466437177 0.43768545994065283 0.4939759036144578 0.17804154302670624
0 0.08089500860585198 0.6765578635014837 0.12392426850258176 0.10979228486646884
0 0.29518072289156627 0.844213649851632 0.18760757314974183 0.14836795252225518
0 0.8571428571428571 0.7826409495548962 0.1549053356282272 0.1172106824925816
0 0.5843373493975904 0.8219584569732937 0.39414802065404475 0.1543026706231454
0 0.5283993115318416 0.9406528189910979 0.2134251290877797 0.10385756676557864
0 0.6944922547332186 0.9176557863501483 0.12908777969018934 0.10237388724035608
0 0.7857142857142857 0.9094955489614244 0.1153184165232358 0.10682492581602374
