0 0.48778735632183906 0.07969151670951156 0.1882183908045977 0.14395886889460155
0 0.8548850574712644 0.09061696658097686 0.1752873563218391 0.16838046272493573
0 0.3218390804597701 0.06812339331619537 0.13218390804597702 0.13367609254498714
0 0.14655172413793102 0.08226221079691516 0.20114942528735633 0.15938303341902313
0 0.2974137931034483 0.25 0.20977011494252873 0.18380462724935734
0 0.555316091954023 0.2480719794344473 0.3232758620689655 0.18251928020565553
0 0.8577586206896551 0.2493573264781491 0.27873563218390807 0.16452442159383032
0 0.17313218390804597 0.4087403598971722 0.29454022988505746 0.14910025706940874
0 0.7665229885057471 0.39524421593830333 0.38936781609195403 0.16066838046272494
0 0.10919540229885058 0.2544987146529563 0.1839080459770115 0.16195372750642673
0 0.1752873563218391 0.7300771208226221 0.3160919540229885 0.17223650385604114
0 0.6910919540229885 0.8888174807197944 0.4224137931034483 0.16838046272493573
0 0.3793103448275862 0.8946015424164524 0.21551724137931033 0.16195372750642673
0 0.33979885057471265 0.5732647814910026 0.28879310344827586 0.17223650385604114
0 0.5524425287356322 0.583547557840617 0.1221264367816092 0.16709511568123395
0 0.6918103448275862 0.5777634961439588 0.17672413793103448 0.20179948586118251
0 0.1206896551724138 0.5732647814910026 0.1724137931034483 0.16195372750642673
0 0.8721264367816092 0.5674807197943444 0.22988505747126436 0.15295629820051415
0 0.46695402298850575 0.7262210796915167 0.28160919540229884 0.11825192802056556
0 0.6774425287356322 0.7397172236503856 0.14798850574712644 0.14010282776349614
0 0.8189655172413793 0.7352185089974294 0.14655172413793102 0.16709511568123395
0 0.9367816091954023 0.7268637532133676 0.10344827586206896 0.14781491002570693
