0 0.1051912568306011 0.07463823305407463 0.08287795992714025 0.06092916984006093
0 0.20765027322404372 0.05712109672505712 0.12932604735883424 0.0654988575780655
0 0.07377049180327869 0.18164508758568165 0.04918032786885246 0.05712109672505712
0 0.3251366120218579 0.05064737242955065 0.10382513661202186 0.06778370144706779
0 0.4080145719489982 0.04683929931454684 0.07285974499089254 0.07083015993907082
0 0.5109289617486339 0.04112718964204113 0.1366120218579235 0.0654988575780655
0 0.5733151183970856 0.11043412033511044 0.05555555555555555 0.06702208682406702
0 0.6443533697632058 0.10776846915460776 0.08287795992714025 0.0753998476770754
0 0.7427140255009107 0.09824828636709824 0.11930783242258652 0.0654988575780655
0 0.8346994535519126 0.04379284082254379 0.06648451730418943 0.04950495049504951
0 0.45264116575591984 0.16527037319116528 0.06557377049180328 0.057882711348057884
0 0.5541894353369763 0.16412795125666413 0.12112932604735883 0.06626047220106626
0 0.2103825136612022 0.11424219345011424 0.10746812386156648 0.06092916984006093
0 0.3383424408014572 0.1130997715156131 0.16120218579234974 0.05864432597105865
0 0.47950819672131145 0.10548362528560548 0.13570127504553733 0.06778370144706779
0 0.1598360655737705 0.1766945925361767 0.12477231329690346 0.06397562833206398
0 0.26730418943533696 0.17364813404417365 0.09016393442622951 0.0594059405940594
0 0.36475409836065575 0.17326732673267325 0.10837887067395265 0.05864432597105865
0 0.16848816029143898 0.5190403655750191 0.09289617486338798 0.06778370144706779
0 0.25546448087431695 0.5201827875095202 0.09016393442622951 0.06854531607006854
0 0.10428051001821494 0.6576542269611576 0.10109289617486339 0.06778370144706779
0 0.2103825136612022 0.6527037319116527 0.08925318761384335 0.07006854531607007
0 0.25 0.7113480578827114 0.09744990892531877 0.0715917745620716
0 0.1470856102003643 0.7143945163747144 0.10109289617486339 0.06854531607006854
0 0.0546448087431694 0.7223914699162224 0.08378870673952642 0.07387661843107388
0 0.12477231329690346 0.7772277227722773 0.07103825136612021 0.05407463823305408
0 0.3788706739526412 0.6378522467631379 0.06739526411657559 0.07083015993907082
0 0.29918032786885246 0.6393754760091394 0.10109289617486339 0.07996953541507996
0 0.03278688524590164 0.6572734196496572 0.04918032786885246 0.07311500380807312
0 0.6434426229508197 0.044173648134044174 0.13752276867030966 0.05483625285605483
0 0.7522768670309654 0.04112718964204113 0.10382513661202186 0.05483625285605483
0 0.3401639344262295 0.5129474485910129 0.08469945355191257 0.07083015993907082
0 0.06602914389799636 0.5281797410510282 0.11566484517304189 0.06321401370906321
0 0.04052823315118397 0.41774562071591775 0.05555555555555555 0.06778370144706779
0 0.10336976320582877 0.4074638233054075 0.0883424408014572 0.07616146230007616
0 0.19808743169398907 0.4013709063214014 0.12659380692167577 0.06854531607006854
0 0.2887067395264117 0.39185072353389183 0.08378870673952642 0.06169078446306169
0 0.43624772313296906 0.4466869763899467 0.0965391621129326 0.060167555217060166
0 0.5318761384335154 0.4345011424219345 0.10018214936247723 0.06930693069306931
0 0.3274134790528233 0.44935262757044936 0.12295081967213115 0.062452399086062454
0 0.048724954462659384 0.29284082254379284 0.06648451730418943 0.06169078446306169
0 0.13524590163934427 0.2833206397562833 0.11748633879781421 0.07463823305407463
0 0.25045537340619306 0.28065498857578064 0.11657559198542805 0.05864432597105865
0 0.37249544626593806 0.2757044935262757 0.12750455373406194 0.06092916984006093
0 0.06739526411657559 0.5902513328255903 0.09836065573770492 0.06397562833206398
0 0.14571948998178508 0.5872048743335873 0.08561020036429873 0.06702208682406702
0 0.2290528233151184 0.5841584158415841 0.0883424408014572 0.06092916984006093
0 0.3283242258652095 0.5769230769230769 0.11020036429872496 0.055597867479055596
0 0.44489981785063754 0.5696877380045697 0.1302367941712204 0.06854531607006854
0 0.5851548269581056 0.5536938309215537 0.15209471766848817 0.06854531607006854
0 0.72632058287796 0.5312261995430312 0.1429872495446266 0.07235338918507235
0 0.05418943533697632 0.781035795887281 0.07923497267759563 0.05712109672505712
0 0.09699453551912568 0.8328255902513328 0.09380692167577413 0.06321401370906321
0 0.17486338797814208 0.8324447829398325 0.07285974499089254 0.0594059405940594
0 0.290528233151184 0.8236862147753237 0.16939890710382513 0.06473724295506474
0 0.44398907103825136 0.8111195734958111 0.11020036429872496 0.05483625285605483
0 0.5887978142076503 0.8000761614623001 0.20127504553734063 0.08606245239908607
0 0.7235883424408015 0.7886519421172886 0.06466302367941712 0.07235338918507235
0 0.831511839708561 0.7696115765422696 0.151183970856102 0.09672505712109672
0 0.11612021857923498 0.8880426504188881 0.11566484517304189 0.05635948210205636
0 0.22814207650273224 0.8838537699923839 0.11202185792349727 0.05864432597105865
0 0.3392531876138434 0.8747143945163747 0.11930783242258652 0.06169078446306169
0 0.43214936247723135 0.8693830921553694 0.09744990892531877 0.06169078446306169
0 0.5077413479052824 0.8697638994668697 0.06284153005464481 0.05635948210205636
0 0.6038251366120219 0.8606245239908606 0.14025500910746813 0.0594059405940594
0 0.7281420765027322 0.8492003046458492 0.10655737704918032 0.06702208682406702
0 0.1092896174863388 0.9345011424219345 0.10018214936247723 0.04265041888804265
0 0.20856102003642987 0.9337395277989338 0.10382513661202186 0.0456968773800457
0 0.2827868852459016 0.9352627570449352 0.05373406193078324 0.05635948210205636
0 0.3633879781420765 0.9318354912414318 0.11293260473588343 0.060167555217060166
0 0.4831511839708561 0.9246001523229246 0.1429872495446266 0.062452399086062454
0 0.6489071038251366 0.9154607768469155 0.1029143897996357 0.07006854531607007
0 0.7609289617486339 0.9124143183549124 0.12659380692167577 0.07006854531607007
0 0.11475409836065574 0.9676313785224676 0.11293260473588343 0.03427265803503427
0 0.21994535519125682 0.9722010662604722 0.09927140255009108 0.041888804265041886
0 0.31193078324225865 0.9733434881949733 0.08652094717668488 0.03808073115003808
0 0.38342440801457195 0.9767707539984768 0.060109289617486336 0.04036557501904037
0 0.3788706739526412 0.3872810357958873 0.10382513661202186 0.05864432597105865
0 0.4731329690346084 0.38233054074638234 0.09198542805100182 0.07006854531607007
0 0.5596539162112932 0.3728103579588728 0.0883424408014572 0.060167555217060166
0 0.6361566484517304 0.37166793602437165 0.07377049180327869 0.07006854531607007
0 0.7313296903460837 0.3648134044173648 0.1384335154826958 0.057882711348057884
0 0.07012750455373407 0.35300837776085303 0.11293260473588343 0.06473724295506474
0 0.1830601092896175 0.3415841584158416 0.13479052823315119 0.06169078446306169
0 0.3292349726775956 0.33663366336633666 0.16484517304189436 0.06397562833206398
0 0.4544626593806922 0.32368621477532367 0.0965391621129326 0.06397562833206398
0 0.5655737704918032 0.3175932977913176 0.12750455373406194 0.0654988575780655
0 0.10974499089253188 0.12147753236862148 0.11020036429872496 0.051028179741051026
0 0.46584699453551914 0.2692307692307692 0.075591985428051 0.05255140898705255
0 0.5473588342440802 0.26504188880426505 0.09289617486338798 0.05026656511805026
0 0.046903460837887066 0.4744859101294745 0.07194899817850638 0.0594059405940594
0 0.12249544626593807 0.4676313785224676 0.08652094717668488 0.0654988575780655
0 0.21174863387978143 0.45544554455445546 0.1029143897996357 0.0594059405940594
0 0.9061930783242259 0.4036557501904037 0.07468123861566485 0.06397562833206398
0 0.8265027322404371 0.4051789794364052 0.09927140255009108 0.06854531607006854
0 0.7358834244080146 0.41698400609291697 0.09107468123861566 0.05712109672505712
0 0.6343351548269581 0.4287890327494288 0.11566484517304189 0.06702208682406702
0 0.47358834244080145 0.6298552932216298 0.12750455373406194 0.07920792079207921
0 0.5683060109289617 0.6203351104341204 0.06739526411657559 0.0753998476770754
0 0.6384335154826958 0.6077684691546078 0.07650273224043716 0.08225437928408226
0 0.7112932604735883 0.6001523229246002 0.0692167577413479 0.07920792079207921
0 0.7900728597449909 0.584920030464585 0.0883424408014572 0.07616146230007616
0 0.8752276867030966 0.5715917745620716 0.0965391621129326 0.07844630616907845
0 0.9371584699453552 0.555978674790556 0.051001821493624776 0.06854531607006854
0 0.2058287795992714 0.7776085300837776 0.08925318761384335 0.05483625285605483
0 0.3419854280510018 0.7623762376237624 0.1320582877959927 0.06702208682406702
0 0.4644808743169399 0.7486671744097486 0.12750455373406194 0.07463823305407463
0 0.5678506375227687 0.7395277989337395 0.09380692167577413 0.0654988575780655
0 0.6816939890710383 0.725057121096725 0.12659380692167577 0.07311500380807312
0 0.7877959927140255 0.7063975628332064 0.10382513661202186 0.08301599390708302
0 0.8556466302367942 0.6926884996191927 0.0610200364298725 0.07692307692307693
0 0.9271402550091075 0.670982482863671 0.0947176684881603 0.09596344249809596
0 0.8474499089253188 0.8442498095963442 0.06466302367941712 0.07996953541507996
0 0.8360655737704918 0.9493526275704494 0.10018214936247723 0.06778370144706779
0 0.9025500910746812 0.9360243716679361 0.0546448087431694 0.06092916984006093
0 0.9230418943533698 0.05140898705255141 0.11202185792349727 0.06930693069306931
0 0.8561020036429873 0.09596344249809596 0.1092896174863388 0.057882711348057884
0 0.9462659380692168 0.09824828636709824 0.07650273224043716 0.057882711348057884
0 0.6725865209471766 0.16450875856816452 0.12295081967213115 0.05635948210205636
0 0.7782331511839709 0.1568926123381569 0.11930783242258652 0.053313023610053314
0 0.8620218579234973 0.15194211728865195 0.05555555555555555 0.055597867479055596
0 0.9398907103825137 0.14356435643564355 0.10746812386156648 0.06169078446306169
0 0.28506375227686703 0.22886519421172888 0.10382513661202186 0.051028179741051026
0 0.37932604735883424 0.2242955064737243 0.10473588342440801 0.04950495049504951
0 0.07468123861566485 0.23914699162223915 0.07468123861566485 0.057882711348057884
0 0.1680327868852459 0.22924600152322924 0.1302367941712204 0.05026656511805026
0 0.6256830601092896 0.20906321401370906 0.11839708561020036 0.051028179741051026
0 0.4858834244080146 0.21896420411271897 0.12112932604735883 0.04798172124904798
0 0.7140255009107468 0.2063975628332064 0.08196721311475409 0.05178979436405179
0 0.8091985428051002 0.2067783701447068 0.11566484517304189 0.05407463823305408
0 0.9203096539162113 0.19078446306169078 0.11202185792349727 0.06473724295506474
0 0.8902550091074681 0.25057121096725055 0.05191256830601093 0.0594059405940594
0 0.6971766848816029 0.31035795887281037 0.1448087431693989 0.05255140898705255
0 0.7950819672131147 0.30883472962680886 0.051001821493624776 0.051028179741051026
0 0.8561020036429873 0.30654988575780656 0.07650273224043716 0.051028179741051026
0 0.9448998178506375 0.2996953541507997 0.09562841530054644 0.05407463823305408
0 0.8647540983606558 0.507996953541508 0.12477231329690346 0.07311500380807312
0 0.3561020036429873 0.7083015993907082 0.10382513661202186 0.06854531607006854
0 0.48451730418943534 0.6904036557501904 0.15300546448087432 0.06473724295506474
0 0.6502732240437158 0.6664127951256664 0.19672131147540983 0.08225437928408226
0 0.8346994535519126 0.6290936785986291 0.18123861566484517 0.09291698400609291
0 0.43624772313296906 0.5072353389185073 0.10746812386156648 0.07006854531607007
0 0.5323315118397086 0.5 0.09016393442622951 0.06626047220106626
0 0.6234061930783242 0.4939070830159939 0.11566484517304189 0.06626047220106626
0 0.7827868852459017 0.46648895658796646 0.11930783242258652 0.05712109672505712
0 0.6420765027322405 0.2593297791317593 0.10746812386156648 0.051028179741051026
0 0.7750455373406193 0.2578065498857578 0.17122040072859745 0.055597867479055596
0 0.9594717668488161 0.24257425742574257 0.08287795992714025 0.06169078446306169
0 0.5273224043715847 0.9741051028179741 0.22404371584699453 0.0456968773800457
0 0.7135701275045537 0.968012185833968 0.14845173041894352 0.05635948210205636
