0 0.17659574468085107 0.11691312384473197 0.23191489361702128 0.16173752310536044
0 0.1898936170212766 0.3900184842883549 0.19042553191489361 0.1423290203327172
0 0.18563829787234043 0.5263401109057301 0.1946808510638298 0.14695009242144177
0 0.41808510638297874 0.1122920517560074 0.23829787234042554 0.14695009242144177
0 0.22287234042553192 0.26062846580406657 0.25638297872340426 0.1367837338262477
0 0.49042553191489363 0.24353049907578558 0.23617021276595745 0.1266173752310536
0 0.37872340425531914 0.522181146025878 0.20212765957446807 0.15157116451016636
0 0.6117021276595744 0.5055452865064695 0.2765957446808511 0.14602587800369685
0 0.20159574468085106 0.7989833641404805 0.15851063829787235 0.14325323475046212
0 0.17074468085106384 0.6658964879852126 0.10957446808510639 0.12846580406654343
0 0.2632978723404255 0.6668207024029574 0.0797872340425532 0.13031423290203328
0 0.4452127659574468 0.6566543438077634 0.21595744680851064 0.14510166358595195
0 0.6372340425531915 0.6409426987060998 0.16808510638297872 0.15804066543438078
0 0.8212765957446808 0.6164510166358595 0.20212765957446807 0.18299445471349354
0 0.4218085106382979 0.7952865064695009 0.2542553191489362 0.15064695009242143
0 0.6351063829787233 0.7791127541589649 0.1723404255319149 0.12754158964879853
0 0.8340425531914893 0.7624768946395564 0.08936170212765958 0.133086876155268
0 0.22340425531914893 0.9177449168207024 0.2297872340425532 0.09426987060998152
0 0.42819148936170215 0.9066543438077634 0.18617021276595744 0.07578558225508318
0 0.5898936170212766 0.9029574861367837 0.14148936170212767 0.09611829944547134
0 0.7159574468085106 0.8960258780036968 0.06808510638297872 0.1099815157116451
0 0.799468085106383 0.8969500924214417 0.0797872340425532 0.11922365988909427
0 0.7680851063829788 0.3410351201478743 0.1723404255319149 0.1478743068391867
0 0.8675531914893617 0.4745841035120148 0.23297872340425532 0.13585951940850277
0 0.8218085106382979 0.21256931608133087 0.21170212765957447 0.11829944547134935
0 0.5925531914893617 0.1099815157116451 0.1276595744680851 0.14417744916820702
0 0.8 0.10304990757855823 0.2872340425531915 0.11737523105360444
0 0.9287234042553192 0.32624768946395566 0.14468085106382977 0.16081330868761554
0 0.38776595744680853 0.3701478743068392 0.22021276595744682 0.1487985212569316
0 0.5898936170212766 0.35489833641404805 0.1797872340425532 0.1589648798521257
