0 0.4972677595628415 0.7387661843107388 0.28233151183970856 0.10205635948210205
0 0.1302367941712204 0.7604722010662605 0.13479052823315119 0.07235338918507235
0 0.1111111111111111 0.6926884996191927 0.13296903460837886 0.06930693069306931
0 0.2645719489981785 0.7494287890327495 0.11748633879781421 0.08225437928408226
0 0.09608378870673953 0.6264280274181264 0.10473588342440801 0.06473724295506474
0 0.21083788706739526 0.6203351104341204 0.13387978142076504 0.06930693069306931
0 0.331511839708561 0.6081492764661082 0.12750455373406194 0.07083015993907082
0 0.4558287795992714 0.5993907083015994 0.11748633879781421 0.0715917745620716
0 0.5587431693989071 0.5921553693830921 0.10837887067395265 0.0753998476770754
0 0.6826047358834244 0.5894897182025894 0.13934426229508196 0.07616146230007616
0 0.7759562841530054 0.5795887281035796 0.07285974499089254 0.08073115003808073
0 0.06602914389799636 0.5635948210205636 0.05009107468123861 0.06702208682406702
0 0.09335154826958106 0.49047981721249045 0.10655737704918032 0.07616146230007616
0 0.17896174863387979 0.4885757806549886 0.07012750455373407 0.07387661843107388
0 0.3028233151183971 0.4767707539984768 0.17395264116575593 0.07768469154607768
0 0.43989071038251365 0.46877380045696876 0.10564663023679417 0.07083015993907082
0 0.06693989071038252 0.35757806549885757 0.06648451730418943 0.07083015993907082
0 0.06329690346083788 0.2361005331302361 0.05555555555555555 0.0715917745620716
0 0.14981785063752276 0.22505712109672504 0.11748633879781421 0.06778370144706779
0 0.2604735883424408 0.22086824067022087 0.10382513661202186 0.06702208682406702
0 0.35837887067395263 0.2086824067022087 0.06648451730418943 0.05483625285605483
0 0.5856102003642987 0.46115765422696114 0.16939890710382513 0.07387661843107388
0 0.7204007285974499 0.45087585681645087 0.06739526411657559 0.07768469154607768
0 0.8392531876138434 0.4383092155369383 0.1575591985428051 0.08301599390708302
0 0.6612021857923497 0.3857578065498858 0.10200364298724955 0.07844630616907845
0 0.7814207650273224 0.37166793602437165 0.14207650273224043 0.08073115003808073
0 0.8884335154826958 0.36062452399086065 0.07194899817850638 0.08301599390708302
0 0.5473588342440802 0.39565879664889564 0.13296903460837886 0.0753998476770754
0 0.5710382513661202 0.3240670220868241 0.0692167577413479 0.07387661843107388
0 0.46311475409836067 0.3309215536938309 0.1302367941712204 0.07083015993907082
0 0.36475409836065575 0.3347296268088347 0.075591985428051 0.06473724295506474
0 0.15391621129326047 0.35072353389185074 0.11839708561020036 0.08606245239908607
0 0.26821493624772313 0.341964965727342 0.11748633879781421 0.07463823305407463
0 0.1261384335154827 0.41774562071591775 0.18123861566484517 0.07387661843107388
0 0.06602914389799636 0.16831683168316833 0.06466302367941712 0.057882711348057884
0 0.14754098360655737 0.16527037319116528 0.10746812386156648 0.06092916984006093
0 0.23861566484517305 0.16184310738766183 0.0947176684881603 0.05864432597105865
0 0.35063752276867033 0.15384615384615385 0.13296903460837886 0.06702208682406702
0 0.10200364298724955 0.11233815689261234 0.11293260473588343 0.05407463823305408
0 0.20673952641165755 0.10472201066260473 0.10564663023679417 0.06321401370906321
0 0.32604735883424407 0.10205635948210205 0.14571948998178508 0.0594059405940594
0 0.4412568306010929 0.09520182787509521 0.08287795992714025 0.05178979436405179
0 0.5473588342440802 0.08834729626808835 0.13296903460837886 0.0594059405940594
0 0.4553734061930783 0.2083015993907083 0.13296903460837886 0.05864432597105865
0 0.5555555555555556 0.20563594821020564 0.06375227686703097 0.057882711348057884
0 0.151183970856102 0.5601675552170602 0.12932604735883424 0.07083015993907082
0 0.2900728597449909 0.5487433358720487 0.1448087431693989 0.07387661843107388
0 0.38843351548269583 0.5376999238385377 0.06284153005464481 0.07006854531607007
0 0.6384335154826958 0.19916222391469915 0.09836065573770492 0.05712109672505712
0 0.47404371584699456 0.5323686214775324 0.11566484517304189 0.06397562833206398
0 0.5619307832422586 0.5289413556740289 0.058287795992714025 0.06473724295506474
0 0.24453551912568305 0.6846915460776847 0.14663023679417123 0.07616146230007616
0 0.3797814207650273 0.6683168316831684 0.12750455373406194 0.07083015993907082
0 0.48041894353369763 0.6591774562071592 0.075591985428051 0.06930693069306931
0 0.8538251366120219 0.5761614623000761 0.09927140255009108 0.07996953541507996
0 0.12659380692167577 0.2901751713632902 0.19489981785063754 0.0654988575780655
0 0.28734061930783245 0.2722772277227723 0.13752276867030966 0.06626047220106626
0 0.41484517304189433 0.2684691546077685 0.11566484517304189 0.06626047220106626
0 0.5346083788706739 0.2616146230007616 0.12568306010928962 0.06778370144706779
0 0.6530054644808743 0.25437928408225435 0.10382513661202186 0.06702208682406702
0 0.4936247723132969 0.1507996953541508 0.15846994535519127 0.0594059405940594
0 0.6416211293260473 0.13975628332063975 0.15027322404371585 0.06930693069306931
0 0.6552823315118397 0.08035034272658036 0.0883424408014572 0.06169078446306169
0 0.7481785063752276 0.07578065498857578 0.1029143897996357 0.060167555217060166
0 0.7586520947176685 0.24295506473724296 0.12386156648451731 0.07311500380807312
0 0.8702185792349727 0.23533891850723535 0.1029143897996357 0.08225437928408226
0 0.9335154826958105 0.2303884234577304 0.04553734061930783 0.08301599390708302
0 0.651183970856102 0.31911652703731913 0.09289617486338798 0.06092916984006093
0 0.7932604735883424 0.3069306930693069 0.20947176684881602 0.07311500380807312
0 0.2836976320582878 0.40594059405940597 0.14663023679417123 0.07768469154607768
0 0.4157559198542805 0.4013709063214014 0.12477231329690346 0.07311500380807312
0 0.6061020036429873 0.6576542269611576 0.17395264116575593 0.06473724295506474
0 0.6552823315118397 0.5251332825590251 0.13752276867030966 0.06169078446306169
0 0.779143897996357 0.515993907083016 0.10473588342440801 0.06778370144706779
0 0.11156648451730419 0.0654988575780655 0.11930783242258652 0.04722010662604722
0 0.20947176684881602 0.05521706016755522 0.0965391621129326 0.04798172124904798
0 0.29098360655737704 0.052170601675552174 0.06648451730418943 0.046458492003046456
0 0.39162112932604737 0.04265041888804265 0.151183970856102 0.05635948210205636
0 0.5063752276867031 0.03693830921553694 0.08743169398907104 0.05255140898705255
0 0.6006375227686703 0.03313023610053313 0.10655737704918032 0.04798172124904798
0 0.7773224043715847 0.1884996191926885 0.1885245901639344 0.06169078446306169
0 0.8770491803278688 0.49657273419649656 0.0965391621129326 0.08225437928408226
0 0.9426229508196722 0.49276466108149275 0.06557377049180328 0.06397562833206398
0 0.7331511839708561 0.6416603198781416 0.09836065573770492 0.08149276466108149
0 0.7800546448087432 0.13442498095963443 0.1448087431693989 0.06626047220106626
0 0.9166666666666666 0.146991622239147 0.12659380692167577 0.09900990099009901
