0 0.08326661329063251 0.07650273224043716 0.12169735788630905 0.06656731246895181
0 0.2626100880704564 0.08320914058618976 0.17293835068054444 0.07799304520615996
0 0.4479583666933547 0.08544461003477397 0.19295436349079265 0.07550919026328863
0 0.6717373899119295 0.08171882762046696 0.2546036829463571 0.07302533532041729
0 0.8931144915932746 0.06954793840039741 0.10168134507606084 0.07749627421758569
0 0.41833466773418737 0.24788872329855938 0.1433146517213771 0.06458022851465474
0 0.6309047237790232 0.3107302533532042 0.1377101681345076 0.06905116741182316
0 0.3823058446757406 0.368107302533532 0.14171337069655723 0.05563835072031793
0 0.07365892714171338 0.511177347242921 0.08646917534027222 0.07550919026328863
0 0.061248999199359486 0.7218082463984103 0.0744595676541233 0.08345752608047691
0 0.14691753402722177 0.7215598609041232 0.1176941553242594 0.07699950322901143
0 0.06765412329863892 0.7963238946845504 0.10168134507606084 0.06756085444610035
0 0.1921537229783827 0.7893691008445107 0.1313050440352282 0.06656731246895181
0 0.25500400320256206 0.2481371087928465 0.19135308246597277 0.06805762543467461
0 0.20856685348278622 0.3730750124192747 0.1977582065652522 0.06358668653750621
0 0.32906325060048036 0.3075012419274714 0.16653322658126501 0.06259314456035768
0 0.4831865492393915 0.312220566318927 0.14971977582065651 0.06905116741182316
0 0.09327461969575661 0.24937903626428218 0.1433146517213771 0.07451564828614009
0 0.09367493995196156 0.14505712866368603 0.1313050440352282 0.07352210630899156
0 0.2165732586068855 0.1395926477893691 0.12730184147317855 0.06458022851465474
0 0.3911128903122498 0.13760556383507203 0.2409927942353883 0.06656731246895181
0 0.1801441152922338 0.5109289617486339 0.13610888710968774 0.07501241927471436
0 0.31024819855884705 0.5079483358171882 0.1257005604483587 0.07898658718330849
0 0.4291433146517214 0.5084451068057625 0.1313050440352282 0.07799304520615996
0 0.5528422738190553 0.4977645305514158 0.13690952762209768 0.06458022851465474
0 0.13931144915932747 0.583705911574764 0.22417934347477983 0.07054148037754596
0 0.35348278622898316 0.5794833581718828 0.17854283426741394 0.06209637357178341
0 0.5908726981585268 0.5702930948832589 0.2642113690952762 0.06060606060606061
0 0.8386709367493995 0.561351217088922 0.18654923939151322 0.06060606060606061
0 0.3214571657325861 0.7794336810730254 0.1433146517213771 0.05961251862891207
0 0.44595676541232987 0.7754595131644312 0.12489991993594876 0.05961251862891207
0 0.5812650120096077 0.7762046696472926 0.1489191353082466 0.06607054148037754
0 0.7445956765412329 0.7757078986587184 0.17934347477982385 0.06408345752608048
0 0.8927141713370697 0.7697466467958272 0.11529223378702963 0.06308991554893194
0 0.27301841473178545 0.9192747143566816 0.11369095276220977 0.060109289617486336
0 0.4307445956765412 0.9133134624937904 0.1633306645316253 0.06507699950322901
0 0.577662129703763 0.9150521609538003 0.1545236188951161 0.06458022851465474
0 0.09247397918334668 0.8646299056135122 0.11128903122497999 0.06905116741182316
0 0.1957566052842274 0.8519622454048683 0.10328262610088071 0.05961251862891207
0 0.07686148919135308 0.3758072528564332 0.08646917534027222 0.06805762543467461
0 0.5824659727782225 0.3631395926477894 0.16092874299439552 0.06358668653750621
0 0.7954363490792634 0.36363636363636365 0.18174539631705364 0.058618976651763535
0 0.6080864691753403 0.24788872329855938 0.19935948759007205 0.05663189269746647
0 0.7906325060048038 0.24639841033283658 0.18174539631705364 0.05961251862891207
0 0.7313851080864692 0.1885245901639344 0.18815052041633307 0.060109289617486336
0 0.8891112890312249 0.18355688027819175 0.15292233787029624 0.060109289617486336
0 0.18374699759807847 0.43914555389965226 0.13851080864691753 0.06557377049180328
0 0.3254603682946357 0.43392945851962245 0.15612489991993594 0.07203179334326876
0 0.4607686148919135 0.4326875310481868 0.1289031224979984 0.07650273224043716
0 0.5928742994395516 0.43094883258817684 0.1545236188951161 0.06805762543467461
0 0.8458767013610888 0.4947839046199702 0.1465172137710168 0.07650273224043716
0 0.9575660528422738 0.49254843517138597 0.08166533226581266 0.07203179334326876
0 0.7201761409127302 0.7083954297069052 0.10808646917534027 0.07550919026328863
0 0.8386709367493995 0.7121212121212122 0.1257005604483587 0.0561351217088922
0 0.2862289831865492 0.8529557873820169 0.09687750200160128 0.06954793840039741
0 0.38070456365092076 0.8504719324391455 0.100080064051241 0.057625434674615006
0 0.10368294635708566 0.6517635370094387 0.15612489991993594 0.06458022851465474
0 0.7690152121697358 0.3042722305017387 0.14011208967173738 0.05911574764033781
0 0.8855084067253803 0.30327868852459017 0.0976781425140112 0.06706408345752608
0 0.5696557245796637 0.14729259811227025 0.1289031224979984 0.05911574764033781
0 0.6929543634907926 0.13984103328365624 0.1257005604483587 0.04719324391455539
0 0.8134507606084868 0.13487332339791355 0.1200960768614892 0.04918032786885246
0 0.911929543634908 0.13164431197218082 0.07846277021617294 0.04570293094883259
0 0.6969575660528423 0.4980129160457029 0.15612489991993594 0.07203179334326876
