0 0.06733275412684622 0.04817007534983853 0.09817549956559514 0.05543595263724435
0 0.19678540399652475 0.044671689989235736 0.14509122502172025 0.06566200215285253
0 0.3205907906168549 0.04628632938643703 0.1476976542137272 0.059203444564047365
0 0.4565595134665508 0.04790096878363832 0.13814074717636837 0.05059203444564048
0 0.051259774109470024 0.1127556512378902 0.052128583840139006 0.06404736275565123
0 0.11902693310165074 0.1108719052744887 0.09383145091225022 0.06458557588805167
0 0.2263249348392702 0.1073735199138859 0.1259774109470026 0.05974165769644779
0 0.32841007819287577 0.10656620021528525 0.08861859252823631 0.061356297093649086
0 0.45091225021720244 0.10441334768568353 0.17028670721112077 0.06566200215285253
0 0.5747176368375326 0.10468245425188374 0.0894874022589053 0.06727664155005382
0 0.6772371850564727 0.10414424111948331 0.12076455256298871 0.0651237890204521
0 0.7867072111207646 0.10360602798708289 0.12250217202432667 0.06081808396124865
0 0.896611642050391 0.1038751345532831 0.11642050390964379 0.05597416576964478
0 0.0947002606429192 0.17653390742734124 0.16159860990443092 0.06996770721205597
0 0.27715030408340574 0.16738428417653392 0.19287576020851432 0.05489773950484392
0 0.44960903562119897 0.16119483315392896 0.1676802780191138 0.05435952637244349
0 0.6437880104257168 0.1638858988159311 0.22589052997393572 0.05651237890204521
0 0.8544743701129452 0.16065662002152853 0.20938314509122502 0.05974165769644779
0 0.060382276281494354 0.246232508073197 0.10512597741094701 0.06189451022604951
0 0.07819287576020852 0.30758880516684606 0.13032145960034752 0.06620021528525297
0 0.09296264118158123 0.3832077502691066 0.12510860121633363 0.08180839612486544
0 0.09252823631624674 0.4599031216361679 0.12945264986967853 0.07481162540365985
0 0.10208514335360556 0.5320236813778256 0.12423979148566464 0.07696447793326157
0 0.09339704604691572 0.7174381054897739 0.10512597741094701 0.06458557588805167
0 0.17072111207645527 0.24138858988159312 0.12423979148566464 0.06081808396124865
0 0.23935708079930496 0.2997847147470398 0.18679409209383144 0.06996770721205597
0 0.4209383145091225 0.2973627556512379 0.1746307558644657 0.07481162540365985
0 0.5668983492615117 0.29467168998923576 0.11728931364031277 0.07158234660925726
0 0.49609035621198955 0.4402583423035522 0.11120764552562988 0.08396124865446716
0 0.38705473501303217 0.4459095801937567 0.10686359687228497 0.07265877287405813
0 0.6003475238922676 0.43191603875134554 0.10773240660295395 0.07265877287405813
0 0.7098175499565595 0.4173842841765339 0.13379669852302345 0.06189451022604951
0 0.8397046046915726 0.41684607104413346 0.13466550825369245 0.07481162540365985
0 0.9500434404865334 0.41388589881593113 0.10165073848827107 0.07319698600645856
0 0.3509991311902693 0.36733046286329385 0.10078192875760209 0.06297093649085038
0 0.24109470026064292 0.7155543595263725 0.19721980886185925 0.06620021528525297
0 0.4417897480451781 0.7139397201291712 0.22849695916594265 0.06727664155005382
0 0.10121633362293658 0.7696447793326158 0.1103388357949609 0.04520990312163617
0 0.2050390964378801 0.7723358449946178 0.09730668983492616 0.05705059203444564
0 0.20938314509122502 0.5164155005382132 0.09035621198957429 0.05974165769644779
0 0.22893136403127715 0.3751345532831001 0.157254561251086 0.08073196986006459
0 0.45612510860121636 0.3641011840688913 0.10947002606429192 0.05866523143164693
0 0.5508253692441355 0.36544671689989233 0.08340573414422242 0.06781485468245425
0 0.631624674196351 0.3595263724434876 0.07993049522154648 0.06996770721205597
0 0.7241529105125978 0.35683530678148545 0.10512597741094701 0.06566200215285253
0 0.8166811468288445 0.34930032292787944 0.10599478714161599 0.07104413347685684
0 0.659860990443093 0.2917115177610334 0.08253692441355343 0.0721205597416577
0 0.7814943527367506 0.284983853606028 0.1676802780191138 0.073735199138859
0 0.9239791485664639 0.28094725511302476 0.13119026933101652 0.0721205597416577
0 0.17158992180712423 0.4599031216361679 0.05994787141615986 0.07050592034445641
0 0.2710686359687228 0.43945102260495156 0.1355343179843614 0.05758880516684607
0 0.9018245004344049 0.2182454251883746 0.05039096437880104 0.052206673842841764
0 0.8036490008688097 0.22093649085037675 0.15117289313640314 0.05435952637244349
0 0.685490877497828 0.22497308934337998 0.08514335360556038 0.05597416576964478
0 0.5947002606429193 0.22443487621097954 0.10165073848827107 0.05597416576964478
0 0.8262380538662033 0.04978471474703983 0.26585577758470896 0.053283100107642624
0 0.8049522154648132 0.4838536060279871 0.09643788010425716 0.059203444564047365
0 0.6915725456125109 0.4930032292787944 0.12858384013900956 0.06566200215285253
0 0.5825369244135534 0.5064585575888052 0.08774978279756733 0.07427341227125941
0 0.2875760208514335 0.7763724434876211 0.08514335360556038 0.053283100107642624
0 0.3814074717636838 0.7758342303552207 0.11468288444830582 0.05866523143164693
0 0.4887054735013032 0.7761033369214209 0.0999131190269331 0.0581270182992465
0 0.12293657688966117 0.9709364908503767 0.10686359687228497 0.03552206673842842
0 0.2311033883579496 0.9709364908503767 0.11642050390964379 0.038751345532831
0 0.3492615117289314 0.9738966630785791 0.12163336229365769 0.03606027987082885
0 0.46611642050390967 0.976318622174381 0.11728931364031277 0.03767491926803014
0 0.5582102519548219 0.9790096878363832 0.07211120764552563 0.03982777179763186
0 0.32884448305821024 0.9332615715823466 0.06516072980017376 0.04628632938643703
0 0.4513466550825369 0.9343379978471474 0.1902693310165074 0.04843918191603875
0 0.6251086012163336 0.9346071044133477 0.17810599478714162 0.051130247578040904
0 0.870981754995656 0.8622174381054898 0.11728931364031277 0.059203444564047365
0 0.12033014769765421 0.9311087190527448 0.1259774109470026 0.04198062432723358
0 0.23501303214596003 0.9329924650161464 0.11728931364031277 0.043595263724434875
0 0.5947002606429193 0.7752960172228203 0.12945264986967853 0.05435952637244349
0 0.7324066029539531 0.7696447793326158 0.14596003475238922 0.06566200215285253
0 0.8670721112076455 0.7545748116254036 0.13379669852302345 0.059203444564047365
0 0.7571676802780191 0.8743272335844995 0.11728931364031277 0.05974165769644779
0 0.6216333622936577 0.8802475780409041 0.157254561251086 0.05758880516684607
0 0.49131190269331015 0.8902045209903121 0.10860121633362294 0.04843918191603875
0 0.38662033014769764 0.8861679224973089 0.11120764552562988 0.05005382131324004
0 0.6407471763683753 0.8291173304628633 0.0842745438748914 0.04790096878363832
0 0.7289313640312771 0.819967707212056 0.09209383145091225 0.05651237890204521
0 0.8288444830582102 0.8156620021528526 0.11294526498696786 0.052206673842841764
0 0.3271068635968723 0.2322389666307858 0.18679409209383144 0.06727664155005382
0 0.4791485664639444 0.22658772874058128 0.13814074717636837 0.06566200215285253
0 0.3097306689834926 0.513724434876211 0.12771503040834056 0.06297093649085038
0 0.7966985230234579 0.693756727664155 0.22762814943527368 0.09472551130247578
0 0.9635099913119027 0.7430032292787944 0.05560382276281494 0.06081808396124865
0 0.29192006950477845 0.8818622174381054 0.07819287576020852 0.05651237890204521
0 0.1529105125977411 0.881324004305705 0.1998262380538662 0.05974165769644779
0 0.7562988705473501 0.9254574811625403 0.10165073848827107 0.06620021528525297
0 0.8744569939183319 0.9168460710441335 0.15030408340573415 0.05758880516684607
0 0.6559513466550826 0.9806243272335845 0.13900955690703737 0.03659849300322928
