0 0.10474631751227496 0.802247191011236 0.10801963993453355 0.10561797752808989
0 0.220949263502455 0.7865168539325843 0.06873977086743044 0.09887640449438202
0 0.09001636661211129 0.44887640449438204 0.12438625204582651 0.10224719101123596
0 0.24468085106382978 0.44213483146067417 0.15875613747954173 0.10674157303370786
0 0.4439443535188216 0.41460674157303373 0.18248772504091654 0.09438202247191012
0 0.5671031096563012 0.4084269662921348 0.06710310965630115 0.11348314606741573
0 0.6710310965630114 0.3938202247191011 0.09492635024549918 0.12471910112359551
0 0.7945990180032734 0.37808988764044943 0.12274959083469722 0.11797752808988764
0 0.5364157119476268 0.7477528089887641 0.1513911620294599 0.12471910112359551
0 0.3727495908346972 0.7724719101123596 0.18248772504091654 0.10898876404494381
0 0.5490998363338789 0.5303370786516854 0.06382978723404255 0.12359550561797752
0 0.763911620294599 0.5056179775280899 0.2937806873977087 0.13258426966292136
0 0.26963993453355156 0.22134831460674156 0.05482815057283143 0.10561797752808989
0 0.6284779050736498 0.9426966292134832 0.05237315875613748 0.10112359550561797
0 0.782733224222586 0.9264044943820224 0.22667757774140754 0.11123595505617978
0 0.411620294599018 0.5421348314606742 0.12929623567921442 0.13146067415730336
0 0.23731587561374795 0.553932584269663 0.18821603927986907 0.1393258426966292
0 0.0851063829787234 0.5651685393258427 0.12274959083469722 0.12134831460674157
0 0.2176759410801964 0.6814606741573034 0.14402618657937807 0.10898876404494381
0 0.08592471358428805 0.6837078651685393 0.09492635024549918 0.11348314606741573
0 0.34124386252045824 0.6702247191011236 0.08346972176759411 0.10449438202247191
0 0.4779050736497545 0.6556179775280899 0.19967266775777415 0.11797752808988764
0 0.6554828150572831 0.6230337078651685 0.1734860883797054 0.12022471910112359
0 0.7843698854337152 0.6117977528089887 0.08592471358428805 0.12471910112359551
0 0.7262684124386252 0.7308988764044944 0.2037643207855974 0.13370786516853933
0 0.2888707037643208 0.9595505617977528 0.11783960720130933 0.0696629213483146
0 0.40384615384615385 0.9617977528089887 0.09083469721767594 0.08764044943820225
0 0.5261865793780688 0.9561797752808989 0.132569558101473 0.0898876404494382
0 0.18821603927986907 0.3342696629213483 0.1260229132569558 0.11348314606741573
0 0.3330605564648118 0.3308988764044944 0.15057283142389524 0.11797752808988764
0 0.4660392798690671 0.3129213483146067 0.1088379705400982 0.11797752808988764
0 0.6129296235679215 0.29044943820224717 0.1734860883797054 0.12022471910112359
0 0.7643207855973814 0.2702247191011236 0.132569558101473 0.12247191011235956
0 0.23690671031096563 0.12191011235955056 0.0662847790507365 0.09775280898876404
0 0.3351063829787234 0.10730337078651686 0.12684124386252046 0.11123595505617978
0 0.46399345335515546 0.09550561797752809 0.12438625204582651 0.10337078651685393
0 0.37847790507364976 0.21067415730337077 0.12684124386252046 0.11573033707865168
0 0.5368248772504092 0.1943820224719101 0.19803600654664485 0.11910112359550562
0 0.6608019639934534 0.17696629213483145 0.0630114566284779 0.11573033707865168
0 0.22585924713584288 0.8797752808988764 0.12274959083469722 0.10337078651685393
0 0.4132569558101473 0.8679775280898876 0.2602291325695581 0.11123595505617978
0 0.6211129296235679 0.852808988764045 0.10801963993453355 0.11685393258426967
0 0.7925531914893617 0.8247191011235955 0.24631751227495907 0.1348314606741573
