0 0.08345428156748912 0.44911584265608084 0.11175616835994194 0.05377120173222663
0 0.08381712626995645 0.39931432695777697 0.11248185776487664 0.050162396246842295
0 0.07982583454281568 0.35077589317935765 0.10014513788098693 0.049079754601226995
0 0.0816400580551524 0.49819559725730783 0.10522496371552975 0.04222302417899675
0 0.09724238026124818 0.5918440996030314 0.09724238026124818 0.04619271021291952
0 0.18432510885341075 0.5396968603392277 0.09724238026124818 0.05088415734391916
0 0.1781567489114659 0.4913388668350776 0.09796806966618288 0.04366654637315049
0 0.18541364296081278 0.4415373511367737 0.102322206095791 0.050162396246842295
0 0.22387518142235124 0.5891374954889932 0.10377358490566038 0.05088415734391916
0 0.3748185776487663 0.5312161674485745 0.07329462989840348 0.05918440996030314
0 0.5 0.4763623240707326 0.09724238026124818 0.04547094911584266
0 0.42017416545718433 0.4339588596174666 0.09869375907111756 0.047997112955611695
0 0.7416545718432511 0.5147961024900758 0.10304789550072568 0.058823529411764705
0 0.08853410740203194 0.543305665824612 0.10740203193033382 0.050162396246842295
0 0.2728592162554427 0.44063514976542767 0.0783744557329463 0.049079754601226995
0 0.340711175616836 0.4366654637315049 0.061683599419448475 0.048357993504150126
0 0.25943396226415094 0.489173583543847 0.07910014513788098 0.04727535185853483
0 0.353410740203193 0.4830386142186936 0.11611030478955008 0.04438830747022735
0 0.4321480406386067 0.48015156983038615 0.05152394775036284 0.04438830747022735
0 0.5859941944847605 0.47491880187657887 0.07764876632801161 0.04691447130999639
0 0.6821480406386067 0.468422952002887 0.12191582002902758 0.049079754601226995
0 0.7783018867924528 0.46535546734031036 0.09941944847605225 0.04871887405268856
0 0.8693759071117562 0.4570552147239264 0.08272859216255443 0.040779501984843015
0 0.28592162554426703 0.534103211836882 0.11030478955007257 0.05413208228076507
0 0.4579100145137881 0.5265247203175749 0.09724238026124818 0.05413208228076507
0 0.6008708272859217 0.5220137134608445 0.19013062409288825 0.058823529411764705
0 0.8515965166908563 0.5104655359076146 0.09941944847605225 0.05088415734391916
0 0.09361393323657474 0.6369541681703356 0.10159651669085631 0.04691447130999639
0 0.27612481857764876 0.6272103933597979 0.22568940493468795 0.04619271021291952
0 0.12191582002902758 0.8125225550342836 0.12191582002902758 0.056658246120534106
0 0.2376632801161103 0.8098159509202454 0.11393323657474601 0.05629736557199567
0 0.3316400580551524 0.8015156983038614 0.07402031930333818 0.04330566582461205
0 0.3867924528301887 0.8080115481775533 0.05079825834542816 0.05701912666907254
0 0.4735123367198839 0.7989895344640924 0.12844702467343977 0.04474918801876579
0 0.1995645863570392 0.34788884879105014 0.14658925979680695 0.04619271021291952
0 0.3327285921625544 0.3415734391916276 0.137155297532656 0.0544929628293035
0 0.46843251088534105 0.3388668350775893 0.14586357039187228 0.05629736557199567
0 0.6099419448476052 0.3367015517863587 0.14150943396226415 0.05196679898953446
0 0.739477503628447 0.32948394081559 0.11756168359941944 0.0555756044749188
0 0.8552249637155298 0.3262360158787441 0.125544267053701 0.05052327679538073
0 0.9492017416545718 0.32533381450739807 0.07402031930333818 0.041501263081919884
0 0.1897677793904209 0.3928184770840852 0.0965166908563135 0.04655359076145796
0 0.28265602322206096 0.39173583543846985 0.11103047895500726 0.04871887405268856
0 0.4002177068214804 0.3886683507758932 0.1328011611030479 0.04619271021291952
0 0.14259796806966618 0.30097437748105377 0.2213352685050798 0.049801515698303864
0 0.35776487663280115 0.29736557199566943 0.20609579100145137 0.04691447130999639
0 0.5420899854862119 0.29105016239624687 0.17706821480406387 0.04294478527607362
0 0.7002902757619739 0.2841934319740166 0.14513788098693758 0.04294478527607362
0 0.8563134978229318 0.2787802237459401 0.16690856313497823 0.04438830747022735
0 0.22351233671988388 0.24810537712017322 0.14223512336719885 0.04727535185853483
0 0.3505079825834543 0.24936845904005775 0.13352685050798258 0.049801515698303864
0 0.2830188679245283 0.202995308552869 0.216255442670537 0.04438830747022735
0 0.45355587808417996 0.20101046553590762 0.13062409288824384 0.048357993504150126
0 0.611756168359942 0.19758210032479248 0.18867924528301888 0.04438830747022735
0 0.566400580551524 0.15626127751714183 0.21988388969521044 0.04474918801876579
0 0.7554426705370102 0.15427643450018044 0.1683599419448476 0.04511006856730422
0 0.9009433962264151 0.14669794298087332 0.1676342525399129 0.04366654637315049
0 0.3828011611030479 0.15319379285456514 0.14296081277213352 0.04871887405268856
0 0.7975326560232221 0.19271021291952364 0.18577648766328012 0.04547094911584266
0 0.34760522496371554 0.5822807650667629 0.14658925979680695 0.04871887405268856
0 0.49056603773584906 0.5766871165644172 0.14513788098693758 0.049801515698303864
0 0.6429608127721336 0.5728978708047636 0.1799709724238026 0.047997112955611695
0 0.8603047895500726 0.565680259833995 0.19085631349782292 0.04583182966438109
0 0.5250362844702468 0.948394081559004 0.0602322206095791 0.049801515698303864
0 0.7608853410740203 0.9491158426560808 0.04716981132075472 0.049801515698303864
0 0.6484034833091437 0.9474918801876578 0.16037735849056603 0.05304944063514976
0 0.23294629898403482 0.944243955250812 0.17561683599419448 0.04655359076145796
0 0.6121190130624092 0.8018765788523998 0.15312046444121916 0.05485384337784194
0 0.7325834542815675 0.7980873330927463 0.08490566037735849 0.058101768314687836
0 0.8356313497822931 0.7977264525442078 0.11538461538461539 0.058823529411764705
0 0.933599419448476 0.792854565138939 0.08200290275761973 0.05629736557199567
0 0.2514513788098694 0.8563695416817033 0.13425253991291727 0.05413208228076507
0 0.3722786647314949 0.8545651389390112 0.11030478955007257 0.05196679898953446
0 0.4793178519593614 0.8511367737278961 0.10957910014513789 0.04511006856730422
0 0.5823657474600871 0.8511367737278961 0.08490566037735849 0.05088415734391916
0 0.7104499274310595 0.8475279682425118 0.1799709724238026 0.040779501984843015
0 0.8537735849056604 0.8491519307109346 0.12264150943396226 0.05052327679538073
0 0.36284470246734396 0.9049079754601227 0.1378809869375907 0.04294478527607362
0 0.49782293178519593 0.901840490797546 0.12191582002902758 0.04330566582461205
0 0.6436865021770682 0.8991338866835078 0.1683599419448476 0.05088415734391916
0 0.8410740203193033 0.8966077228437387 0.20319303338171263 0.04655359076145796
0 0.8316400580551524 0.9485745218332732 0.09869375907111756 0.058101768314687836
0 0.9219883889695211 0.9501984843016962 0.08780841799709724 0.05485384337784194
0 0.7666908563134979 0.3753157704799711 0.4230769230769231 0.06134969325153374
0 0.2021044992743106 0.7592926741248647 0.102322206095791 0.04474918801876579
0 0.3047895500725689 0.7564056297365572 0.11611030478955008 0.049079754601226995
0 0.4339622641509434 0.7533381450739806 0.15239477503628446 0.050162396246842295
0 0.886066763425254 0.692168892096716 0.05224963715529753 0.04474918801876579
0 0.6095791001451378 0.7040779501984843 0.1509433962264151 0.05196679898953446
0 0.645500725689405 0.6183688199206063 0.0660377358490566 0.04366654637315049
0 0.7692307692307693 0.6093468062071454 0.17851959361393324 0.04655359076145796
0 0.8846153846153846 0.6050162396246842 0.05224963715529753 0.041501263081919884
0 0.24564586357039186 0.16059184409960303 0.14005805515239478 0.042583904727535184
0 0.11828737300435414 0.16311800793937206 0.11030478955007257 0.04547094911584266
0 0.11320754716981132 0.20371706964994588 0.11756168359941944 0.04366654637315049
0 0.7311320754716981 0.05972573078311079 0.18505079825834542 0.04366654637315049
0 0.8559506531204645 0.06026705160591844 0.08490566037735849 0.048357993504150126
0 0.590711175616836 0.06279321544568747 0.10595065312046444 0.04474918801876579
0 0.6302612481857764 0.10934680620714543 0.08490566037735849 0.04474918801876579
0 0.7053701015965167 0.1079032840129917 0.07111756168359942 0.049079754601226995
0 0.8915094339622641 0.10249007578491519 0.08635703918722787 0.04474918801876579
0 0.49963715529753266 0.24846625766871167 0.15892597968069666 0.04727535185853483
0 0.6201015965166908 0.24377481053771202 0.07764876632801161 0.047997112955611695
0 0.7231494920174165 0.23944424395525082 0.12844702467343977 0.047997112955611695
0 0.8479680696661829 0.23475279682425118 0.1313497822931785 0.05088415734391916
0 0.9564586357039188 0.2307831107903284 0.07402031930333818 0.050162396246842295
0 0.5123367198838897 0.431793576326236 0.09869375907111756 0.04294478527607362
0 0.6113933236574746 0.4283652111151209 0.09941944847605225 0.048357993504150126
0 0.7119013062409288 0.4252977264525442 0.10885341074020319 0.04583182966438109
0 0.8142235123367199 0.418440996030314 0.10595065312046444 0.04222302417899675
0 0.386066763425254 0.6614940454709491 0.23367198838896952 0.05413208228076507
0 0.555878084179971 0.6584265608083725 0.11611030478955008 0.05160591844099603
0 0.6894049346879536 0.6566221580656803 0.15384615384615385 0.04294478527607362
0 0.8436139332365747 0.6488632262721039 0.1574746008708273 0.048357993504150126
0 0.5787373004354136 0.7511728617827499 0.14731494920174165 0.05088415734391916
0 0.7198838896952104 0.7472031757488271 0.14949201741654572 0.06026705160591844
0 0.8497822931785196 0.7394442439552508 0.12481857764876633 0.058462648863226274
0 0.9227140783744557 0.7390833634067123 0.041364296081277216 0.05268856008661133
0 0.45972423802612483 0.707145434861061 0.15312046444121916 0.04583182966438109
0 0.43287373004354135 0.11187297004691447 0.11248185776487664 0.058462648863226274
0 0.5410014513788098 0.108985925658607 0.11103047895500726 0.05268856008661133
0 0.5119738751814223 0.06423673763984121 0.045718432510885344 0.041862143630458315
0 0.940856313497823 0.05719956694334175 0.08200290275761973 0.04294478527607362
0 0.9611756168359942 0.10122699386503067 0.05297532656023222 0.04655359076145796
0 0.9404934687953556 0.18729700469144714 0.10595065312046444 0.03825333814507398
0 0.26705370101596515 0.7116564417177914 0.23222060957910015 0.04763623240707326
0 0.09615384615384616 0.7145434861060989 0.0965166908563135 0.041862143630458315
0 0.08708272859216255 0.7576687116564417 0.11756168359941944 0.04294478527607362
0 0.12336719883889695 0.8601587874413569 0.13062409288824384 0.04438830747022735
0 0.10014513788098693 0.9444243955250812 0.09433962264150944 0.03536629375676651
0 0.36429608127721336 0.945867917719235 0.0899854862119013 0.042583904727535184
0 0.45319303338171263 0.9476723204619271 0.09071117561683599 0.04402742692168892
0 0.33381712626995647 0.11024900757849151 0.10014513788098693 0.04583182966438109
0 0.23984034833091436 0.11584265608083724 0.09506531204644413 0.04619271021291952
0 0.1625544267053701 0.11836881992060629 0.08272859216255443 0.04547094911584266
0 0.7786647314949202 0.09815950920245399 0.03773584905660377 0.01804402742692169
0 0.7978955007256894 0.10537712017322266 0.11973875181422351 0.04474918801876579
