0 0.1264737406216506 0.7340909090909091 0.16720257234726688 0.12727272727272726
0 0.11146838156484459 0.6170454545454546 0.16720257234726688 0.12045454545454545
0 0.29689174705251875 0.7244318181818182 0.08360128617363344 0.1215909090909091
0 0.41479099678456594 0.7159090909090909 0.12004287245444802 0.1318181818181818
0 0.5380493033226152 0.7261363636363637 0.08145766345123258 0.12272727272727273
0 0.6489817792068596 0.7136363636363636 0.07395498392282958 0.13636363636363635
0 0.15058949624866025 0.08636363636363636 0.15541264737406216 0.10227272727272728
0 0.3183279742765273 0.05625 0.20364415862808147 0.09659090909090909
0 0.4946409431939979 0.05 0.1489817792068596 0.08409090909090909
0 0.6661307609860665 0.051704545454545454 0.14469453376205788 0.06704545454545455
0 0.42711682743837087 0.37329545454545454 0.1832797427652733 0.12386363636363637
0 0.6345123258306538 0.3659090909090909 0.16934619506966775 0.1159090909090909
0 0.6779206859592711 0.5857954545454546 0.0782422293676313 0.13522727272727272
0 0.8156484458735263 0.5732954545454545 0.17363344051446947 0.14431818181818182
0 0.42229367631296894 0.5971590909090909 0.45016077170418006 0.1534090909090909
0 0.19131832797427653 0.3744318181818182 0.29689174705251875 0.12613636363636363
0 0.6178992497320471 0.47102272727272726 0.1982851018220793 0.10568181818181818
0 0.4292604501607717 0.48125 0.12968917470525188 0.09204545454545454
0 0.10182207931404073 0.48068181818181815 0.1307609860664523 0.09318181818181819
0 0.25991425509110394 0.47897727272727275 0.19185423365487675 0.09659090909090909
0 0.7143622722400857 0.12215909090909091 0.14255091103965703 0.10340909090909091
0 0.5482315112540193 0.14261363636363636 0.1532690246516613 0.11704545454545455
0 0.3890675241157556 0.13693181818181818 0.16291532690246516 0.09659090909090909
0 0.24866023579849947 0.15681818181818183 0.08788853161843516 0.10681818181818181
0 0.1302250803858521 0.16818181818181818 0.13612004287245444 0.09318181818181819
0 0.12861736334405144 0.25738636363636364 0.15005359056806003 0.09886363636363636
0 0.3102893890675241 0.2539772727272727 0.1832797427652733 0.12613636363636363
0 0.5 0.25 0.1832797427652733 0.12272727272727273
0 0.7079314040728831 0.24886363636363637 0.21114683815648447 0.10909090909090909
