0 0.24363636363636362 0.27129186602870814 0.14181818181818182 0.11961722488038277
0 0.3881818181818182 0.26507177033492824 0.1509090909090909 0.11291866028708133
0 0.08409090909090909 0.6832535885167464 0.06454545454545454 0.11100478468899522
0 0.19818181818181818 0.6894736842105263 0.15454545454545454 0.11387559808612441
0 0.4822727272727273 0.6842105263157895 0.12090909090909091 0.11291866028708133
0 0.5745454545454546 0.6794258373205742 0.06545454545454546 0.10717703349282297
0 0.6668181818181819 0.6679425837320574 0.12090909090909091 0.11291866028708133
0 0.7922727272727272 0.6593301435406699 0.10818181818181818 0.10909090909090909
0 0.8986363636363637 0.6473684210526316 0.08636363636363636 0.10430622009569378
0 0.10681818181818181 0.885645933014354 0.1190909090909091 0.08708133971291866
0 0.39954545454545454 0.785645933014354 0.12272727272727273 0.08038277511961722
0 0.49454545454545457 0.7861244019138756 0.06545454545454546 0.09090909090909091
0 0.7036363636363636 0.8655502392344497 0.11272727272727273 0.09665071770334928
0 0.8354545454545454 0.8569377990430622 0.14181818181818182 0.11578947368421053
0 0.9468181818181818 0.8464114832535885 0.06818181818181818 0.11578947368421053
0 0.23454545454545456 0.5794258373205742 0.06363636363636363 0.11770334928229666
0 0.27136363636363636 0.4784688995215311 0.06454545454545454 0.11483253588516747
0 0.36954545454545457 0.4722488038277512 0.1009090909090909 0.10430622009569378
0 0.4540909090909091 0.47081339712918663 0.06636363636363636 0.10717703349282297
0 0.6995454545454546 0.5559808612440191 0.1409090909090909 0.11483253588516747
0 0.5331818181818182 0.569377990430622 0.13727272727272727 0.12057416267942583
0 0.3490909090909091 0.6909090909090909 0.14727272727272728 0.11100478468899522
0 0.37727272727272726 0.5779904306220096 0.1690909090909091 0.11866028708133972
0 0.3490909090909091 0.369377990430622 0.10181818181818182 0.10909090909090909
0 0.23772727272727273 0.8851674641148325 0.1409090909090909 0.10526315789473684
0 0.5868181818181818 0.8760765550239235 0.12272727272727273 0.11196172248803828
0 0.6127272727272727 0.7746411483253588 0.17636363636363636 0.09090909090909091
0 0.41454545454545455 0.8822966507177034 0.21272727272727274 0.09952153110047847
0 0.1 0.7952153110047847 0.09454545454545454 0.09760765550239234
0 0.24227272727272728 0.7918660287081339 0.18636363636363637 0.09090909090909091
0 0.7804545454545454 0.7607655502392344 0.17181818181818181 0.10526315789473684
0 0.9204545454545454 0.7416267942583732 0.11727272727272728 0.10909090909090909
0 0.12772727272727272 0.5794258373205742 0.15363636363636363 0.11196172248803828
0 0.57 0.46076555023923443 0.14363636363636365 0.10430622009569378
0 0.7059090909090909 0.45311004784688996 0.07181818181818182 0.09282296650717703
0 0.1290909090909091 0.2755980861244019 0.10181818181818182 0.10717703349282297
0 0.35863636363636364 0.9641148325358851 0.11727272727272728 0.05645933014354067
0 0.4863636363636364 0.9598086124401913 0.14363636363636365 0.06889952153110047
0 0.6586363636363637 0.9535885167464114 0.13727272727272727 0.08133971291866028
0 0.769090909090909 0.9449760765550239 0.08727272727272728 0.08133971291866028
