0 0.3059610705596107 0.717201166180758 0.21289537712895376 0.16326530612244897
0 0.6198296836982968 0.7186588921282799 0.37834549878345497 0.15160349854227406
0 0.12226277372262774 0.7091836734693877 0.15206812652068127 0.15014577259475217
0 0.10462287104622871 0.5714285714285714 0.12652068126520682 0.1282798833819242
0 0.2944038929440389 0.5706997084548106 0.21897810218978103 0.15014577259475217
0 0.4416058394160584 0.5706997084548106 0.10218978102189781 0.141399416909621
0 0.6040145985401459 0.5568513119533528 0.19343065693430658 0.17784256559766765
0 0.7664233576642335 0.5510204081632653 0.10948905109489052 0.17784256559766765
0 0.3059610705596107 0.4380466472303207 0.21532846715328466 0.12973760932944606
0 0.4878345498783455 0.4402332361516035 0.1070559610705596 0.12536443148688048
0 0.6618004866180048 0.41253644314868804 0.19464720194647203 0.12536443148688048
0 0.10766423357664233 0.3206997084548105 0.15206812652068127 0.13994169096209913
0 0.2767639902676399 0.30685131195335275 0.18369829683698297 0.14431486880466474
0 0.4489051094890511 0.30466472303207 0.14841849148418493 0.1457725947521866
0 0.6733576642335767 0.2886297376093295 0.2761557177615572 0.13411078717201166
0 0.7518248175182481 0.16326530612244897 0.15571776155717762 0.13702623906705538
0 0.5784671532846716 0.15160349854227406 0.19829683698296838 0.1457725947521866
0 0.4610705596107056 0.8513119533527697 0.1411192214111922 0.13411078717201166
0 0.3290754257907543 0.847667638483965 0.10340632603406326 0.1239067055393586
0 0.1599756690997567 0.8367346938775511 0.23722627737226276 0.15160349854227406
0 0.34793187347931875 0.9504373177842566 0.15328467153284672 0.09037900874635568
0 0.6167883211678832 0.8316326530612245 0.1411192214111922 0.12973760932944606
0 0.11192214111922141 0.4395043731778426 0.17761557177615572 0.141399416909621
