0 0.4025380710659898 0.11768149882903982 0.18781725888324874 0.14402810304449648
0 0.549746192893401 0.12236533957845433 0.14720812182741116 0.14402810304449648
0 0.7258883248730964 0.1211943793911007 0.1847715736040609 0.11124121779859485
0 0.883756345177665 0.7628805620608899 0.11878172588832488 0.15105386416861827
0 0.7807106598984772 0.7939110070257611 0.10355329949238579 0.117096018735363
0 0.06954314720812182 0.794496487119438 0.07817258883248732 0.12060889929742388
0 0.1802030456852792 0.8062060889929742 0.16751269035532995 0.13700234192037472
0 0.19441624365482232 0.6873536299765808 0.15939086294416244 0.12412177985948478
0 0.08375634517766498 0.4449648711943794 0.1065989847715736 0.10772833723653395
0 0.19441624365482232 0.46252927400468385 0.13908629441624365 0.11007025761124122
0 0.8923857868020305 0.6042154566744731 0.1319796954314721 0.14754098360655737
0 0.2218274111675127 0.11592505854800937 0.1736040609137056 0.13348946135831383
0 0.8197969543147208 0.2259953161592506 0.1532994923857868 0.1405152224824356
0 0.6761421319796954 0.24063231850117095 0.14619289340101524 0.1323185011709602
0 0.4954314720812183 0.23946135831381732 0.22944162436548224 0.11358313817330211
0 0.8619289340101522 0.4994145199063232 0.16243654822335024 0.10187353629976581
0 0.06852791878172589 0.6779859484777517 0.06598984771573604 0.11241217798594848
0 0.10355329949238579 0.9057377049180327 0.10761421319796954 0.09953161592505855
0 0.10203045685279188 0.3395784543325527 0.1634517766497462 0.13114754098360656
