0 0.11936662606577345 0.3953488372093023 0.0779537149817296 0.1733615221987315
0 0.11693057247259439 0.5708245243128964 0.11693057247259439 0.18604651162790697
0 0.23142509135200975 0.5634249471458774 0.14859926918392205 0.17970401691331925
0 0.3745432399512789 0.572938689217759 0.14981729598051158 0.19027484143763213
0 0.5213154689403167 0.5644820295983086 0.16321559074299635 0.1945031712473573
0 0.6425091352009744 0.5655391120507399 0.07917174177831912 0.17124735729386892
0 0.7496954933008526 0.5570824524312896 0.13763702801461633 0.17547568710359407
0 0.09805115712545676 0.7473572938689218 0.11084043848964677 0.17124735729386892
0 0.19549330085261876 0.7357293868921776 0.10840438489646773 0.18181818181818182
0 0.3331303288672351 0.7441860465116279 0.19853836784409257 0.19873150105708245
0 0.4598051157125457 0.7515856236786469 0.09866017052375152 0.1839323467230444
0 0.5755176613885505 0.7420718816067653 0.14981729598051158 0.18181818181818182
0 0.7107186358099878 0.7272727272727273 0.14981729598051158 0.15644820295983086
0 0.16991473812423874 0.24735729386892177 0.10596833130328867 0.14376321353065538
0 0.31242387332521315 0.23044397463002114 0.17661388550548113 0.1733615221987315
