0 0.07850877192982456 0.4660714285714286 0.07631578947368421 0.10535714285714286
0 0.08640350877192983 0.5866071428571429 0.08508771929824561 0.125
0 0.4394736842105263 0.63125 0.1368421052631579 0.1392857142857143
0 0.49605263157894736 0.40223214285714287 0.15526315789473685 0.12946428571428573
0 0.7697368421052632 0.48660714285714285 0.1570175438596491 0.11964285714285715
0 0.618859649122807 0.5071428571428571 0.15350877192982457 0.10892857142857143
0 0.1368421052631579 0.6919642857142857 0.2 0.15
0 0.175 0.44776785714285716 0.10964912280701754 0.1419642857142857
0 0.3478070175438597 0.08571428571428572 0.12719298245614036 0.12678571428571428
0 0.4837719298245614 0.1875 0.12368421052631579 0.11785714285714285
0 0.12763157894736843 0.8075892857142857 0.15350877192982457 0.12589285714285714
0 0.30657894736842106 0.7691964285714286 0.1763157894736842 0.12946428571428573
0 0.35482456140350876 0.30758928571428573 0.10964912280701754 0.12589285714285714
0 0.643859649122807 0.17901785714285715 0.19298245614035087 0.10982142857142857
0 0.5057017543859649 0.08571428571428572 0.21842105263157896 0.12142857142857143
0 0.5223684210526316 0.29776785714285714 0.25526315789473686 0.11696428571428572
0 0.781578947368421 0.28169642857142857 0.2929824561403509 0.11875
0 0.730701754385965 0.08080357142857143 0.05263157894736842 0.07946428571428571
0 0.7960526315789473 0.07991071428571428 0.10789473684210527 0.08482142857142858
0 0.9026315789473685 0.08928571428571429 0.10877192982456141 0.10357142857142858
0 0.8083333333333333 0.37276785714285715 0.17456140350877192 0.11160714285714286
0 0.475 0.7392857142857143 0.17105263157894737 0.14107142857142857
0 0.6486842105263158 0.7245535714285715 0.18333333333333332 0.14017857142857143
0 0.8276315789473684 0.7035714285714286 0.17456140350877192 0.14285714285714285
0 0.17105263157894737 0.8857142857142857 0.14210526315789473 0.08928571428571429
0 0.5631578947368421 0.9540178571428571 0.13333333333333333 0.08482142857142858
0 0.3780701754385965 0.953125 0.19473684210526315 0.07589285714285714
0 0.7228070175438597 0.9446428571428571 0.15263157894736842 0.09285714285714286
0 0.6535087719298246 0.078125 0.10175438596491228 0.09196428571428572
0 0.10394736842105264 0.35044642857142855 0.12719298245614036 0.12589285714285714
0 0.22543859649122808 0.3183035714285714 0.1456140350877193 0.13839285714285715
0 0.32280701754385965 0.43392857142857144 0.18771929824561404 0.1375
0 0.4776315789473684 0.5125 0.10789473684210527 0.10535714285714286
0 0.2754385964912281 0.5446428571428571 0.3 0.15892857142857142
0 0.306140350877193 0.6575892857142858 0.14210526315789473 0.12946428571428573
0 0.5986842105263158 0.6004464285714286 0.16403508771929826 0.13303571428571428
0 0.768859649122807 0.5941964285714286 0.18333333333333332 0.12767857142857142
0 0.7736842105263158 0.17946428571428572 0.0912280701754386 0.09821428571428571
0 0.34342105263157896 0.19776785714285713 0.11491228070175438 0.10625
0 0.6456140350877193 0.39151785714285714 0.1456140350877193 0.11517857142857142
0 0.9390350877192982 0.384375 0.09385964912280702 0.12410714285714286
0 0.9429824561403509 0.6986607142857143 0.09824561403508772 0.11875
