0 0.6918478260869565 0.08996328029375765 0.20326086956521738 0.1456548347613219
0 0.842391304347826 0.11872705018359853 0.07391304347826087 0.09302325581395349
0 0.7288043478260869 0.22766217870257038 0.1358695652173913 0.12484700122399021
0 0.5918478260869565 0.22582619339045287 0.16195652173913044 0.1456548347613219
0 0.40869565217391307 0.22031823745410037 0.15869565217391304 0.13219094247246022
0 0.16684782608695653 0.3567931456548348 0.2597826086956522 0.12607099143206854
0 0.7847826086956522 0.33659730722154224 0.14782608695652175 0.13953488372093023
0 0.5880434782608696 0.3537331701346389 0.2543478260869565 0.13708690330477355
0 0.37771739130434784 0.35924112607099146 0.16195652173913044 0.1383108935128519
0 0.2576086956521739 0.4810281517747858 0.1934782608695652 0.12484700122399021
0 0.45869565217391306 0.48714810281517745 0.16956521739130434 0.11995104039167687
0 0.6565217391304348 0.47674418604651164 0.1826086956521739 0.12607099143206854
0 0.8336956521739131 0.4589963280293758 0.2 0.1835985312117503
0 0.09130434782608696 0.6260709914320686 0.13478260869565217 0.15055079559363524
0 0.2657608695652174 0.616891064871481 0.22717391304347825 0.14443084455324356
0 0.06467391304347826 0.7594859241126071 0.0967391304347826 0.14075887392900857
0 0.7494565217391305 0.7368421052631579 0.2619565217391304 0.12729498164014688
0 0.46630434782608693 0.6144430844553244 0.2 0.1419828641370869
0 0.6440217391304348 0.609547123623011 0.1641304347826087 0.1419828641370869
0 0.7907608695652174 0.6083231334149327 0.13369565217391305 0.12729498164014688
0 0.28152173913043477 0.7600979192166463 0.34130434782608693 0.1689106487148103
0 0.5315217391304348 0.7490820073439413 0.16956521739130434 0.13708690330477355
0 0.1331521739130435 0.8763769889840881 0.17717391304347826 0.11260709914320685
0 0.2831521739130435 0.8947368421052632 0.1641304347826087 0.12484700122399021
0 0.4320652173913043 0.9002447980416156 0.09021739130434783 0.11627906976744186
0 0.6385869565217391 0.894124847001224 0.2684782608695652 0.1383108935128519
0 0.09510869565217392 0.4828641370869033 0.15760869565217392 0.14320685434516525
