0 0.3237810094097519 0.07654563297350343 0.16680923866552608 0.10206084396467124
0 0.4846022241231822 0.08096172718351324 0.1223267750213858 0.10893032384690873
0 0.5842600513259196 0.0858684985279686 0.04790419161676647 0.09911678115799803
0 0.7155688622754491 0.09077526987242394 0.19931565440547477 0.10107948969578018
0 0.11847733105218135 0.4519136408243376 0.13088109495295125 0.11874386653581943
0 0.1484174508126604 0.570657507360157 0.15996578272027373 0.11481844946025516
0 0.30367835757057315 0.7855740922473012 0.14713430282292558 0.11678115799803729
0 0.4974337040205304 0.7684003925417076 0.04875962360992301 0.10598626104023552
0 0.14884516680923868 0.08096172718351324 0.1420017108639863 0.11678115799803729
0 0.10136869118905047 0.3228655544651619 0.08468776732249786 0.12365063788027478
0 0.27929854576561164 0.563297350343474 0.10350727117194183 0.12757605495583907
0 0.47946963216424293 0.5515210991167812 0.22840034217279725 0.1393523061825319
0 0.1467065868263473 0.6776251226692837 0.16852010265183917 0.10893032384690873
0 0.6924721984602225 0.6329735034347399 0.1958939264328486 0.13150147203140333
0 0.6573994867408041 0.5289499509322866 0.14627887082976904 0.12365063788027478
0 0.7780153977758768 0.5068694798822375 0.10008554319931566 0.1364082433758587
0 0.15055603079555174 0.7787046123650638 0.14884516680923868 0.11481844946025516
0 0.4268605645851155 0.774288518155054 0.1009409751924722 0.12365063788027478
0 0.6411462788708298 0.7556427870461236 0.18905047048759624 0.1295387634936212
0 0.2771599657827203 0.44308145240431795 0.19503849443969204 0.13052011776251227
0 0.2292557741659538 0.3169774288518155 0.09409751924721985 0.12168792934249265
0 0.3473053892215569 0.3184494602551521 0.08896492728828058 0.12463199214916584
0 0.5316509837467921 0.3150147203140334 0.1958939264328486 0.12168792934249265
0 0.8259195893926433 0.2070657507360157 0.2215568862275449 0.12168792934249265
0 0.10564585115483319 0.19921491658488713 0.08468776732249786 0.13150147203140333
0 0.35201026518391787 0.1918547595682041 0.11719418306244654 0.13052011776251227
0 0.5042771599657827 0.19479882237487733 0.1497005988023952 0.12855740922473013
0 0.6582549187339607 0.20019627085377822 0.10179640718562874 0.1256133464180569
0 0.5329341317365269 0.4268891069676153 0.2857142857142857 0.11383709519136408
0 0.20958083832335328 0.19774288518155053 0.13857998289136014 0.12463199214916584
0 0.09366980325064157 0.8837095191364083 0.0504704875962361 0.10107948969578018
0 0.18562874251497005 0.8886162904808635 0.13344739093242086 0.10304219823356231
0 0.3763900769888794 0.8822374877330716 0.2566295979469632 0.11187438665358194
0 0.3272027373823781 0.9695780176643768 0.11890504704875962 0.058881256133464184
0 0.4798973481608212 0.9656526005888125 0.1454234388366125 0.07065750736015702
0 0.7305389221556886 0.31354268891069675 0.1864841745081266 0.10107948969578018
0 0.5735671514114628 0.8768400392541708 0.15483319076133448 0.11874386653581943
0 0.8661248930710008 0.10500490677134446 0.10521813515825491 0.09617271835132483
0 0.34473909324208724 0.6707556427870461 0.18135158254918735 0.10893032384690873
0 0.49957228400342174 0.6565260058881256 0.15397775876817793 0.1099116781157998
0 0.8139435414884517 0.3989205103042198 0.2968349016253208 0.1364082433758587
