0 0.1726078799249531 0.12422037422037423 0.18761726078799248 0.14656964656964658
0 0.25328330206378985 0.24584199584199584 0.11444652908067542 0.14241164241164242
0 0.09052532833020638 0.4864864864864865 0.13227016885553472 0.15384615384615385
0 0.22842401500938087 0.48492723492723494 0.175422138836773 0.14656964656964658
0 0.38461538461538464 0.4792099792099792 0.19324577861163228 0.13513513513513514
0 0.11210131332082551 0.7406444906444907 0.13414634146341464 0.11954261954261955
0 0.1050656660412758 0.8492723492723493 0.08442776735459662 0.10602910602910603
0 0.21857410881801126 0.8414760914760915 0.16322701688555347 0.11746361746361747
0 0.6444652908067542 0.6990644490644491 0.11819887429643527 0.13617463617463618
0 0.8048780487804879 0.6907484407484408 0.2176360225140713 0.14656964656964658
0 0.13086303939962476 0.2520790020790021 0.1472795497185741 0.11746361746361747
0 0.2593808630393996 0.7182952182952183 0.17354596622889307 0.12266112266112267
0 0.399624765478424 0.7073804573804574 0.10694183864915573 0.13201663201663202
0 0.5182926829268293 0.7063409563409564 0.1378986866791745 0.12370062370062371
0 0.40290806754221387 0.8336798336798337 0.22795497185741087 0.12058212058212059
0 0.6013133208255159 0.8076923076923077 0.17823639774859287 0.13097713097713098
0 0.7776735459662288 0.8087318087318087 0.17823639774859287 0.13305613305613306
0 0.9296435272045028 0.8009355509355509 0.13133208255159476 0.15904365904365905
0 0.1275797373358349 0.6185031185031185 0.1726078799249531 0.11642411642411643
0 0.32926829268292684 0.6034303534303534 0.27392120075046905 0.11954261954261955
0 0.5333020637898687 0.593035343035343 0.17917448405253283 0.09875259875259876
0 0.7584427767354597 0.5805613305613305 0.29174484052532834 0.10083160083160084
0 0.2626641651031895 0.3581081081081081 0.11819887429643527 0.104989604989605
0 0.36397748592870544 0.3497920997920998 0.11819887429643527 0.11538461538461539
0 0.46669793621013134 0.3477130977130977 0.12101313320825516 0.11122661122661123
0 0.5126641651031895 0.47453222453222454 0.16791744840525327 0.11538461538461539
0 0.6369606003752345 0.4698544698544699 0.09568480300187618 0.1288981288981289
0 0.7335834896810507 0.4760914760914761 0.12382739212007504 0.11850311850311851
0 0.8475609756097561 0.4688149688149688 0.1303939962476548 0.11850311850311851
0 0.7687617260787992 0.3471933471933472 0.11538461538461539 0.13513513513513514
0 0.36632270168855535 0.0841995841995842 0.24296435272045028 0.13721413721413722
0 0.5802063789868668 0.08523908523908524 0.15853658536585366 0.11850311850311851
0 0.7326454033771107 0.08887733887733888 0.15196998123827393 0.11122661122661123
0 0.3630393996247655 0.24168399168399168 0.12195121951219512 0.10083160083160084
0 0.5164165103189493 0.224012474012474 0.199812382739212 0.13825363825363826
0 0.700281425891182 0.22453222453222454 0.16416510318949343 0.15592515592515593
0 0.8667917448405253 0.2151767151767152 0.18386491557223264 0.13513513513513514
0 0.11538461538461539 0.3575883575883576 0.16885553470919323 0.11850311850311851
0 0.6055347091932458 0.3523908523908524 0.1904315196998124 0.11434511434511435
0 0.19136960600375236 0.9459459459459459 0.20075046904315197 0.08523908523908524
0 0.37335834896810505 0.9386694386694386 0.17448405253283303 0.09563409563409564
0 0.9146341463414634 0.9246361746361746 0.1050656660412758 0.10291060291060292
