0 0.2350253807106599 0.4496487119437939 0.14517766497461929 0.14285714285714285
0 0.36598984771573606 0.23594847775175645 0.18578680203045686 0.13700234192037472
0 0.5411167512690356 0.24063231850117095 0.17055837563451776 0.12060889929742388
0 0.08477157360406092 0.344847775175644 0.12284263959390863 0.12060889929742388
0 0.2431472081218274 0.3337236533957845 0.23045685279187816 0.11475409836065574
0 0.4071065989847716 0.3553864168618267 0.14416243654822336 0.11592505854800937
0 0.2015228426395939 0.5807962529274004 0.16751269035532995 0.13348946135831383
0 0.20964467005076143 0.23185011709601874 0.1431472081218274 0.11007025761124122
0 0.11269035532994924 0.680327868852459 0.14213197969543148 0.13114754098360656
0 0.24060913705583756 0.6967213114754098 0.18274111675126903 0.13817330210772832
0 0.08578680203045685 0.23126463700234193 0.12487309644670051 0.12295081967213115
