0 0.1063922942206655 0.24555335968379446 0.14623467600700527 0.09189723320158102
0 0.2714535901926445 0.23369565217391305 0.1978984238178634 0.10375494071146245
0 0.07837127845884413 0.33300395256917 0.11996497373029773 0.1067193675889328
0 0.10683012259194395 0.6121541501976284 0.14711033274956217 0.1274703557312253
0 0.22373029772329248 0.6190711462450593 0.11120840630472854 0.11758893280632411
0 0.1234676007005254 0.7154150197628458 0.1295971978984238 0.1225296442687747
0 0.21978984238178634 0.7193675889328063 0.07705779334500876 0.10869565217391304
0 0.34851138353765326 0.7302371541501976 0.1628721541155867 0.11067193675889328
0 0.5223292469352014 0.7213438735177866 0.16024518388791595 0.1225296442687747
0 0.3428196147110333 0.6205533596837944 0.14448336252189142 0.1067193675889328
0 0.5271453590192644 0.616106719367589 0.1978984238178634 0.11561264822134387
0 0.2097197898423818 0.5177865612648221 0.1532399299474606 0.09090909090909091
0 0.34632224168126097 0.5138339920948617 0.1339754816112084 0.10474308300395258
0 0.5197022767075307 0.508893280632411 0.21628721541155868 0.11462450592885376
0 0.6768826619964974 0.4975296442687747 0.12084063047285463 0.12154150197628459
0 0.7635726795096323 0.483695652173913 0.06304728546409807 0.12351778656126482
0 0.1978984238178634 0.33300395256917 0.12084063047285463 0.1007905138339921
0 0.34413309982486867 0.3255928853754941 0.17513134851138354 0.10770750988142293
0 0.3209281961471103 0.42638339920948615 0.1777583187390543 0.08794466403162056
0 0.1265323992994746 0.4258893280632411 0.22329246935201402 0.09288537549407115
0 0.1300350262697023 0.8265810276679841 0.14623467600700527 0.09980237154150198
0 0.23905429071803852 0.8379446640316206 0.07880910683012259 0.12055335968379446
0 0.38660245183887915 0.8320158102766798 0.18476357267950963 0.09288537549407115
0 0.5669877408056042 0.8305335968379447 0.19702276707530647 0.11956521739130435
0 0.16549912434325745 0.9066205533596838 0.14185639229422067 0.10770750988142293
0 0.3336252189141856 0.9179841897233202 0.12609457092819615 0.10276679841897234
0 0.48774080560420313 0.9174901185770751 0.1330998248686515 0.10573122529644269
0 0.6725043782837128 0.9278656126482213 0.1646234676007005 0.1007905138339921
0 0.48248686514886163 0.41007905138339923 0.15586690017513136 0.09683794466403162
0 0.6396672504378283 0.39920948616600793 0.17950963222416813 0.10276679841897234
0 0.4746059544658494 0.3221343873517787 0.09106830122591944 0.09288537549407115
0 0.4973730297723292 0.22183794466403162 0.276707530647986 0.10375494071146245
0 0.6948336252189142 0.20602766798418973 0.053415061295971976 0.11166007905138339
0 0.11865148861646235 0.1422924901185771 0.10945709281961472 0.1007905138339921
0 0.2478108581436077 0.12845849802371542 0.15586690017513136 0.10474308300395258
0 0.37521891418563924 0.1259881422924901 0.13922942206654992 0.10573122529644269
0 0.5135726795096323 0.12302371541501976 0.16549912434325745 0.10770750988142293
0 0.6409807355516638 0.11857707509881422 0.10157618213660245 0.09881422924901186
0 0.7955341506129597 0.11709486166007906 0.2075306479859895 0.10177865612648221
