0 0.13602251407129456 0.11590436590436591 0.1050656660412758 0.1257796257796258
0 0.23452157598499063 0.11590436590436591 0.13320825515947468 0.1444906444906445
0 0.18292682926829268 0.37733887733887733 0.21575984990619138 0.12058212058212059
0 0.17636022514071295 0.8955301455301455 0.25140712945590993 0.11746361746361747
0 0.33114446529080677 0.9002079002079002 0.10694183864915573 0.1288981288981289
0 0.47607879924953095 0.8986486486486487 0.20544090056285177 0.12993762993762994
0 0.7120075046904315 0.8887733887733887 0.29831144465290804 0.1392931392931393
0 0.349437148217636 0.3575883575883576 0.124765478424015 0.0997920997920998
0 0.44606003752345214 0.2396049896049896 0.20919324577861162 0.12993762993762994
0 0.5858348968105066 0.24896049896049896 0.09662288930581614 0.11330561330561331
0 0.2227954971857411 0.24792099792099792 0.25046904315197 0.13201663201663202
0 0.7593808630393997 0.24844074844074845 0.2767354596622889 0.11850311850311851
0 0.5909943714821764 0.49480249480249483 0.2026266416510319 0.13721413721413722
0 0.7584427767354597 0.48232848232848236 0.199812382739212 0.14137214137214138
0 0.3719512195121951 0.49584199584199584 0.17354596622889307 0.16216216216216217
0 0.14634146341463414 0.7661122661122661 0.2101313320825516 0.1288981288981289
0 0.36350844277673544 0.7697505197505198 0.2654784240150094 0.12162162162162163
0 0.551594746716698 0.7645530145530145 0.14821763602251406 0.14241164241164242
0 0.74906191369606 0.764033264033264 0.22045028142589118 0.13513513513513514
0 0.11960600375234522 0.6372141372141372 0.16604127579737335 0.13305613305613306
0 0.1669793621013133 0.5057172557172557 0.24390243902439024 0.12993762993762994
0 0.47701688555347094 0.3591476091476091 0.15103189493433397 0.11122661122661123
0 0.6064727954971857 0.35395010395010396 0.13227016885553472 0.13201663201663202
0 0.38602251407129456 0.11642411642411643 0.20544090056285177 0.13305613305613306
0 0.5379924953095685 0.12318087318087319 0.15478424015009382 0.14241164241164242
0 0.6580675422138836 0.12266112266112267 0.11350844277673545 0.12681912681912683
0 0.7715759849906192 0.12318087318087319 0.1303939962476548 0.1257796257796258
0 0.2879924953095685 0.6418918918918919 0.2101313320825516 0.1340956340956341
0 0.45590994371482174 0.6351351351351351 0.150093808630394 0.14137214137214138
0 0.6228893058161351 0.6278586278586279 0.1951219512195122 0.13721413721413722
0 0.8058161350844277 0.6216216216216216 0.18574108818011256 0.1496881496881497
0 0.9394934333958724 0.6252598752598753 0.12101313320825516 0.1548856548856549
