0 0.27063236870310825 0.10227272727272728 0.14469453376205788 0.09545454545454546
0 0.13504823151125403 0.7977272727272727 0.1007502679528403 0.1159090909090909
0 0.41961414790996787 0.09147727272727273 0.15969989281886388 0.10795454545454546
0 0.552518756698821 0.09375 0.07609860664523044 0.11931818181818182
0 0.7545551982851019 0.10113636363636364 0.16934619506966775 0.10681818181818181
0 0.8938906752411575 0.1125 0.1157556270096463 0.09090909090909091
0 0.639871382636656 0.20227272727272727 0.1157556270096463 0.12272727272727273
0 0.11414790996784566 0.6789772727272727 0.0782422293676313 0.12386363636363637
0 0.24812433011789925 0.6857954545454545 0.1682743837084673 0.11704545454545455
0 0.2733118971061093 0.7994318181818182 0.16934619506966775 0.12840909090909092
0 0.5530546623794212 0.7926136363636364 0.14362272240085744 0.09659090909090909
0 0.710075026795284 0.7994318181818182 0.1682743837084673 0.1215909090909091
0 0.8247588424437299 0.7914772727272728 0.06538049303322616 0.13295454545454546
0 0.612540192926045 0.5698863636363637 0.06966773847802786 0.12386363636363637
0 0.47106109324758844 0.5704545454545454 0.17684887459807075 0.12727272727272726
0 0.12754555198285103 0.33579545454545456 0.13504823151125403 0.11704545454545455
0 0.14469453376205788 0.11477272727272728 0.11361200428724544 0.10227272727272728
0 0.1302250803858521 0.2255681818181818 0.09110396570203644 0.11022727272727273
0 0.7797427652733119 0.18920454545454546 0.1639871382636656 0.09659090909090909
0 0.9265809217577706 0.2028409090909091 0.07609860664523044 0.08522727272727272
0 0.3011789924973205 0.5619318181818181 0.16934619506966775 0.13295454545454546
0 0.42068595927116825 0.8051136363636363 0.12540192926045016 0.12613636363636363
0 0.6039657020364416 0.9125 0.19185423365487675 0.10227272727272728
0 0.40353697749196143 0.90625 0.21543408360128619 0.10340909090909091
0 0.18756698821007503 0.8784090909090909 0.2207931404072883 0.12045454545454545
0 0.1345123258306538 0.5596590909090909 0.18971061093247588 0.11704545454545455
0 0.23097534833869238 0.33181818181818185 0.09110396570203644 0.12045454545454545
0 0.2422293676312969 0.21477272727272728 0.1264737406216506 0.12727272727272726
0 0.10128617363344052 0.43977272727272726 0.1232583065380493 0.1159090909090909
0 0.22132904608788853 0.4505681818181818 0.12111468381564845 0.11931818181818182
0 0.744908896034298 0.4346590909090909 0.12004287245444802 0.09204545454545454
0 0.6243301178992497 0.09147727272727273 0.09110396570203644 0.10568181818181818
0 0.3595927116827438 0.21079545454545454 0.14040728831725616 0.1215909090909091
0 0.49142550911039656 0.20397727272727273 0.1532690246516613 0.1125
