0 0.09021739130434783 0.3243574051407589 0.08695652173913043 0.13219094247246022
0 0.2907608695652174 0.5954712362301101 0.09456521739130434 0.14075887392900857
0 0.4364130434782609 0.5960832313341493 0.18369565217391304 0.12239902080783353
0 0.6114130434782609 0.5813953488372093 0.17717391304347826 0.16156670746634028
0 0.8239130434782609 0.5618115055079559 0.1956521739130435 0.13953488372093023
0 0.13804347826086957 0.16401468788249693 0.12173913043478261 0.17870257037943696
0 0.3027173913043478 0.13769889840881272 0.19456521739130433 0.18482252141982863
0 0.46304347826086956 0.11566707466340269 0.1608695652173913 0.1554467564259486
0 0.2467391304347826 0.31211750305997554 0.1782608695652174 0.1419828641370869
0 0.40108695652173915 0.2894736842105263 0.14130434782608695 0.12362301101591187
0 0.5282608695652173 0.2858017135862913 0.12391304347826088 0.11872705018359853
0 0.6657608695652174 0.299265605875153 0.13369565217391305 0.1211750305997552
0 0.5885869565217391 0.12607099143206854 0.11630434782608695 0.1419828641370869
0 0.8690217391304348 0.28090575275397794 0.06847826086956521 0.11138310893512852
0 0.7766304347826087 0.295593635250918 0.10108695652173913 0.14075887392900857
0 0.10217391304347827 0.46266829865361075 0.13695652173913042 0.1419828641370869
0 0.296195652173913 0.4559363525091799 0.24891304347826088 0.15055079559363524
0 0.5478260869565217 0.4357405140758874 0.2391304347826087 0.13708690330477355
0 0.7831521739130435 0.4222766217870257 0.23152173913043478 0.15422276621787026
0 0.6190217391304348 0.7417380660954712 0.1815217391304348 0.14687882496940025
