0 0.08272251308900523 0.20866141732283464 0.1130890052356021 0.10911136107986502
0 0.225130890052356 0.20416197975253092 0.17172774869109947 0.10686164229471316
0 0.38900523560209427 0.22778402699662542 0.1581151832460733 0.10686164229471316
0 0.08010471204188482 0.4431946006749156 0.07643979057591622 0.11923509561304838
0 0.3481675392670157 0.32733408323959506 0.23979057591623038 0.10573678290213723
0 0.06963350785340314 0.327896512935883 0.06387434554973823 0.10911136107986502
0 0.23769633507853402 0.438132733408324 0.2157068062827225 0.11586051743532058
0 0.4094240837696335 0.4364454443194601 0.05445026178010471 0.10123734533183353
0 0.5513089005235602 0.42575928008998876 0.16230366492146597 0.10686164229471316
0 0.731413612565445 0.4178852643419573 0.19790575916230366 0.12935883014623173
0 0.40104712041884816 0.7784026996625422 0.2261780104712042 0.14173228346456693
0 0.5759162303664922 0.31327334083239594 0.1905759162303665 0.1203599550056243
0 0.14659685863874344 0.09898762654668167 0.21151832460732983 0.11023622047244094
0 0.3345549738219895 0.09955005624296963 0.18952879581151832 0.10011248593925759
0 0.5298429319371728 0.09955005624296963 0.1319371727748691 0.10011248593925759
0 0.6994764397905759 0.09505061867266591 0.12984293193717278 0.11136107986501688
0 0.5476439790575917 0.19516310461192352 0.16335078534031414 0.10236220472440945
0 0.7041884816753927 0.19797525309336333 0.12041884816753927 0.08998875140607424
0 0.8345549738219895 0.187289088863892 0.11727748691099477 0.11361079865016872
0 0.16178010471204188 0.7885264341957255 0.17486910994764399 0.12598425196850394
0 0.7371727748691099 0.7553430821147357 0.4041884816753927 0.156355455568054
0 0.4256544502617801 0.6479190101237345 0.19162303664921465 0.13048368953880765
0 0.6602094240837696 0.6304836895388076 0.225130890052356 0.11136107986501688
0 0.20209424083769634 0.6659167604049494 0.2554973821989529 0.11473565804274466
0 0.12984293193717278 0.547806524184477 0.14450261780104712 0.11023622047244094
0 0.2926701570680628 0.5433070866141733 0.1706806282722513 0.12598425196850394
0 0.5492146596858639 0.5376827896512936 0.32356020942408376 0.10348706411698538
0 0.912041884816754 0.4094488188976378 0.16963350785340314 0.1372328458942632
0 0.7628272251308901 0.29471316085489313 0.14973821989528796 0.11023622047244094
0 0.8853403141361257 0.28008998875140606 0.10157068062827225 0.11698537682789652
0 0.9534031413612566 0.27727784026996627 0.05130890052356021 0.12710911136107986
0 0.11780104712041885 0.8892013498312711 0.09528795811518324 0.07761529808773904
0 0.2136125654450262 0.890888638920135 0.08167539267015707 0.08548931383577053
0 0.3240837696335079 0.8835770528683915 0.1225130890052356 0.08211473565804274
0 0.47591623036649217 0.8802024746906637 0.1769633507853403 0.10686164229471316
0 0.6303664921465969 0.8689538807649044 0.1549738219895288 0.09561304836895389
0 0.7727748691099476 0.859392575928009 0.14450261780104712 0.10123734533183353
0 0.8900523560209425 0.8419572553430821 0.12146596858638743 0.12485939257592801
0 0.3298429319371728 0.9611923509561305 0.09005235602094241 0.06411698537682789
0 0.41465968586387436 0.9583802024746907 0.09005235602094241 0.07424071991001124
0 0.5403141361256545 0.9578177727784027 0.1256544502617801 0.07311586051743532
0 0.6816753926701571 0.9499437570303711 0.13612565445026178 0.07311586051743532
0 0.8026178010471204 0.9443194600674916 0.0806282722513089 0.07311586051743532
0 0.8900523560209425 0.9285714285714286 0.09842931937172775 0.0686164229471316
0 0.16649214659685863 0.32733408323959506 0.12774869109947645 0.10573678290213723
