0 0.1078107810781078 0.2453151618398637 0.15181518151815182 0.20783645655877342
0 0.1254125412541254 0.4454855195911414 0.17601760176017603 0.20272572402044292
0 0.2667766776677668 0.4557069846678024 0.11551155115511551 0.22657580919931858
0 0.4312431243124312 0.46252129471890974 0.24202420242024203 0.23679727427597955
0 0.6237623762376238 0.44122657580919933 0.16061606160616063 0.2555366269165247
0 0.7706270627062707 0.4199318568994889 0.1397139713971397 0.19591141396933562
0 0.22552255225522552 0.6712095400340715 0.3234323432343234 0.2282793867120954
0 0.47854785478547857 0.692504258943782 0.20462046204620463 0.23339011925042588
0 0.7145214521452146 0.6805792163543442 0.24532453245324531 0.24701873935264054
0 0.8734873487348734 0.6703577512776832 0.0704070407040704 0.21294718909710392
0 0.2002200220022002 0.862862010221465 0.18261826182618263 0.16183986371379896
0 0.35533553355335534 0.8909710391822828 0.0924092409240924 0.1465076660988075
0 0.46259625962596257 0.893526405451448 0.11331133113311331 0.15502555366269166
0 0.6177117711771177 0.8960817717206133 0.2079207920792079 0.1635434412265758
0 0.8487348734873488 0.8679727427597955 0.24752475247524752 0.21635434412265758
0 0.253025302530253 0.23850085178875638 0.16721672167216722 0.21805792163543442
0 0.4306930693069307 0.2342419080068143 0.1573157315731573 0.20954003407155025
0 0.6364136413641364 0.22572402044293016 0.25412541254125415 0.20954003407155025
