0 0.42598509052183176 0.9621761658031088 0.14270500532481364 0.07772020725388601
0 0.5931842385516507 0.9621761658031088 0.18743343982960597 0.08393782383419689
0 0.7827476038338658 0.933160621761658 0.1554845580404686 0.0922279792746114
0 0.23588924387646432 0.9487046632124352 0.2268370607028754 0.10259067357512953
0 0.20340788072417465 0.8538860103626943 0.18743343982960597 0.10155440414507771
0 0.5820021299254526 0.8523316062176166 0.10756123535676251 0.12953367875647667
0 0.5250266240681576 0.7357512953367875 0.15122470713525027 0.12020725388601036
0 0.6464323748668797 0.7124352331606217 0.08519701810436635 0.09430051813471503
0 0.3769968051118211 0.7357512953367875 0.10649627263045794 0.12849740932642487
0 0.4329073482428115 0.605699481865285 0.07561235356762513 0.11917098445595854
0 0.560702875399361 0.5984455958549223 0.154419595314164 0.13575129533678756
