0 0.3466107617051013 0.2589208006962576 0.21523410202655485 0.1227154046997389
0 0.14360587002096437 0.25630983463881635 0.19357092941998602 0.1174934725848564
0 0.649895178197065 0.602697998259356 0.1970649895178197 0.14012184508268058
0 0.7900069881201957 0.603568320278503 0.07197763801537387 0.11923411662315056
0 0.7204751921733054 0.4856396866840731 0.07966457023060797 0.11662315056570931
0 0.4074074074074074 0.7262837249782419 0.06848357791754019 0.1227154046997389
0 0.3382250174703005 0.8363794604003482 0.1453529000698812 0.10095735422106179
0 0.5716282320055905 0.8302872062663186 0.2278127183787561 0.12010443864229765
0 0.4143955276030748 0.1431679721496954 0.14814814814814814 0.12445604873803308
0 0.13242487770789657 0.8224543080939948 0.12508735150244585 0.10095735422106179
0 0.08071278825995808 0.7175805047867712 0.12508735150244585 0.1122715404699739
0 0.43466107617051014 0.5966057441253264 0.22641509433962265 0.14012184508268058
0 0.8675751222921034 0.4908616187989556 0.20195667365478687 0.12184508268059181
0 0.5831586303284416 0.48389904264577893 0.1488469601677149 0.11314186248912098
0 0.5691823899371069 0.3711923411662315 0.1264849755415793 0.1279373368146214
0 0.0737246680642907 0.37293298520452567 0.08315863032844165 0.13664055700609226
0 0.1243885394828791 0.15230635335073978 0.14675052410901468 0.1114012184508268
0 0.26659678546471 0.15404699738903394 0.1376659678546471 0.09573542210617929
0 0.1090146750524109 0.05134899912967798 0.05870020964360587 0.10269799825935597
0 0.7155835080363382 0.3672758920800696 0.1719077568134172 0.12010443864229765
0 0.5475192173305381 0.716710182767624 0.1642208245981831 0.11053089643167972
0 0.06289308176100629 0.6005221932114883 0.06708595387840671 0.11314186248912098
0 0.1918238993710692 0.3751087902523934 0.1684136967155835 0.12010443864229765
0 0.3895877009084556 0.3742384682332463 0.22990915443745633 0.11488250652741515
0 0.14500349406009783 0.48781549173194083 0.23410202655485673 0.1279373368146214
0 0.36198462613556953 0.4821583986074848 0.19986023759608665 0.11662315056570931
0 0.1960167714884696 0.5939947780678851 0.1795946890286513 0.13489991296779807
0 0.2564640111809923 0.7193211488250653 0.1984626135569532 0.12097476066144473
0 0.5849056603773585 0.9299390774586597 0.3074772886093641 0.10530896431679722
0 0.8682739343116702 0.3772845953002611 0.1530398322851153 0.14012184508268058
0 0.36303284416491965 0.9151436031331592 0.06359189378057302 0.072236727589208
0 0.19951083158630328 0.8842471714534378 0.246680642907058 0.09921671018276762
0 0.9074074074074074 0.603568320278503 0.1376659678546471 0.11923411662315056
0 0.6065688329839273 0.1453437771975631 0.2138364779874214 0.12010443864229765
0 0.783717679944095 0.15317667536988686 0.09993011879804332 0.09747606614447346
0 0.5059399021663172 0.26109660574412535 0.10621942697414395 0.11488250652741515
0 0.6076170510132775 0.25630983463881635 0.11250873515024458 0.10182767624020887
0 0.8099231306778477 0.2584856396866841 0.14814814814814814 0.11662315056570931
0 0.22082459818308875 0.05221932114882506 0.16771488469601678 0.10095735422106179
0 0.3853948287910552 0.04351610095735422 0.16561844863731656 0.08703220191470844
0 0.5817610062893082 0.053959965187119235 0.1949685534591195 0.09399477806788512
