0 0.4858156028368794 0.7038709677419355 0.14657210401891252 0.1329032258064516
0 0.6560283687943262 0.6787096774193548 0.15839243498817968 0.14193548387096774
0 0.32387706855791965 0.6941935483870968 0.16784869976359337 0.12387096774193548
0 0.2848699763593381 0.5812903225806452 0.19621749408983452 0.12516129032258064
0 0.30200945626477543 0.45483870967741935 0.2115839243498818 0.1329032258064516
0 0.1400709219858156 0.6735483870967742 0.19976359338061467 0.1367741935483871
0 0.5047281323877069 0.5735483870967742 0.26713947990543735 0.12516129032258064
0 0.11583924349881797 0.5696774193548387 0.15839243498817968 0.12258064516129032
0 0.5041371158392435 0.4503225806451613 0.20921985815602837 0.12645161290322582
0 0.1235224586288416 0.4541935483870968 0.1524822695035461 0.12387096774193548
0 0.7364066193853428 0.44387096774193546 0.25295508274231676 0.13161290322580646
0 0.291371158392435 0.3361290322580645 0.1453900709219858 0.11225806451612903
0 0.4391252955082742 0.33225806451612905 0.16430260047281323 0.10967741935483871
0 0.1483451536643026 0.3529032258064516 0.15011820330969267 0.10709677419354839
0 0.20685579196217493 0.8051612903225807 0.1607565011820331 0.1393548387096774
0 0.3421985815602837 0.8045161290322581 0.12411347517730496 0.12774193548387097
0 0.824468085106383 0.6174193548387097 0.15011820330969267 0.17419354838709677
0 0.5981087470449172 0.33806451612903227 0.15839243498817968 0.10064516129032258
