0 0.10046728971962617 0.690562613430127 0.08878504672897196 0.10526315789473684
0 0.20521806853582555 0.6742286751361162 0.16121495327102803 0.14156079854809436
0 0.13551401869158877 0.5762250453720508 0.1838006230529595 0.11252268602540835
0 0.2628504672897196 0.5852994555353902 0.11137071651090343 0.1088929219600726
0 0.5763239875389408 0.3629764065335753 0.06542056074766354 0.08348457350272233
0 0.6880841121495327 0.3511796733212341 0.15186915887850466 0.11070780399274047
0 0.809190031152648 0.35208711433756806 0.07476635514018691 0.10163339382940109
0 0.8785046728971962 0.3248638838475499 0.09190031152647975 0.09800362976406533
0 0.956386292834891 0.31306715063520874 0.06074766355140187 0.09618874773139746
0 0.6838006230529595 0.2613430127041742 0.06230529595015576 0.09437386569872959
0 0.7550623052959502 0.24909255898366606 0.06775700934579439 0.10072595281306715
0 0.882398753894081 0.24183303085299457 0.17445482866043613 0.11524500907441017
0 0.5950155763239875 0.2554446460980036 0.102803738317757 0.09891107078039928
0 0.506619937694704 0.2749546279491833 0.0646417445482866 0.08892921960072596
0 0.43068535825545173 0.2894736842105263 0.0778816199376947 0.12885662431941924
0 0.3512461059190031 0.2967332123411978 0.08722741433021806 0.11796733212341198
0 0.2690809968847352 0.2967332123411978 0.08333333333333333 0.11070780399274047
0 0.1705607476635514 0.2985480943738657 0.10124610591900311 0.0925589836660617
0 0.3855140186915888 0.19736842105263158 0.10903426791277258 0.09165154264972777
0 0.4762461059190031 0.18466424682395643 0.10669781931464174 0.08076225045372051
0 0.5919003115264797 0.17740471869328495 0.1557632398753894 0.08076225045372051
0 0.6978193146417445 0.17014519056261343 0.08722741433021806 0.08076225045372051
0 0.7729750778816199 0.16606170598911071 0.09423676012461059 0.07259528130671507
0 0.8512461059190031 0.16061705989110708 0.08411214953271028 0.07985480943738657
0 0.9415887850467289 0.14609800362976408 0.0778816199376947 0.09074410163339383
0 0.4676791277258567 0.1161524500907441 0.15186915887850466 0.05989110707803993
0 0.6160436137071651 0.10254083484573502 0.16355140186915887 0.06533575317604355
0 0.7355919003115264 0.09618874773139746 0.09735202492211838 0.07078039927404718
0 0.8341121495327103 0.09709618874773139 0.08411214953271028 0.08711433756805807
0 0.7040498442367601 0.045372050816696916 0.07476635514018691 0.05989110707803993
0 0.2597352024922118 0.4750453720508167 0.117601246105919 0.1297640653357532
0 0.4365264797507788 0.04627949183303085 0.13006230529595014 0.07622504537205081
0 0.580607476635514 0.04627949183303085 0.18146417445482865 0.07259528130671507
