0 0.11420059582919563 0.36375545851528385 0.09533267130089375 0.10742358078602621
0 0.14796425024826215 0.7882096069868996 0.09930486593843098 0.09868995633187773
0 0.43098311817279045 0.3384279475982533 0.10526315789473684 0.10218340611353711
0 0.20953326713008938 0.5772925764192139 0.18470705064548162 0.1275109170305677
0 0.38182720953326715 0.5633187772925764 0.13406156901688182 0.11353711790393013
0 0.5471698113207547 0.540174672489083 0.1509433962264151 0.11965065502183406
0 0.7229394240317776 0.5117903930131005 0.141012909632572 0.1205240174672489
0 0.8003972194637538 0.616593886462882 0.14697120158887786 0.11703056768558952
0 0.6191658391261172 0.6375545851528385 0.2313803376365442 0.11703056768558952
0 0.3242303872889772 0.7764192139737991 0.1936444885799404 0.1222707423580786
0 0.5342601787487586 0.7449781659388647 0.15491559086395235 0.11877729257641921
0 0.1400198609731877 0.13580786026200872 0.14697120158887786 0.12139737991266375
0 0.2730883813306852 0.12794759825327512 0.13108242303872888 0.11615720524017467
0 0.42899702085402186 0.12532751091703057 0.17676266137040714 0.10742358078602621
0 0.5958291956305859 0.11353711790393013 0.1608738828202582 0.10305676855895196
0 0.746772591857001 0.10393013100436681 0.1529294935451837 0.09781659388646288
0 0.8897715988083416 0.08820960698689956 0.13306852035749753 0.09082969432314411
0 0.13604766633565044 0.25327510917030566 0.10724925521350546 0.11353711790393013
0 0.27904667328699106 0.3519650655021834 0.20655412115193644 0.10829694323144105
0 0.5700099304865939 0.31615720524017465 0.16881827209533268 0.10480349344978165
0 0.3272095332671301 0.24541484716157205 0.21946375372393248 0.125764192139738
0 0.5024826216484608 0.22358078602620088 0.13902681231380337 0.11004366812227075
0 0.628103277060576 0.2091703056768559 0.12015888778550149 0.10218340611353711
0 0.7879841112214498 0.19868995633187772 0.2035749751737835 0.11266375545851529
0 0.9319761668321748 0.17641921397379912 0.08838133068520357 0.09082969432314411
0 0.7259185700099305 0.29694323144104806 0.14299900695134063 0.10131004366812227
0 0.8619662363455809 0.28209606986899566 0.14895729890764647 0.11004366812227075
0 0.16385302879841113 0.4641921397379913 0.1529294935451837 0.11266375545851529
0 0.30238331678252234 0.45633187772925765 0.12413108242303873 0.11091703056768559
0 0.5054617676266137 0.43231441048034935 0.25819265143992054 0.13799126637554585
0 0.6777557100297915 0.40873362445414846 0.0903674280039722 0.11528384279475982
0 0.8445878848063555 0.388646288209607 0.22740814299900694 0.13973799126637554
0 0.7219463753723933 0.7244541484716157 0.1628599801390268 0.10218340611353711
0 0.19960278053624628 0.8873362445414847 0.1608738828202582 0.10655021834061135
0 0.39622641509433965 0.8685589519650655 0.1628599801390268 0.10393013100436681
0 0.599304865938431 0.8375545851528384 0.19960278053624628 0.11353711790393013
0 0.769116186693148 0.8165938864628821 0.14399205561072492 0.1205240174672489
0 0.9141012909632572 0.7903930131004366 0.13604766633565044 0.1467248908296943
0 0.17676266137040714 0.6781659388646288 0.13505461767626614 0.1056768558951965
0 0.3659384309831182 0.6615720524017468 0.2512413108242304 0.11091703056768559
0 0.9364448857994042 0.5816593886462882 0.11717974180734857 0.16768558951965065
0 0.3316782522343595 0.9524017467248909 0.15888778550148958 0.07074235807860262
0 0.531777557100298 0.951528384279476 0.22542204568023833 0.0794759825327511
0 0.717974180734856 0.9331877729257642 0.13902681231380337 0.09519650655021834
0 0.8485600794438928 0.9165938864628821 0.11420059582919563 0.09344978165938865
