0 0.2175141242937853 0.44671052631578945 0.07570621468926554 0.15657894736842104
0 0.36214689265536726 0.4368421052631579 0.21807909604519773 0.15789473684210525
0 0.10338983050847457 0.4585526315789474 0.15254237288135594 0.14342105263157895
0 0.56045197740113 0.40592105263157896 0.19661016949152543 0.14078947368421052
0 0.10790960451977401 0.3190789473684211 0.13220338983050847 0.14868421052631578
0 0.22429378531073446 0.3046052631578947 0.10056497175141244 0.14868421052631578
0 0.3615819209039548 0.29342105263157897 0.08135593220338982 0.16052631578947368
0 0.4966101694915254 0.2802631578947368 0.20903954802259886 0.16842105263157894
0 0.656497175141243 0.25263157894736843 0.13559322033898305 0.1736842105263158
0 0.7875706214689265 0.2506578947368421 0.09265536723163842 0.1723684210526316
0 0.12994350282485875 0.17105263157894737 0.15819209039548024 0.14736842105263157
0 0.27288135593220336 0.14868421052631578 0.15028248587570622 0.17105263157894737
0 0.41977401129943503 0.1361842105263158 0.15254237288135594 0.15394736842105264
0 0.5830508474576271 0.12039473684210526 0.207909604519774 0.15657894736842104
0 0.07175141242937853 0.6236842105263158 0.10508474576271186 0.18421052631578946
0 0.2423728813559322 0.6 0.21807909604519773 0.17105263157894737
0 0.43333333333333335 0.5657894736842105 0.1638418079096045 0.1763157894736842
0 0.5898305084745763 0.5480263157894737 0.14689265536723164 0.16710526315789473
0 0.7548022598870057 0.5414473684210527 0.18305084745762712 0.15657894736842104
0 0.09887005649717515 0.7585526315789474 0.1480225988700565 0.13026315789473683
0 0.23615819209039549 0.7539473684210526 0.11751412429378531 0.13421052631578947
0 0.36271186440677966 0.7361842105263158 0.12655367231638417 0.14605263157894738
0 0.13615819209039548 0.8625 0.14124293785310735 0.1118421052631579
0 0.2711864406779661 0.8552631578947368 0.12429378531073447 0.12631578947368421
0 0.40225988700564974 0.8480263157894737 0.09717514124293786 0.125
0 0.5790960451977402 0.8401315789473685 0.24067796610169492 0.14342105263157895
0 0.7672316384180791 0.8315789473684211 0.14463276836158193 0.15526315789473685
0 0.9 0.2519736842105263 0.13898305084745763 0.15657894736842104
0 0.8762711864406779 0.3986842105263158 0.17966101694915254 0.14736842105263157
0 0.9033898305084745 0.5427631578947368 0.12994350282485875 0.14868421052631578
