0 0.21176470588235294 0.082425068119891 0.17176470588235293 0.11852861035422343
0 0.39941176470588236 0.07493188010899182 0.2011764705882353 0.1362397820163488
0 0.5988235294117648 0.07561307901907358 0.1811764705882353 0.12670299727520437
0 0.6194117647058823 0.4611716621253406 0.1423529411764706 0.14850136239782016
0 0.4752941176470588 0.4673024523160763 0.1388235294117647 0.16893732970027248
0 0.6270588235294118 0.7731607629427792 0.2188235294117647 0.16212534059945505
0 0.788235294117647 0.07220708446866485 0.1976470588235294 0.11716621253405994
0 0.8905882352941177 0.41553133514986373 0.20705882352941177 0.1444141689373297
0 0.4041176470588235 0.7867847411444142 0.23411764705882354 0.14032697547683923
0 0.15529411764705883 0.8017711171662125 0.21176470588235294 0.12125340599455041
0 0.10588235294117647 0.09059945504087194 0.06823529411764706 0.13215258855585832
0 0.1723529411764706 0.20708446866485014 0.19176470588235295 0.12534059945504086
0 0.39705882352941174 0.1927792915531335 0.2647058823529412 0.12397820163487738
0 0.5958823529411764 0.1955040871934605 0.18470588235294116 0.13760217983651227
0 0.7494117647058823 0.18869209809264306 0.12470588235294118 0.12670299727520437
0 0.8923529411764706 0.1846049046321526 0.16823529411764707 0.13760217983651227
0 0.14647058823529413 0.33923705722070846 0.17529411764705882 0.13896457765667575
0 0.31470588235294117 0.329700272479564 0.16588235294117648 0.14986376021798364
0 0.5141176470588236 0.32561307901907355 0.20470588235294118 0.1444141689373297
0 0.7241176470588235 0.31607629427792916 0.22470588235294117 0.1362397820163488
0 0.9188235294117647 0.29904632152588556 0.14823529411764705 0.12125340599455041
0 0.11823529411764706 0.49114441416893734 0.15411764705882353 0.16212534059945505
0 0.30176470588235293 0.4829700272479564 0.21764705882352942 0.16212534059945505
0 0.11764705882352941 0.6539509536784741 0.16470588235294117 0.18256130790190736
0 0.2611764705882353 0.6498637602179836 0.12941176470588237 0.1771117166212534
0 0.4152941176470588 0.6287465940054496 0.1411764705882353 0.16212534059945505
0 0.5970588235294118 0.6192098092643051 0.23647058823529413 0.17029972752043596
0 0.8470588235294118 0.5831062670299727 0.23294117647058823 0.2098092643051771
0 0.12823529411764706 0.9182561307901907 0.14823529411764705 0.11444141689373297
0 0.3135294117647059 0.9230245231607629 0.18470588235294116 0.14850136239782016
0 0.5170588235294118 0.9223433242506812 0.18 0.14168937329700274
0 0.6870588235294117 0.9046321525885559 0.16 0.16621253405994552
0 0.8352941176470589 0.8903269754768393 0.14588235294117646 0.16212534059945505
0 0.8441176470588235 0.7459128065395095 0.21764705882352942 0.14850136239782016
0 0.7411764705882353 0.4475476839237057 0.11764705882352941 0.14577656675749318
