0 0.13695652173913042 0.1003627569528416 0.09782608695652174 0.11608222490931076
0 0.592391304347826 0.094316807738815 0.21956521739130436 0.12091898428053205
0 0.33315217391304347 0.10217654171704958 0.2728260869565217 0.1293833131801693
0 0.1875 0.24486094316807738 0.2076086956521739 0.1608222490931076
0 0.5652173913043478 0.23458282950423218 0.2 0.1475211608222491
0 0.421195652173913 0.3984280532043531 0.2184782608695652 0.1608222490931076
0 0.12445652173913044 0.5489721886336155 0.09456521739130434 0.14510278113663846
0 0.2559782608695652 0.5411124546553809 0.15978260869565217 0.13663845223700122
0 0.4206521739130435 0.5459492140266021 0.13260869565217392 0.13905683192261184
0 0.6407608695652174 0.5332527206771464 0.27065217391304347 0.154776299879081
0 0.8532608695652174 0.375453446191052 0.1891304347826087 0.15840386940749698
0 0.6375 0.37968561064087064 0.2358695652173913 0.1596130592503023
0 0.1233695652173913 0.6813784764207981 0.09239130434782608 0.11487303506650544
0 0.2391304347826087 0.6765417170495768 0.1608695652173913 0.14631197097944376
0 0.4092391304347826 0.6837968561064087 0.15760869565217392 0.1293833131801693
0 0.8298913043478261 0.1094316807738815 0.2576086956521739 0.13422007255139057
0 0.3717391304347826 0.22974607013301088 0.1826086956521739 0.1354292623941959
0 0.19293478260869565 0.40024183796856105 0.24021739130434783 0.14510278113663846
0 0.5771739130434783 0.6777509068923822 0.2 0.15840386940749698
0 0.5565217391304348 0.8464328899637243 0.2391304347826087 0.16686819830713423
0 0.391304347826087 0.8403869407496977 0.14347826086956522 0.14993954050785974
0 0.23369565217391305 0.8077388149939541 0.21521739130434783 0.18863361547763
0 0.7641304347826087 0.22309552599758162 0.19782608695652174 0.13180169286577992
0 0.7690217391304348 0.6880290205562273 0.19891304347826086 0.17896009673518742
