0 0.22550052687038988 0.8738317757009346 0.12012644889357219 0.1348464619492657
0 0.39778714436248686 0.8765020026702269 0.1506849315068493 0.12149532710280374
0 0.3904109589041096 0.7510013351134847 0.13593256059009484 0.11882510013351134
0 0.5115911485774499 0.7503337783711616 0.08113804004214963 0.1548731642189586
0 0.10853530031612224 0.8671562082777036 0.08008429926238145 0.11882510013351134
0 0.136986301369863 0.1315086782376502 0.1517386722866175 0.1295060080106809
0 0.27239199157007377 0.11815754339118825 0.14014752370916755 0.12416555407209613
0 0.42571127502634354 0.11682242990654206 0.17702845100105374 0.14018691588785046
0 0.5922023182297155 0.1328437917222964 0.136986301369863 0.14285714285714285
0 0.7565858798735511 0.14218958611481977 0.17702845100105374 0.1295060080106809
0 0.09378292939936776 0.38050734312416556 0.09062170706006323 0.12817089452603472
0 0.17070600632244468 0.6488651535380507 0.19388830347734456 0.12550066755674233
0 0.3667017913593256 0.636849132176235 0.20864067439409906 0.12016021361815754
0 0.5437302423603794 0.6341789052069426 0.14963119072708114 0.10146862483311081
0 0.2249736564805058 0.3825100133511348 0.16754478398314016 0.1295060080106809
0 0.6591148577449948 0.7383177570093458 0.18440463645943098 0.13618157543391188
0 0.15384615384615385 0.5200267022696929 0.22339304531085352 0.14552736982643524
0 0.11959957850368809 0.7596795727636849 0.11907270811380401 0.12016021361815754
0 0.24710221285563752 0.7496662216288384 0.1506849315068493 0.11615487316421896
0 0.8187565858798735 0.6969292389853138 0.12644889357218125 0.1308411214953271
0 0.3856691253951528 0.253671562082777 0.10326659641728135 0.1308411214953271
0 0.1327713382507903 0.25033377837116155 0.1643835616438356 0.1348464619492657
0 0.27291886195995785 0.25166889185580776 0.11801896733403583 0.1348464619492657
0 0.5289778714436248 0.2523364485981308 0.19388830347734456 0.12283044058744993
0 0.4157007376185458 0.37449933244325767 0.21390937829293993 0.1268357810413885
0 0.7033719704952581 0.25500667556742324 0.18229715489989462 0.09345794392523364
0 0.5806111696522656 0.3678237650200267 0.14120126448893572 0.1321762349799733
0 0.565858798735511 0.8704939919893191 0.20864067439409906 0.12817089452603472
0 0.7813487881981033 0.8457943925233645 0.19494204425711276 0.1375166889185581
0 0.8598524762908325 0.2409879839786382 0.12644889357218125 0.10013351134846461
0 0.7218124341412012 0.3644859813084112 0.1517386722866175 0.13885180240320427
0 0.8735511064278187 0.35847797062750336 0.1517386722866175 0.14285714285714285
