0 0.14675592173017507 0.1185006045949214 0.09989701338825953 0.07980652962515115
0 0.2554067971163749 0.10096735187424426 0.10916580844490216 0.08101571946795647
0 0.3573635427394439 0.08464328899637243 0.10298661174047374 0.07496977025392987
0 0.5169927909371782 0.06166868198307134 0.11328527291452112 0.07496977025392987
0 0.6343975283213182 0.05501813784764208 0.121524201853759 0.07134220072551391
0 0.7590113285272915 0.06650544135429262 0.11122554067971163 0.07980652962515115
0 0.858908341915551 0.09189842805320435 0.07209062821833162 0.06287787182587666
0 0.1560247167868177 0.1989117291414752 0.11637487126673532 0.09310761789600967
0 0.2801235839340886 0.17230955259975816 0.12770339855818744 0.09794437726723096
0 0.388259526261586 0.1596130592503023 0.10710607621009269 0.11366384522370013
0 0.5077239958805355 0.14510278113663846 0.11534500514933059 0.09673518742442563
0 0.646755921730175 0.1396614268440145 0.09680741503604531 0.09794437726723096
0 0.7693099897013388 0.14933494558645707 0.12564366632337795 0.09794437726723096
0 0.8831101956745623 0.16626360338573157 0.08341915550978372 0.1003627569528416
0 0.09629248197734294 0.42019347037484883 0.0607621009268795 0.09794437726723096
0 0.16992790937178168 0.4153567110036276 0.09268795056642637 0.09794437726723096
0 0.10968074150360453 0.5145102781136639 0.07518022657054584 0.1003627569528416
0 0.3135942327497425 0.38694074969770254 0.17610710607621008 0.1185006045949214
0 0.4685890834191555 0.3681983071342201 0.121524201853759 0.11487303506650544
0 0.3455200823892894 0.496372430471584 0.16992790937178168 0.11003627569528417
0 0.4897013388259526 0.48065296251511486 0.1184346035015448 0.11003627569528417
0 0.583934088568486 0.5592503022974608 0.08444902162718847 0.10278113663845223
0 0.6838311019567456 0.5429262394195888 0.11534500514933059 0.10157194679564692
0 0.5844490216271885 0.6535671100362757 0.0607621009268795 0.08827085852478839
0 0.685890834191555 0.6396614268440145 0.12564366632337795 0.11366384522370013
0 0.6302780638516993 0.7406287787182587 0.057672502574665295 0.08101571946795647
0 0.6400617919670443 0.8295042321644498 0.07312049433573635 0.09673518742442563
0 0.44026776519052524 0.7672309552599759 0.06488156539649846 0.09310761789600967
0 0.5453141091658085 0.750906892382104 0.10607621009268794 0.09673518742442563
0 0.3357363542739444 0.7702539298669892 0.11328527291452112 0.09189842805320435
0 0.23223480947476827 0.7902055622732769 0.09577754891864057 0.06892382103990327
0 0.13388259526261587 0.7877871825876662 0.09268795056642637 0.09068923821039904
0 0.16735324407826982 0.8639661426844014 0.13697219361483007 0.07859733978234583
0 0.29866117404737386 0.8609431680773881 0.13594232749742532 0.08464328899637243
0 0.4093717816683831 0.8591293833131801 0.0854788877445932 0.09068923821039904
0 0.4922760041194645 0.8548972188633616 0.07415036045314109 0.08464328899637243
0 0.5659114315139032 0.8403869407496977 0.07929969104016478 0.08706166868198308
0 0.7198764160659115 0.8192261185006046 0.09474768280123584 0.10278113663845223
0 0.8269824922760041 0.8137847642079806 0.10710607621009269 0.08222490931076179
0 0.12718846549948506 0.31499395405078595 0.1101956745623069 0.10519951632406288
0 0.22296601441812564 0.3053204353083434 0.0854788877445932 0.11970979443772672
0 0.3269824922760041 0.28597339782345826 0.13285272914521112 0.10519951632406288
0 0.4654994850669413 0.2660217654171705 0.14830072090628219 0.08706166868198308
0 0.592173017507724 0.25755743651753327 0.11534500514933059 0.08948004836759371
0 0.8228630278063852 0.2672309552599758 0.05973223480947477 0.08706166868198308
0 0.7147270854788877 0.2587666263603386 0.15242018537590113 0.08706166868198308
0 0.6246138002059732 0.4588875453446191 0.13079299691040164 0.11487303506650544
0 0.7456230690010298 0.4455864570737606 0.10092687950566426 0.09794437726723096
0 0.7950566426364573 0.5314389359129383 0.11328527291452112 0.09794437726723096
0 0.880020597322348 0.5217654171704957 0.06694129763130793 0.10519951632406288
0 0.7657054582904222 0.3542926239419589 0.11225540679711637 0.09189842805320435
0 0.562821833161689 0.35792019347037485 0.07518022657054584 0.11124546553808948
0 0.6611740473738414 0.34945586457073763 0.09062821833161688 0.10157194679564692
0 0.8553038105046344 0.3561064087061669 0.06694129763130793 0.09310761789600967
0 0.48455200823892897 0.662031438935913 0.0937178166838311 0.08101571946795647
0 0.358908341915551 0.6765417170495768 0.13697219361483007 0.07859733978234583
0 0.17868177136972194 0.6922611850060459 0.17198764160659114 0.10278113663845223
0 0.14727085478887744 0.6003627569528416 0.12770339855818744 0.08827085852478839
0 0.2368692070030896 0.599758162031439 0.07621009268795056 0.08706166868198308
0 0.3208032955715757 0.5840386940749698 0.08135942327497425 0.09673518742442563
0 0.41503604531410915 0.5840386940749698 0.121524201853759 0.094316807738815
0 0.5051493305870237 0.5743651753325272 0.06694129763130793 0.08222490931076179
0 0.1477857878475798 0.9050785973397824 0.0607621009268795 0.056831922611850064
0 0.2651905252317199 0.9304715840386941 0.13903192584963955 0.07134220072551391
0 0.39752832131822863 0.9347037484885127 0.11740473738414006 0.07013301088270858
0 0.5185375901132853 0.9262394195888755 0.11431513903192585 0.08222490931076179
0 0.6421215242018538 0.9153567110036276 0.12255406797116375 0.08706166868198308
0 0.7363542739443872 0.8960096735187424 0.07621009268795056 0.08222490931076179
0 0.8414006179196705 0.8784764207980653 0.11534500514933059 0.0761789600967352
0 0.7255406797116375 0.7297460701330108 0.12049433573635428 0.08827085852478839
0 0.8403707518022657 0.7273276904474002 0.10916580844490216 0.11003627569528417
