0 0.08887785501489573 0.10786026200873362 0.09831181727904667 0.09519650655021834
0 0.08291956305858987 0.2096069868995633 0.08838133068520357 0.09956331877729258
0 0.4369414101290963 0.07991266375545851 0.15690168818272096 0.10742358078602621
0 0.09185700099304867 0.30960698689956334 0.09831181727904667 0.1056768558951965
0 0.11469712015888779 0.4218340611353712 0.15988083416087387 0.11353711790393013
0 0.07646474677259185 0.5379912663755458 0.10327706057596822 0.11353711790393013
0 0.31231380337636544 0.6200873362445415 0.10625620655412116 0.10655021834061135
0 0.7015888778550149 0.6982532751091703 0.09831181727904667 0.11091703056768559
0 0.38182720953326715 0.7270742358078602 0.16385302879841113 0.11091703056768559
0 0.5089374379344588 0.9205240174672489 0.1916583912611718 0.10305676855895196
0 0.7189672293942403 0.9039301310043668 0.19860973187686196 0.11877729257641921
0 0.25372393247269115 0.09170305676855896 0.2214498510427011 0.10829694323144105
0 0.5809334657398213 0.07379912663755459 0.12313803376365443 0.09344978165938865
0 0.25471698113207547 0.5262008733624454 0.23932472691161866 0.1056768558951965
0 0.18570009930486595 0.2004366812227074 0.1211519364448858 0.10218340611353711
0 0.19761668321747766 0.2943231441048035 0.11717974180734857 0.09606986899563319
0 0.2830188679245283 0.4069868995633188 0.17477656405163852 0.125764192139738
0 0.14150943396226415 0.6427947598253275 0.2333664349553128 0.1205240174672489
0 0.25471698113207547 0.7427947598253275 0.0903674280039722 0.11091703056768559
0 0.8555114200595829 0.6803493449781659 0.20556107249255212 0.1240174672489083
0 0.8465739821251241 0.5737991266375546 0.1300893743793446 0.11703056768558952
0 0.7130089374379345 0.588646288209607 0.14498510427010924 0.11179039301310044
0 0.41807348560079444 0.616593886462882 0.1112214498510427 0.10305676855895196
0 0.24081429990069514 0.9419213973799127 0.3286991062562066 0.1056768558951965
0 0.1663356504468719 0.8436681222707424 0.18371400198609733 0.11179039301310044
0 0.35054617676266137 0.8384279475982532 0.17676266137040714 0.11528384279475982
0 0.5302879841112215 0.8192139737991266 0.1628599801390268 0.10480349344978165
0 0.7368421052631579 0.8087336244541484 0.2502482621648461 0.1222707423580786
0 0.44985104270109233 0.4 0.1708043694141013 0.13275109170305677
0 0.6077457795431976 0.3860262008733624 0.14498510427010924 0.13449781659388646
0 0.7328699106256207 0.36331877729257644 0.09731876861966236 0.09606986899563319
0 0.5556107249255213 0.7109170305676856 0.2015888778550149 0.11528384279475982
0 0.7184707050645481 0.4799126637554585 0.08440913604766634 0.09519650655021834
0 0.4116186693147964 0.5161572052401747 0.07447864945382324 0.10131004366812227
0 0.5615690168818273 0.509170305676856 0.2333664349553128 0.11179039301310044
0 0.2974180734856008 0.2004366812227074 0.11420059582919563 0.1091703056768559
0 0.6643495531281033 0.16419213973799127 0.1012909632571996 0.10131004366812227
0 0.5491559086395233 0.17292576419213973 0.14299900695134063 0.10131004366812227
0 0.7954319761668321 0.1633187772925764 0.1608738828202582 0.10305676855895196
0 0.9210526315789473 0.15109170305676856 0.09831181727904667 0.10305676855895196
0 0.6042701092353525 0.26768558951965066 0.12810327706057598 0.09868995633187773
0 0.6986097318768619 0.2668122270742358 0.07646474677259185 0.10043668122270742
0 0.839622641509434 0.2606986899563319 0.2015888778550149 0.1091703056768559
0 0.964746772591857 0.2480349344978166 0.05660377358490566 0.10305676855895196
0 0.14498510427010924 0.7362445414847162 0.13704071499503476 0.09606986899563319
0 0.4141012909632572 0.18384279475982532 0.11916583912611718 0.09694323144104804
0 0.7388282025819265 0.07292576419213974 0.16484607745779542 0.08122270742358079
0 0.8808341608738828 0.07205240174672489 0.10724925521350546 0.07598253275109171
0 0.33664349553128103 0.2925764192139738 0.16484607745779542 0.10655021834061135
0 0.4741807348560079 0.28209606986899566 0.11817279046673287 0.10655021834061135
