0 0.13414634146341464 0.17966360856269112 0.17770034843205576 0.21559633027522937
0 0.11440185830429733 0.4013761467889908 0.17305458768873402 0.20336391437308868
0 0.27526132404181186 0.1551987767584098 0.12311265969802555 0.19724770642201836
0 0.08536585365853659 0.7507645259938838 0.10569105691056911 0.1651376146788991
0 0.07491289198606271 0.5787461773700305 0.11265969802555169 0.154434250764526
0 0.43205574912891986 0.12996941896024464 0.15563298490127758 0.18042813455657492
0 0.3048780487804878 0.36085626911314983 0.16144018583042974 0.1620795107033639
0 0.21602787456445993 0.7324159021406728 0.15098722415795587 0.14984709480122324
0 0.20963995354239257 0.5711009174311926 0.156794425087108 0.16055045871559634
0 0.6660859465737514 0.12308868501529052 0.30313588850174217 0.19724770642201836
0 0.5284552845528455 0.3470948012232416 0.22996515679442509 0.23547400611620795
0 0.40011614401858303 0.5474006116207951 0.22415795586527293 0.19877675840978593
0 0.41173054587688734 0.7408256880733946 0.24041811846689895 0.20336391437308868
0 0.7607433217189314 0.7201834862385321 0.15331010452961671 0.21100917431192662
0 0.7549361207897793 0.5259938837920489 0.13240418118466898 0.20489296636085627
0 0.5993031358885017 0.5374617737003058 0.1835075493612079 0.17889908256880735
0 0.7288037166085947 0.33562691131498473 0.17770034843205576 0.21253822629969418
0 0.8617886178861789 0.32033639143730885 0.10685249709639953 0.19418960244648317
0 0.9512195121951219 0.32262996941896027 0.08130081300813008 0.16819571865443425
0 0.8960511033681765 0.5129969418960245 0.14982578397212543 0.19724770642201836
0 0.980836236933798 0.5007645259938838 0.0313588850174216 0.16055045871559634
0 0.19686411149825783 0.8845565749235474 0.14518002322880372 0.13302752293577982
0 0.40534262485482 0.9105504587155964 0.2764227642276423 0.15749235474006115
0 0.6056910569105691 0.9036697247706422 0.18234610917537747 0.1620795107033639
0 0.756678281068525 0.9013761467889908 0.17073170731707318 0.15749235474006115
0 0.8681765389082462 0.8631498470948012 0.059233449477351915 0.16055045871559634
