0 0.1446124763705104 0.11206896551724138 0.10586011342155009 0.13793103448275862
0 0.3166351606805293 0.07450738916256158 0.21739130434782608 0.11699507389162561
0 0.11483931947069943 0.24076354679802955 0.08034026465028356 0.1268472906403941
0 0.13137996219281664 0.5049261083743842 0.12287334593572778 0.12315270935960591
0 0.30907372400756145 0.48645320197044334 0.20415879017013233 0.13054187192118227
0 0.5198487712665406 0.46798029556650245 0.17580340264650285 0.1477832512315271
0 0.3705103969754253 0.6330049261083743 0.16257088846880907 0.11083743842364532
0 0.6696597353497165 0.604064039408867 0.05387523629489603 0.1416256157635468
0 0.8794896030245747 0.562807881773399 0.16540642722117202 0.14039408866995073
0 0.45935727788279773 0.7586206896551724 0.07561436672967864 0.13054187192118227
0 0.5359168241965974 0.6151477832512315 0.14177693761814744 0.16133004926108374
0 0.8478260869565217 0.42610837438423643 0.06805293005671077 0.14285714285714285
0 0.6658790170132325 0.32450738916256155 0.0671077504725898 0.13177339901477833
0 0.2443289224952741 0.23583743842364532 0.15973534971644612 0.1416256157635468
0 0.7627599243856332 0.30049261083743845 0.13043478260869565 0.1206896551724138
0 0.7084120982986768 0.44889162561576357 0.1767485822306238 0.1539408866995074
0 0.5680529300567108 0.33189655172413796 0.13043478260869565 0.13177339901477833
0 0.5264650283553876 0.07820197044334976 0.15500945179584122 0.1145320197044335
0 0.5453686200378072 0.20320197044334976 0.11531190926275993 0.1477832512315271
0 0.4068998109640832 0.21674876847290642 0.17107750472589792 0.16502463054187191
0 0.18052930056710775 0.6311576354679803 0.21172022684310018 0.13669950738916256
0 0.14366729678638943 0.7647783251231527 0.15311909262759923 0.12315270935960591
0 0.30151228733459357 0.750615763546798 0.1720226843100189 0.13669950738916256
0 0.21408317580340264 0.8866995073891626 0.19754253308128544 0.1206896551724138
0 0.7268431001890359 0.08004926108374384 0.19281663516068054 0.13054187192118227
0 0.7292060491493384 0.1921182266009852 0.222117202268431 0.13793103448275862
0 0.6597353497164461 0.7364532019704434 0.19281663516068054 0.14532019704433496
0 0.11625708884688091 0.36514778325123154 0.10775047258979206 0.15886699507389163
0 0.24621928166351606 0.35467980295566504 0.1219281663516068 0.13054187192118227
0 0.40737240075614367 0.3516009852216749 0.19092627599243855 0.13177339901477833
0 0.7948960302457467 0.8251231527093597 0.10964083175803403 0.14285714285714285
0 0.888468809073724 0.7814039408866995 0.07561436672967864 0.16133004926108374
0 0.8979206049149339 0.2733990147783251 0.15311909262759923 0.15763546798029557
0 0.94234404536862 0.40763546798029554 0.12287334593572778 0.15517241379310345
0 0.42013232514177695 0.8657635467980296 0.1767485822306238 0.1330049261083744
0 0.750945179584121 0.5935960591133005 0.10869565217391304 0.13793103448275862
0 0.6559546313799622 0.8589901477832512 0.15879017013232513 0.12931034482758622
