0 0.5792188651436994 0.08087706685837527 0.10611643330876934 0.09992810927390366
0 0.5659543109801032 0.507548526240115 0.10759027266028003 0.10496046010064701
0 0.6267501842299189 0.6858375269590223 0.236551215917465 0.15240833932422718
0 0.7973470891672808 0.6901509705248023 0.08695652173913043 0.12940330697340044
0 0.5906411201179071 0.8134435657800144 0.16728076639646278 0.102803738317757
0 0.7321296978629329 0.8209920920201293 0.12896094325718496 0.10496046010064701
0 0.8548268238761975 0.8213515456506111 0.131171702284451 0.10855499640546369
0 0.711864406779661 0.5176132278936018 0.18717759764185704 0.12221423436376708
0 0.6109064112011791 0.3357296908698778 0.18717759764185704 0.08626887131560029
0 0.7479734708916728 0.23005032350826743 0.1400147383935151 0.10496046010064701
0 0.7361827560795873 0.11107117181883537 0.22991893883566691 0.13299784327821712
0 0.7711864406779662 0.38245866283249463 0.1643330876934414 0.14521926671459381
0 0.5880619012527635 0.19734004313443565 0.10611643330876934 0.07404744787922359
0 0.894620486366986 0.5355859094176851 0.17833456153279292 0.1552839683680805
0 0.8850405305821666 0.37383177570093457 0.21518054532056005 0.1207764198418404
