0 0.2118847539015606 0.8359298928919182 0.19327731092436976 0.1450827653359299
0 0.39015606242497 0.8636806231742941 0.16326530612244897 0.12074001947419669
0 0.7707082833133253 0.5632911392405063 0.3505402160864346 0.1626095423563778
0 0.3631452581032413 0.5540408958130477 0.4717887154861945 0.13242453748782862
0 0.30312124849939975 0.7190847127555988 0.43577430972388953 0.13924050632911392
0 0.08463385354141657 0.557935735150925 0.09723889555822329 0.08958130477117819
0 0.6014405762304922 0.4157740993184031 0.3097238895558223 0.14021421616358326
0 0.2539015606242497 0.4186952288218111 0.39255702280912363 0.1518987341772152
0 0.41836734693877553 0.26144109055501463 0.7142857142857143 0.1762414800389484
0 0.5582232893157263 0.1124634858812074 0.33373349339735897 0.10808179162609542
0 0.6914765906362546 0.12609542356377798 0.05282112845138055 0.07692307692307693
0 0.5474189675870348 0.10662122687439143 0.04561824729891957 0.08860759493670886
0 0.5720288115246098 0.07935735150925025 0.09243697478991597 0.028237585199610515
0 0.4729891956782713 0.1085686465433301 0.14165666266506602 0.07497565725413827
0 0.4525810324129652 0.08373904576436222 0.09123649459783914 0.044790652385589096
0 0.2605042016806723 0.2643622200584226 0.07202881152460984 0.10418695228821812
0 0.15066026410564226 0.2609542356377799 0.13085234093637454 0.05842259006815969
0 0.15906362545018007 0.21616358325219084 0.11404561824729892 0.03700097370983447
0 0.3907563025210084 0.2546251217137293 0.07803121248499399 0.10613437195715676
0 0.33013205282112845 0.29600778967867575 0.05282112845138055 0.029211295034079845
0 0.32593037214885956 0.2682570593962999 0.04441776710684274 0.022395326192794548
0 0.33133253301320525 0.2453748782862707 0.05282112845138055 0.02531645569620253
0 0.3283313325330132 0.22151898734177214 0.03721488595438175 0.02044790652385589
0 0.5834333733493398 0.21518987341772153 0.2617046818727491 0.04673807205452775
0 0.5516206482593037 0.2555988315481986 0.1836734693877551 0.03018500486854917
0 0.656062424969988 0.2818889970788705 0.05402160864345738 0.03992210321324245
0 0.7364945978391356 0.24050632911392406 0.08043217286914765 0.0759493670886076
0 0.6914765906362546 0.26241480038948395 0.08883553421368548 0.053554040895813046
0 0.6746698679471789 0.2736124634858812 0.06962785114045618 0.04868549172346641
0 0.3943577430972389 0.4561830574488802 0.10684273709483794 0.06718597857838364
0 0.1134453781512605 0.4094449853943525 0.08763505402160865 0.045764362220058426
0 0.1758703481392557 0.42210321324245376 0.03481392557022809 0.1002921129503408
0 0.22509003601440578 0.38997078870496593 0.1332533013205282 0.03213242453748783
0 0.22509003601440578 0.42843232716650437 0.11644657863145258 0.023369036027263874
0 0.34933973589435774 0.4070107108081792 0.060024009603841535 0.08373904576436222
0 0.3433373349339736 0.4133398247322298 0.11524609843937575 0.06134371957156767
0 0.6062424969987995 0.41674780915287246 0.29531812725090034 0.03894839337877313
0 0.4765906362545018 0.3933787731256086 0.04081632653061224 0.042843232716650435
0 0.5150060024009604 0.37828627069133397 0.062424969987995196 0.05744888023369036
0 0.5816326530612245 0.3943524829600779 0.058823529411764705 0.054527750730282376
0 0.6050420168067226 0.39629990262901654 0.055222088835534214 0.06037000973709834
0 0.7118847539015606 0.40847127555988316 0.057623049219687875 0.05744888023369036
0 0.673469387755102 0.4040895813047712 0.062424969987995196 0.05647517039922103
0 0.6350540216086434 0.3977604673807206 0.05042016806722689 0.055501460564751706
0 0.5468187274909964 0.5209347614410905 0.09483793517406963 0.06426484907497566
0 0.5102040816326531 0.5851996105160662 0.18247298919567828 0.02531645569620253
0 0.22869147659063627 0.5584225900681596 0.0468187274909964 0.09639727361246349
0 0.28271308523409366 0.5516066212268744 0.1092436974789916 0.03018500486854917
0 0.16866746698679472 0.5808179162609542 0.061224489795918366 0.02629016553067186
0 0.17046818727490998 0.5209347614410905 0.07202881152460984 0.021421616358325218
0 0.17046818727490998 0.5603700097370984 0.06482593037214886 0.024342745861733205
0 0.3985594237695078 0.5214216163583252 0.08883553421368548 0.06134371957156767
0 0.45918367346938777 0.5486854917234664 0.08043217286914765 0.07108081791626096
0 0.5714285714285714 0.5584225900681596 0.024009603841536616 0.02629016553067186
0 0.553421368547419 0.5559883154819864 0.01920768307322929 0.04089581304771178
0 0.5258103241296519 0.5516066212268744 0.026410564225690276 0.055501460564751706
0 0.6104441776710684 0.5481986368062317 0.03721488595438175 0.07010710808179163
0 0.656062424969988 0.5272638753651412 0.12364945978391356 0.03602726387536514
0 0.6572629051620649 0.5705939629990263 0.11884753901560624 0.02531645569620253
0 0.9267707082833133 0.5428432327166505 0.026410564225690276 0.08860759493670886
0 0.8613445378151261 0.5306718597857838 0.10444177671068428 0.029211295034079845
0 0.8625450180072028 0.5555014605647517 0.10444177671068428 0.03018500486854917
0 0.8247298919567827 0.5520934761441091 0.03841536614645858 0.08373904576436222
0 0.7388955582232893 0.5443037974683544 0.04441776710684274 0.10905550146056475
0 0.7815126050420168 0.5053554040895814 0.12004801920768307 0.0311587147030185
0 0.47118847539015607 0.7278481012658228 0.08043217286914765 0.10613437195715676
0 0.3079231692677071 0.7122687439143135 0.04201680672268908 0.10613437195715676
0 0.3679471788715486 0.7015579357351509 0.15966386554621848 0.03992210321324245
0 0.22448979591836735 0.8344693281402142 0.05042016806722689 0.124634858812074
0 0.2298919567827131 0.8305744888023369 0.14765906362545017 0.04673807205452775
0 0.15546218487394958 0.8398247322297955 0.06842737094837935 0.11002921129503408
0 0.3967587034813926 0.8456669912366115 0.15486194477791115 0.053554040895813046
0 0.3217286914765906 0.05647517039922103 0.05282112845138055 0.06621226874391431
0 0.33133253301320525 0.049172346640701074 0.16326530612244897 0.03602726387536514
0 0.265906362545018 0.07935735150925025 0.056422569027611044 0.028237585199610515
0 0.2887154861944778 0.03700097370983447 0.04201680672268908 0.017526777020447908
