0 0.7315247895229187 0.6051428571428571 0.19270346117867165 0.1702857142857143
0 0.8844714686623012 0.6131428571428571 0.10757717492984098 0.13142857142857142
0 0.6945743685687559 0.4377142857142857 0.1842843779232928 0.18514285714285714
0 0.853601496725912 0.4154285714285714 0.16744621141253507 0.12914285714285714
0 0.5603367633302152 0.43485714285714283 0.08419083255378859 0.07657142857142857
0 0.5729653882132835 0.6091428571428571 0.0813844714686623 0.10514285714285715
0 0.5612722170252572 0.29314285714285715 0.06361085126286249 0.11085714285714286
0 0.5682881197380729 0.7531428571428571 0.08699719363891488 0.09142857142857143
0 0.6777362020579981 0.9068571428571428 0.1842843779232928 0.14742857142857144
0 0.3606173994387278 0.536 0.2815715622076707 0.176
0 0.13517305893358278 0.5348571428571428 0.16557530402245088 0.16685714285714287
0 0.1323666978484565 0.6942857142857143 0.11318989710009354 0.10628571428571429
0 0.7731524789522919 0.2662857142857143 0.1880261927034612 0.15314285714285714
0 0.9284377923292797 0.2765714285714286 0.13938260056127222 0.15085714285714286
0 0.9658559401309635 0.43257142857142855 0.07015902712815715 0.10628571428571429
0 0.9649204864359214 0.62 0.0626753975678204 0.1337142857142857
0 0.5519176800748363 0.9114285714285715 0.06361085126286249 0.07657142857142857
0 0.8933582787652011 0.8902857142857142 0.0617399438727783 0.09371428571428571
0 0.7319925163704397 0.7617142857142857 0.2029934518241347 0.14742857142857144
0 0.9041159962581852 0.764 0.146866230121609 0.13142857142857142
0 0.323666978484565 0.8314285714285714 0.35734331150608045 0.09942857142857142
