0 0.600898410504492 0.5341296928327645 0.143054595715273 0.1453924914675768
0 0.5615065653075328 0.363481228668942 0.06427090532135453 0.10307167235494881
0 0.07429163787145819 0.5651877133105802 0.10297166551485833 0.11331058020477816
0 0.3704215618521078 0.8969283276450511 0.12577747062888736 0.12559726962457338
0 0.4001382170006911 0.4286689419795222 0.082930200414651 0.12696245733788397
0 0.6112646855563234 0.652901023890785 0.12232204561161023 0.089419795221843
0 0.7532826537664132 0.6453924914675768 0.15618521078092606 0.13037542662116042
0 0.580511402902557 0.7593856655290102 0.1409813407049067 0.08122866894197953
0 0.7097442985487215 0.7658703071672355 0.11748445058742225 0.09419795221843004
0 0.8182446440912232 0.5279863481228669 0.29163787145818937 0.11535836177474403
0 0.22011057360055286 0.43071672354948803 0.143054595715273 0.11331058020477816
0 0.32411886662059436 0.4341296928327645 0.0718728403593642 0.10648464163822526
0 0.4785763648928818 0.43583617747440273 0.08362128541810643 0.10034129692832765
0 0.24222529371112647 0.8928327645051195 0.12370421561852107 0.1174061433447099
0 0.9084312370421562 0.6460750853242321 0.15272978576364893 0.11808873720136519
0 0.4865238424326192 0.28976109215017065 0.0856945404284727 0.11808873720136519
0 0.38562543192812715 0.2935153583617747 0.11333794056668971 0.11331058020477816
0 0.0967519004837595 0.2720136518771331 0.10642709053213545 0.10443686006825939
0 0.7992398064961991 0.8225255972696246 0.06565307532826538 0.0696245733788396
0 0.8638562543192813 0.8249146757679181 0.0663441603317208 0.0689419795221843
0 0.46302695231513474 0.7300341296928328 0.07878369039391846 0.11808873720136519
0 0.4616447823082239 0.5812286689419796 0.07878369039391846 0.13037542662116042
