0 0.20276497695852536 0.24263431542461006 0.30783410138248846 0.14211438474870017
0 0.4290322580645161 0.24350086655112652 0.13732718894009216 0.15077989601386482
0 0.31474654377880185 0.36048526863084923 0.29400921658986173 0.09185441941074524
0 0.05668202764976959 0.36915077989601386 0.0912442396313364 0.07452339688041594
0 0.43548387096774194 0.08578856152512998 0.13548387096774195 0.12824956672443674
0 0.8133640552995391 0.4649046793760832 0.2534562211981567 0.10311958405545928
0 0.5894009216589862 0.34878682842287695 0.12442396313364056 0.12564991334488734
0 0.7387096774193549 0.7894280762564991 0.2184331797235023 0.0831889081455806
0 0.15576036866359447 0.8808492201039861 0.09032258064516129 0.13084922010398614
0 0.3 0.8773830155979203 0.19815668202764977 0.15164644714038128
0 0.295852534562212 0.662478336221837 0.36682027649769583 0.10831889081455806
0 0.7304147465437788 0.35225303292894283 0.17972350230414746 0.12564991334488734
0 0.9497695852534562 0.5883882149046794 0.09308755760368663 0.1022530329289428
0 0.6460829493087558 0.8934142114384749 0.25253456221198156 0.1022530329289428
0 0.843778801843318 0.8678509532062392 0.15576036866359447 0.09098786828422877
0 0.5589861751152074 0.4623050259965338 0.07096774193548387 0.0805892547660312
0 0.5967741935483871 0.5944540727902946 0.1391705069124424 0.11438474870017332
0 0.5474654377880185 0.7993934142114385 0.05898617511520737 0.07192374350086655
0 0.580184331797235 0.7084055459272097 0.10599078341013825 0.09965337954939342
0 0.10414746543778802 0.13648180242634314 0.05714285714285714 0.0632582322357019
0 0.16036866359447005 0.12435008665511266 0.0663594470046083 0.09445407279029462
0 0.276036866359447 0.10961871750433276 0.17603686635944701 0.13778162911611785
0 0.07327188940092166 0.5012998266897747 0.07834101382488479 0.11005199306759099
0 0.23548387096774193 0.5290294627383015 0.2534562211981567 0.14471403812824957
0 0.43179723502304146 0.5307625649913345 0.15391705069124423 0.15511265164644714
0 0.22811059907834103 0.7305025996533796 0.09493087557603687 0.09705372616984402
0 0.3170506912442396 0.729636048526863 0.08294930875576037 0.10918544194107452
0 0.43179723502304146 0.7144714038128249 0.16129032258064516 0.09792027729636049
0 0.5737327188940092 0.04072790294627383 0.08940092165898618 0.05545927209705372
0 0.7838709677419354 0.06499133448873484 0.2313364055299539 0.09358752166377816
0 0.6451612903225806 0.1520797227036395 0.08294930875576037 0.05979202772963605
0 0.6087557603686636 0.1798093587521664 0.14838709677419354 0.12564991334488734
0 0.9018433179723502 0.2582322357019064 0.12995391705069123 0.08665511265164645
0 0.9 0.3643847487001733 0.17050691244239632 0.13951473136915077
0 0.7829493087557604 0.5918544194107452 0.24055299539170508 0.1195840554592721
0 0.7175115207373272 0.701473136915078 0.17235023041474654 0.09965337954939342
0 0.883410138248848 0.6988734835355286 0.17788018433179723 0.1048526863084922
0 0.556221198156682 0.9727036395147314 0.0912442396313364 0.0632582322357019
0 0.6857142857142857 0.9584055459272097 0.16036866359447005 0.07625649913344887
0 0.8410138248847926 0.9176776429809359 0.15391705069124423 0.10571923743500866
