0 0.12318840579710146 0.1156677181913775 0.07692307692307693 0.08412197686645637
0 0.06354515050167224 0.6997896950578338 0.0758082497212932 0.08937960042060988
0 0.6120401337792643 0.3280757097791798 0.16276477146042365 0.11146161934805468
0 0.8037904124860646 0.3217665615141956 0.22519509476031216 0.17665615141955837
0 0.40468227424749165 0.10672975814931651 0.09141583054626533 0.09989484752891693
0 0.5707915273132664 0.09779179810725552 0.12709030100334448 0.138801261829653
0 0.7101449275362319 0.0935856992639327 0.1516164994425864 0.1156677181913775
0 0.2564102564102564 0.1366982124079916 0.189520624303233 0.14300736067297581
0 0.12987736900780378 0.5094637223974764 0.2084726867335563 0.16929547844374343
0 0.16722408026755853 0.880651945320715 0.16276477146042365 0.1650893796004206
0 0.3729096989966555 0.8848580441640379 0.25975473801560756 0.10199789695057834
0 0.45540691192865107 0.7854889589905363 0.09921962095875139 0.10304942166140904
0 0.3762541806020067 0.601472134595163 0.15942028985507245 0.09674027339642481
0 0.15942028985507245 0.7355415352260778 0.14715719063545152 0.16929547844374343
0 0.3338907469342252 0.6971608832807571 0.221850613154961 0.0946372239747634
0 0.3149386845039019 0.788117770767613 0.19063545150501673 0.0914826498422713
0 0.3450390189520624 0.9474237644584648 0.1705685618729097 0.06519453207150368
0 0.41025641025641024 0.18769716088328076 0.1426978818283166 0.07886435331230283
0 0.8913043478260869 0.1882229232386961 0.10813823857302118 0.07781282860147214
0 0.8283166109253066 0.10304942166140904 0.0802675585284281 0.10304942166140904
