0 0.09334298118668596 0.44082397003745316 0.15629522431259044 0.14157303370786517
0 0.10600578871201158 0.7202247191011236 0.138205499276411 0.11760299625468165
0 0.323082489146165 0.40561797752808987 0.23950795947901593 0.08764044943820225
0 0.3031837916063676 0.2295880149812734 0.35021707670043417 0.0951310861423221
0 0.37735166425470335 0.5895131086142322 0.15701881331403764 0.13632958801498127
0 0.19826338639652677 0.5853932584269663 0.1649782923299566 0.13108614232209737
0 0.30137481910274966 0.700374531835206 0.19464544138929088 0.07640449438202247
0 0.3672214182344428 0.0745318352059925 0.24529667149059334 0.11910112359550562
0 0.3921852387843705 0.3149812734082397 0.191027496382055 0.09662921348314607
0 0.8610709117221418 0.24794007490636705 0.09985528219971057 0.07640449438202247
0 0.6045586107091172 0.26853932584269663 0.2134587554269175 0.13408239700374533
0 0.8277858176555717 0.2925093632958802 0.2301013024602026 0.1760299625468165
0 0.7550651230101303 0.08764044943820225 0.23806078147612156 0.1453183520599251
0 0.18234442836468887 0.10674157303370786 0.1577424023154848 0.1101123595505618
