0 0.6080298013245033 0.20330459770114942 0.15314569536423842 0.14798850574712644
0 0.5993377483443708 0.48778735632183906 0.1390728476821192 0.14798850574712644
0 0.6568708609271523 0.6670258620689655 0.11506622516556292 0.14152298850574713
0 0.742135761589404 0.6584051724137931 0.06705298013245033 0.11709770114942529
0 0.8501655629139073 0.6602011494252874 0.15728476821192053 0.13793103448275862
0 0.7313741721854304 0.4583333333333333 0.13327814569536423 0.07183908045977011
0 0.7611754966887417 0.5395114942528736 0.18460264900662252 0.11063218390804598
0 0.9225993377483444 0.5402298850574713 0.14321192052980133 0.10488505747126436
0 0.8741721854304636 0.45689655172413796 0.16556291390728478 0.06896551724137931
0 0.5455298013245033 0.33261494252873564 0.048013245033112585 0.07614942528735633
0 0.5604304635761589 0.6515804597701149 0.07781456953642384 0.06896551724137931
0 0.6336920529801324 0.3505747126436782 0.1216887417218543 0.12643678160919541
0 0.7388245033112583 0.3541666666666667 0.10513245033112582 0.11925287356321838
0 0.9594370860927153 0.6594827586206896 0.0695364238410596 0.12931034482758622
0 0.5749172185430463 0.05818965517241379 0.0836092715231788 0.07614942528735633
0 0.7665562913907285 0.10380747126436782 0.16887417218543047 0.10847701149425287
0 0.9072847682119205 0.14367816091954022 0.11920529801324503 0.11925287356321838
