0 0.38660524450744155 0.61698956780924 0.06874557051736357 0.09239940387481371
0 0.37880935506732816 0.7052906110283159 0.05315379163713678 0.07078986587183309
0 0.4454287739192062 0.7038002980625931 0.060240963855421686 0.08718330849478391
0 0.536144578313253 0.7116244411326379 0.09425939050318922 0.10581222056631892
0 0.645995747696669 0.6982116244411326 0.1041814316087881 0.11028315946348734
0 0.5921332388377037 0.6046944858420268 0.111268603827073 0.09910581222056632
0 0.39865343727852587 0.38524590163934425 0.06165839829907867 0.11177347242921014
0 0.49149539333805814 0.37779433681073027 0.10843373493975904 0.12071535022354694
0 0.6194188518781006 0.38636363636363635 0.14457831325301204 0.12146050670640834
0 0.5343727852586818 0.7984351713859911 0.2523033309709426 0.09314456035767511
0 0.755846917080085 0.6713859910581222 0.10134656272147413 0.09538002980625931
0 0.47838412473423103 0.6099105812220567 0.10914245216158752 0.10059612518628912
0 0.3997165131112686 0.253725782414307 0.05102763997165131 0.08569299552906111
0 0.481218993621545 0.242548435171386 0.1034727143869596 0.07526080476900149
0 0.221119773210489 0.21609538002980627 0.07228915662650602 0.08345752608047691
0 0.21509567682494685 0.31706408345752607 0.18214032600992205 0.08122205663189269
0 0.27143869596031184 0.613263785394933 0.16725726435152374 0.08494783904619971
0 0.5882352941176471 0.24627421758569298 0.11481218993621545 0.09016393442622951
0 0.6750531537916371 0.2496274217585693 0.04890148830616584 0.11028315946348734
0 0.11587526576895818 0.43591654247391953 0.1708008504606662 0.11028315946348734
0 0.2735648476257973 0.43703427719821164 0.147413182140326 0.11549925484351714
0 0.07016300496102056 0.7179582712369598 0.06520198440822111 0.09165424739195231
0 0.14209780297661234 0.7153502235469449 0.08575478384124734 0.09985096870342772
0 0.26364280652019845 0.71274217585693 0.1771793054571226 0.08420268256333831
0 0.5581148121899362 0.8833830104321908 0.17221828490432317 0.08420268256333831
0 0.7930545712260808 0.44523099850968706 0.11481218993621545 0.12295081967213115
0 0.8302622253720765 0.30327868852459017 0.12969525159461376 0.14157973174366617
0 0.630049610205528 0.13673621460506707 0.10630758327427356 0.11847988077496274
0 0.47342310418143163 0.14008941877794337 0.20978029766123316 0.11922503725782414
0 0.8968816442239547 0.44299552906110284 0.08433734939759036 0.10804769001490314
0 0.07087172218284904 0.5458271236959762 0.11622962437987243 0.09463487332339791
0 0.23777462792345855 0.5339046199701938 0.23600283486888732 0.09314456035767511
0 0.26506024096385544 0.8368107302533532 0.18710134656272148 0.09687034277198212
0 0.32175761871013464 0.9239940387481371 0.07087172218284904 0.08047690014903129
0 0.8802267895109851 0.6479135618479881 0.15450035435861093 0.08271236959761549
