0 0.5925563173359452 0.7980861244019138 0.1821743388834476 0.18947368421052632
0 0.539177277179236 0.24114832535885167 0.07149853085210578 0.11291866028708133
0 0.5318315377081293 0.5114832535885168 0.07051909892262488 0.13492822966507176
0 0.6165523996082273 0.08229665071770335 0.23800195886385897 0.14545454545454545
0 0.3785504407443683 0.4971291866028708 0.21645445641527913 0.14641148325358852
0 0.4187071498530852 0.9066985645933014 0.1694417238001959 0.11387559808612441
0 0.12047012732615084 0.7282296650717703 0.21155729676787463 0.14354066985645933
0 0.3770812928501469 0.6382775119617224 0.23506366307541626 0.11483253588516747
0 0.37659157688540645 0.7674641148325358 0.24191968658178256 0.1569377990430622
0 0.3785504407443683 0.29952153110047847 0.22820763956904996 0.16267942583732056
0 0.8021547502448579 0.7665071770334928 0.12536728697355534 0.1722488038277512
0 0.7781586679725759 0.6210526315789474 0.31047992164544563 0.1320574162679426
0 0.7624877571008815 0.4842105263157895 0.267384916748286 0.1416267942583732
0 0.7654260528893242 0.23444976076555024 0.2732615083251714 0.1397129186602871
