0 0.1431451612903226 0.5750564334085779 0.24059139784946237 0.16591422121896163
0 0.6538978494623656 0.5716704288939052 0.22983870967741934 0.16591422121896163
0 0.14717741935483872 0.3278781038374718 0.24327956989247312 0.28555304740406323
0 0.39986559139784944 0.5682844243792325 0.2782258064516129 0.17945823927765236
0 0.1827956989247312 0.744920993227991 0.25 0.18058690744920994
0 0.8864247311827957 0.5869074492099323 0.2325268817204301 0.18961625282167044
0 0.40053763440860213 0.7471783295711061 0.1935483870967742 0.1399548532731377
0 0.40456989247311825 0.28555304740406323 0.20967741935483872 0.20316027088036118
0 0.6370967741935484 0.08465011286681716 0.18010752688172044 0.12866817155756208
0 0.2614247311827957 0.10778781038374718 0.33198924731182794 0.17945823927765236
0 0.4932795698924731 0.04232505643340858 0.13978494623655913 0.08239277652370203
0 0.5900537634408602 0.7669300225733634 0.2553763440860215 0.1930022573363431
0 0.8239247311827957 0.7787810383747178 0.2849462365591398 0.17381489841986456
0 0.135752688172043 0.8831828442437923 0.12365591397849462 0.11851015801354402
0 0.2916666666666667 0.9446952595936795 0.1639784946236559 0.09480812641083522
