0 0.22344322344322345 0.10237849017580145 0.30036630036630035 0.11995863495346432
0 0.5482295482295483 0.08634953464322648 0.25396825396825395 0.15201654601861428
0 0.796092796092796 0.12099276111685625 0.20757020757020758 0.18407445708376421
0 0.12576312576312576 0.2404343329886246 0.11965811965811966 0.1375387797311272
0 0.2802197802197802 0.24146845915201653 0.19658119658119658 0.1499482936918304
0 0.44871794871794873 0.21923474663908996 0.15262515262515264 0.11375387797311272
0 0.6233211233211233 0.2362978283350569 0.1916971916971917 0.13960703205791106
0 0.8424908424908425 0.2533609100310238 0.2490842490842491 0.16132368148914167
0 0.44993894993894995 0.4105480868665977 0.3626373626373626 0.1344364012409514
0 0.11660561660561661 0.4120992761116856 0.20146520146520147 0.125129265770424
0 0.4548229548229548 0.5811789038262668 0.29181929181929184 0.1592554291623578
0 0.152014652014652 0.5667011375387797 0.2869352869352869 0.15511892450879008
0 0.4719169719169719 0.7435367114788004 0.15506715506715507 0.1592554291623578
0 0.2032967032967033 0.733195449844881 0.3772893772893773 0.19855222337125128
0 0.702075702075702 0.5832471561530507 0.21001221001221002 0.16752843846949328
0 0.9035409035409036 0.5532574974146846 0.20512820512820512 0.15511892450879008
0 0.8095238095238095 0.40692864529472594 0.25396825396825395 0.13960703205791106
