0 0.22137745974955278 0.23083475298126066 0.34973166368515207 0.11754684838160136
0 0.6055456171735242 0.2402044293015332 0.15026833631484796 0.13969335604770017
0 0.7929338103756708 0.25894378194207834 0.19588550983899822 0.13969335604770017
0 0.5576923076923077 0.5796422487223168 0.09749552772808587 0.1643952299829642
0 0.426654740608229 0.1034923339011925 0.17889087656529518 0.1030664395229983
0 0.2629695885509839 0.11328790459965929 0.13237924865831843 0.09710391822827939
0 0.14087656529516995 0.12052810902896081 0.09033989266547406 0.075809199318569
0 0.5505366726296959 0.4020442930153322 0.07602862254025045 0.0919931856899489
0 0.6453488372093024 0.41013628620102216 0.0885509838998211 0.08943781942078365
0 0.7929338103756708 0.4229131175468484 0.19588550983899822 0.16098807495741055
0 0.9369409660107334 0.44846678023850084 0.11717352415026834 0.18824531516183987
0 0.7754919499105546 0.8641396933560477 0.14669051878354203 0.09114139693356048
0 0.8998211091234347 0.7657580919931857 0.13416815742397137 0.15332197614991483
0 0.761180679785331 0.7495741056218058 0.14311270125223613 0.13458262350936967
0 0.5992844364937389 0.7572402044293015 0.1806797853309481 0.11584327086882454
0 0.6967799642218246 0.04727427597955707 0.1520572450805009 0.07751277683134583
0 0.6046511627906976 0.07751277683134583 0.1806797853309481 0.141396933560477
0 0.785778175313059 0.11669505962521294 0.1851520572450805 0.12776831345826234
0 0.9141323792486583 0.17546848381601363 0.11627906976744186 0.11754684838160136
0 0.06216457960644007 0.6929301533219762 0.09212880143112702 0.09965928449744463
0 0.08228980322003578 0.8351788756388415 0.08586762075134168 0.08432708688245315
0 0.15295169946332737 0.698892674616695 0.1001788908765653 0.10477001703577513
0 0.1744186046511628 0.8581771720613288 0.13237924865831843 0.09625212947189098
0 0.3555456171735242 0.893526405451448 0.18694096601073346 0.11584327086882454
0 0.3336314847942755 0.7014480408858603 0.2701252236135957 0.11328790459965929
0 0.3926654740608229 0.7917376490630323 0.1520572450805009 0.09795570698466781
0 0.4199463327370304 0.6098807495741057 0.12254025044722719 0.14480408858603067
