0 0.10766423357664233 0.6287262872628726 0.16058394160583941 0.16260162601626016
0 0.07253649635036497 0.4046973803071364 0.15054744525547445 0.11743450767841011
0 0.6345802919708029 0.08626919602529359 0.2527372262773723 0.17073170731707318
0 0.9265510948905109 0.6418247515808492 0.09762773722627738 0.17434507678410116
0 0.3987226277372263 0.7565492321589883 0.19160583941605838 0.17253839205058719
0 0.23905109489051096 0.7506775067750677 0.10948905109489052 0.14995483288166214
0 0.6263686131386861 0.509936766034327 0.24726277372262773 0.13821138211382114
0 0.8713503649635036 0.496386630532972 0.24635036496350365 0.13821138211382114
0 0.5871350364963503 0.6341463414634146 0.1687956204379562 0.15176151761517614
0 0.33166058394160586 0.3952122854561879 0.31843065693430656 0.16711833785004518
0 0.3029197080291971 0.6056910569105691 0.23357664233576642 0.14001806684733514
0 0.5460766423357665 0.26332429990966577 0.09580291970802919 0.1111111111111111
0 0.8389598540145985 0.2610659439927733 0.18156934306569342 0.11924119241192412
0 0.5456204379562044 0.8184281842818428 0.07481751824817519 0.10659439927732611
0 0.6884124087591241 0.8152664859981933 0.2071167883211679 0.12737127371273713
0 0.6222627737226277 0.9331526648599819 0.19708029197080293 0.11562782294489611
0 0.7322080291970803 0.3030713640469738 0.2563868613138686 0.22131887985546522
0 0.7687043795620438 0.6255645889792232 0.21441605839416059 0.17976513098464317
0 0.8462591240875912 0.7777777777777778 0.09032846715328467 0.08130081300813008
0 0.8745437956204379 0.7944896115627823 0.16514598540145986 0.12737127371273713
0 0.7974452554744526 0.9037940379403794 0.16058394160583941 0.12917795844625113
0 0.41058394160583944 0.07994579945799458 0.145985401459854 0.14001806684733514
0 0.3125 0.23848238482384823 0.36405109489051096 0.16440831074977416
0 0.8156934306569343 0.11336946702800361 0.11313868613138686 0.13459801264679314
