0 0.13544891640866874 0.3563283922462942 0.19349845201238391 0.10604332953249715
0 0.3041795665634675 0.35860889395667045 0.12848297213622292 0.15393386545039908
0 0.1609907120743034 0.6031927023945268 0.2631578947368421 0.18928164196123148
0 0.46362229102167185 0.35746864310148235 0.20588235294117646 0.10148232611174458
0 0.2476780185758514 0.93557582668187 0.14241486068111456 0.10376282782212087
0 0.46362229102167185 0.9526795895096921 0.24303405572755418 0.08551881413911061
0 0.7190402476780186 0.9372862029646523 0.24922600619195046 0.10946408209806158
0 0.6602167182662538 0.3734321550741163 0.20588235294117646 0.1790193842645382
0 0.8599071207430341 0.3295324971493729 0.1873065015479876 0.09806157354618016
0 0.8738390092879257 0.42930444697833525 0.2306501547987616 0.12200684150513112
0 0.45588235294117646 0.12998859749144812 0.23993808049535603 0.17103762827822122
0 0.7136222910216719 0.14538198403648803 0.3157894736842105 0.1949828962371722
0 0.6060371517027864 0.6060433295324972 0.6300309597523219 0.17673888255416192
0 0.13312693498452013 0.7993158494868872 0.10835913312693499 0.16875712656784492
0 0.2654798761609907 0.8135689851767389 0.11609907120743033 0.07867730900798175
0 0.3939628482972136 0.7976054732041049 0.09752321981424149 0.06271379703534778
0 0.5054179566563467 0.7850627137970353 0.12538699690402477 0.1402508551881414
0 0.6540247678018576 0.7251995438996579 0.18111455108359134 0.0661345496009122
0 0.7035603715170279 0.7936145952109465 0.28637770897832815 0.12770809578107184
