0 0.11215469613259668 0.4202961672473868 0.16685082872928178 0.12804878048780488
0 0.3696132596685083 0.42552264808362367 0.312707182320442 0.14547038327526132
0 0.7370165745856354 0.4294425087108014 0.4 0.16376306620209058
0 0.6044198895027625 0.2700348432055749 0.3712707182320442 0.13763066202090593
0 0.21933701657458562 0.2682926829268293 0.3414364640883978 0.13763066202090593
0 0.49060773480662984 0.050522648083623695 0.19668508287292819 0.10104529616724739
0 0.5790055248618785 0.5918989547038328 0.3602209944751381 0.15766550522648085
0 0.6607734806629835 0.059233449477351915 0.14585635359116023 0.07491289198606271
0 0.7497237569060774 0.14329268292682926 0.25082872928176797 0.11585365853658537
0 0.29392265193370165 0.5844947735191638 0.22320441988950276 0.16376306620209058
0 0.6779005524861879 0.8270905923344948 0.07624309392265194 0.10714285714285714
0 0.8408839779005525 0.8288327526132404 0.2011049723756906 0.0897212543554007
0 0.10883977900552486 0.587979094076655 0.1425414364640884 0.16376306620209058
0 0.5016574585635359 0.8340592334494773 0.3027624309392265 0.11411149825783973
0 0.7762430939226519 0.7312717770034843 0.3082872928176796 0.09843205574912892
0 0.18121546961325966 0.10322299651567944 0.1856353591160221 0.10365853658536585
0 0.3453038674033149 0.041811846689895474 0.08950276243093923 0.05400696864111498
0 0.8143646408839779 0.06489547038327526 0.16574585635359115 0.07229965156794425
0 0.21823204419889503 0.7338850174216028 0.25524861878453037 0.12456445993031359
0 0.18839779005524862 0.9377177700348432 0.1005524861878453 0.06533101045296168
0 0.3314917127071823 0.9420731707317073 0.2143646408839779 0.10540069686411149
0 0.5337016574585636 0.9455574912891986 0.2165745856353591 0.10888501742160278
0 0.7425414364640884 0.9333623693379791 0.2011049723756906 0.11236933797909408
