0 0.11482334869431643 0.1274002954209749 0.10215053763440861 0.11004431314623338
0 0.07949308755760369 0.2773264401772526 0.08064516129032258 0.11004431314623338
0 0.1816436251920123 0.26772525849335305 0.12365591397849462 0.11152141802067947
0 0.13210445468509985 0.69903988183161 0.13978494623655913 0.1292466765140325
0 0.29685099846390167 0.6920236336779911 0.1881720430107527 0.12850812407680945
0 0.6132872503840245 0.41100443131462333 0.18970814132104455 0.0967503692762186
0 0.2780337941628264 0.39364844903988183 0.17204301075268819 0.103397341211226
0 0.7730414746543779 0.42355982274741505 0.13440860215053763 0.1307237813884786
0 0.4504608294930876 0.1687592319054653 0.11290322580645161 0.11004431314623338
0 0.28609831029185867 0.16174298375184637 0.21121351766513058 0.11078286558345643
0 0.38632872503840243 0.5564992614475628 0.20430107526881722 0.12038404726735598
0 0.18049155145929338 0.5620384047267356 0.2119815668202765 0.1240768094534712
0 0.6236559139784946 0.5539143279172821 0.20430107526881722 0.1329394387001477
0 0.8214285714285714 0.5461595273264401 0.2019969278033794 0.09970457902511078
0 0.9543010752688172 0.5557607090103397 0.05913978494623656 0.1085672082717873
0 0.3433179723502304 0.8607828655834564 0.12903225806451613 0.13220088626292467
0 0.28763440860215056 0.06979320531757754 0.1989247311827957 0.07607090103397342
0 0.16897081413210446 0.8585672082717873 0.20430107526881722 0.1307237813884786
0 0.3049155145929339 0.2466765140324963 0.10445468509984639 0.06499261447562776
0 0.3790322580645161 0.2717872968980798 0.24961597542242703 0.12112259970457903
0 0.04646697388632873 0.3759231905465288 0.07142857142857142 0.0620384047267356
0 0.1497695852534562 0.4054652880354505 0.06451612903225806 0.059084194977843424
0 0.13517665130568357 0.3914327917282127 0.11213517665130568 0.10044313146233383
