0 0.5471100554235946 0.5471299093655589 0.1187648456057007 0.09486404833836858
0 0.6828978622327792 0.5386706948640484 0.15122723673792557 0.086404833836858
0 0.5471100554235946 0.2984894259818731 0.09026128266033254 0.08821752265861027
0 0.6433095803642122 0.2894259818731118 0.06571654790182106 0.07854984894259819
0 0.4319081551860649 0.2244712990936556 0.10372129849564529 0.08398791540785498
0 0.4600158353127474 0.30785498489425983 0.06809184481393507 0.08036253776435046
0 0.5391923990498813 0.3794561933534743 0.08392715756136183 0.04833836858006042
0 0.6187648456057007 0.38308157099697887 0.056215360253365 0.06042296072507553
0 0.7984956452889944 0.7175226586102719 0.1021377672209026 0.05981873111782477
0 0.46080760095011875 0.39395770392749246 0.06334125098970704 0.08580060422960725
0 0.3673792557403009 0.3969788519637462 0.1330166270783848 0.08459214501510574
0 0.617181314330958 0.0513595166163142 0.2209026128266033 0.07250755287009064
0 0.5277117973079969 0.7867069486404834 0.07046714172604909 0.06767371601208459
0 0.6508313539192399 0.7867069486404834 0.14410134600158353 0.06404833836858007
0 0.8099762470308789 0.7755287009063444 0.14251781472684086 0.07190332326283988
0 0.5257323832145685 0.7175226586102719 0.07442596991290577 0.07069486404833837
0 0.6203483768804434 0.7172205438066466 0.08630245447347586 0.0797583081570997
0 0.6947743467933492 0.7178247734138973 0.05779889152810768 0.07734138972809668
0 0.37094220110847187 0.159214501510574 0.14489311163895488 0.05740181268882175
0 0.44695170229612036 0.10030211480362537 0.09422011084718923 0.06042296072507553
0 0.7557403008709422 0.2812688821752266 0.16389548693586697 0.08398791540785498
0 0.8923198733174981 0.2709969788519637 0.10451306413301663 0.05740181268882175
0 0.3578780680918448 0.3084592145015106 0.1393507521773555 0.08036253776435046
0 0.38954869358669836 0.6531722054380664 0.18052256532066507 0.06646525679758308
0 0.39311163895486934 0.7132930513595166 0.17339667458432304 0.06827794561933535
0 0.5601741884402217 0.43716012084592143 0.12430720506730007 0.06827794561933535
0 0.9117181314330958 0.3217522658610272 0.15281076801266824 0.05981873111782477
0 0.5613618368962787 0.8583081570996979 0.14093428345209819 0.07673716012084592
0 0.6666666666666666 0.8528700906344411 0.07759303246239113 0.06586102719033232
0 0.7628661916072842 0.8498489425981873 0.11480601741884403 0.0755287009063444
