0 0.11441090555014606 0.2522033898305085 0.2112950340798442 0.09491525423728814
0 0.13777994157740994 0.4359322033898305 0.24829600778967867 0.08677966101694916
0 0.1504381694255112 0.536271186440678 0.26582278481012656 0.0759322033898305
0 0.09785783836416748 0.6576271186440678 0.18792599805258034 0.07186440677966102
0 0.2638753651411879 0.6403389830508475 0.14216163583252192 0.09016949152542372
0 0.08860759493670886 0.8620338983050847 0.09737098344693282 0.0671186440677966
0 0.3198636806231743 0.856271186440678 0.3729308666017527 0.09220338983050848
0 0.6046738072054528 0.8552542372881355 0.20253164556962025 0.09966101694915254
0 0.8222979552093476 0.8552542372881355 0.2560856864654333 0.10915254237288136
0 0.2721518987341772 0.9603389830508474 0.4118792599805258 0.07932203389830508
0 0.5822784810126582 0.956271186440678 0.2103213242453749 0.08745762711864406
0 0.7930866601752677 0.9447457627118644 0.23466407010710807 0.09966101694915254
0 0.6241480038948394 0.5328813559322034 0.13047711781888996 0.11661016949152542
0 0.8003894839337877 0.34067796610169493 0.3310613437195716 0.11050847457627119
0 0.09688412852969815 0.34271186440677964 0.16845180136319376 0.07796610169491526
0 0.46932814021421615 0.33728813559322035 0.27069133398247325 0.1023728813559322
0 0.8227848101265823 0.24033898305084747 0.17137293086660174 0.11050847457627119
0 0.42015579357351507 0.4366101694915254 0.25803310613437197 0.09627118644067796
0 0.8125608568646543 0.4413559322033898 0.26582278481012656 0.0840677966101695
0 0.2726387536514119 0.7589830508474577 0.5043816942551119 0.10101694915254238
0 0.44206426484907496 0.6467796610169492 0.2181110029211295 0.1111864406779661
0 0.6669912366114897 0.6403389830508475 0.22590068159688412 0.1064406779661017
0 0.8889970788704966 0.6338983050847458 0.22200584225900682 0.10576271186440678
0 0.8237585199610516 0.5349152542372881 0.2726387536514119 0.10847457627118644
0 0.624634858812074 0.7376271186440678 0.20545277507302823 0.0935593220338983
0 0.887049659201558 0.7393220338983051 0.20642648490749757 0.11050847457627119
0 0.4371957156767283 0.13864406779661018 0.2921129503407984 0.09830508474576272
0 0.19328140214216163 0.0671186440677966 0.19571567672833495 0.0759322033898305
0 0.7171372930866602 0.056610169491525426 0.24245374878286272 0.08610169491525424
0 0.39094449853943525 0.5108474576271187 0.11392405063291139 0.05355932203389831
0 0.43135345666991237 0.5366101694915254 0.26484907497565724 0.11186440677966102
