0 0.12857142857142856 0.21217712177121772 0.21428571428571427 0.12453874538745388
0 0.13950892857142858 0.2952029520295203 0.23973214285714287 0.09501845018450185
0 0.7875 0.051429889298892986 0.055357142857142855 0.05119926199261993
0 0.8073660714285714 0.5867158671586716 0.07455357142857143 0.07011070110701106
0 0.8225446428571429 0.6699723247232472 0.09598214285714286 0.0724169741697417
0 0.8725446428571428 0.345479704797048 0.21919642857142857 0.07564575645756458
0 0.8316964285714286 0.41628228782287824 0.15089285714285713 0.09178966789667897
0 0.06607142857142857 0.3856088560885609 0.12857142857142856 0.0996309963099631
0 0.20357142857142857 0.3641605166051661 0.15892857142857142 0.12961254612546125
0 0.140625 0.48662361623616235 0.2669642857142857 0.12177121771217712
0 0.07321428571428572 0.830719557195572 0.07857142857142857 0.12546125461254612
0 0.19285714285714287 0.8018911439114391 0.16071428571428573 0.0834870848708487
0 0.17455357142857142 0.8839944649446494 0.08392857142857142 0.09178966789667897
0 0.8303571428571429 0.09501845018450185 0.05803571428571429 0.058118081180811805
0 0.8149553571428572 0.19211254612546125 0.13616071428571427 0.0761070110701107
0 0.9207589285714286 0.48454797047970477 0.13526785714285713 0.08994464944649447
0 0.8109375 0.5064575645756457 0.09151785714285714 0.09225092250922509
0 0.9703125 0.565959409594096 0.053125 0.09686346863468635
0 0.9598214285714286 0.6593634686346863 0.07767857142857143 0.10285977859778597
0 0.8189732142857142 0.7788284132841329 0.090625 0.09824723247232472
0 0.9142857142857143 0.7714483394833949 0.11071428571428571 0.11485239852398524
0 0.8227678571428572 0.2716789667896679 0.13035714285714287 0.1014760147601476
0 0.09040178571428571 0.5855627306273062 0.17366071428571428 0.07518450184501844
0 0.04330357142857143 0.6854243542435424 0.054464285714285715 0.06734317343173432
0 0.1669642857142857 0.7034132841328413 0.24107142857142858 0.1392988929889299
0 0.23705357142857142 0.5837177121771218 0.12410714285714286 0.10562730627306273
0 0.9241071428571429 0.2642988929889299 0.075 0.09132841328413284
0 0.9676339285714286 0.2580719557195572 0.028125 0.08071955719557196
0 0.9212053571428571 0.4059040590405904 0.03616071428571429 0.07749077490774908
0 0.9629464285714285 0.40129151291512916 0.04732142857142857 0.07841328413284133
