0 0.6938958707360862 0.2994955863808323 0.2585278276481149 0.08953341740226986
0 0.2769299820466786 0.31778058007566207 0.46409335727109513 0.09079445145018916
0 0.4991023339317774 0.21059268600252207 0.1561938958707361 0.11601513240857503
0 0.7643626570915619 0.20586380832282472 0.27737881508078993 0.09394703656998739
0 0.3738779174147217 0.20271122320302648 0.07809694793536805 0.07755359394703656
0 0.14138240574506283 0.6891551071878941 0.20197486535008977 0.09079445145018916
0 0.32001795332136446 0.6891551071878941 0.15888689407540396 0.09331651954602774
0 0.20466786355475763 0.8578184110970997 0.20287253141831238 0.08133669609079446
0 0.6853680430879713 0.8653846153846154 0.09066427289048475 0.09016393442622951
0 0.48070017953321365 0.8691677175283733 0.23070017953321365 0.09016393442622951
0 0.6557450628366248 0.7808953341740227 0.11579892280071813 0.08638083228247162
0 0.7320466786355476 0.3883984867591425 0.29353680430879714 0.07313997477931904
0 0.10412926391382406 0.2257250945775536 0.10053859964093358 0.09205548549810845
0 0.24506283662477557 0.21343001261034047 0.1867145421903052 0.10529634300126103
0 0.06014362657091562 0.39596469104665827 0.07540394973070018 0.06557377049180328
0 0.1871633752244165 0.39596469104665827 0.13016157989228008 0.07187894073139975
0 0.45915619389587076 0.39186633039092056 0.2289048473967684 0.08133669609079446
0 0.8886894075403949 0.47225725094577553 0.0933572710951526 0.0832282471626734
0 0.9658886894075404 0.4706809583858764 0.06463195691202872 0.08764186633039092
0 0.3213644524236984 0.7736443883984867 0.48473967684021546 0.09079445145018916
0 0.9169658886894075 0.691046658259773 0.08527827648114901 0.08701134930643127
0 0.5035906642728905 0.6894703656998739 0.22980251346499103 0.10277427490542244
0 0.742818671454219 0.691046658259773 0.2666068222621185 0.09205548549810845
0 0.7939856373429084 0.11475409836065574 0.22351885098743268 0.0832282471626734
0 0.45646319569120286 0.06651954602774275 0.12118491921005387 0.05737704918032787
0 0.27872531418312385 0.1075031525851198 0.1822262118491921 0.1116015132408575
0 0.1270197486535009 0.1358764186633039 0.05296229802513465 0.05737704918032787
0 0.05430879712746858 0.4697351828499369 0.06373429084380611 0.07313997477931904
0 0.20825852782764812 0.4728877679697352 0.26032315978456017 0.07818411097099622
0 0.447935368043088 0.47099621689785626 0.21543985637342908 0.08196721311475409
0 0.8105924596050269 0.46847414880201765 0.07001795332136446 0.08448928121059268
0 0.6678635547576302 0.4703656998738966 0.22980251346499103 0.0807061790668348
0 0.12836624775583483 0.5479192938209332 0.20646319569120286 0.0807061790668348
0 0.8478456014362658 0.5576923076923077 0.05296229802513465 0.08259773013871374
0 0.9097845601436265 0.557061790668348 0.08886894075403949 0.08638083228247162
0 0.729802513464991 0.5586380832282472 0.20646319569120286 0.08701134930643127
0 0.3487432675044883 0.5520176544766708 0.14991023339317774 0.08133669609079446
0 0.5251346499102334 0.5583228247162674 0.21005385996409337 0.08133669609079446
0 0.6238779174147218 0.05737704918032787 0.22082585278276481 0.05170239596469105
