0 0.6775244299674267 0.12329803328290469 0.2964169381107492 0.16792738275340394
0 0.4576547231270358 0.07337367624810892 0.20195439739413681 0.13767019667170954
0 0.1245928338762215 0.3729198184568835 0.23615635179153094 0.17700453857791226
0 0.3127035830618892 0.3835098335854766 0.20846905537459284 0.19818456883509833
0 0.494299674267101 0.4084720121028744 0.2980456026058632 0.2087745839636914
0 0.7190553745928339 0.48411497730711045 0.31107491856677527 0.2329803328290469
0 0.9153094462540716 0.5491679273827534 0.15960912052117263 0.16944024205748864
0 0.502442996742671 0.6762481089258698 0.3762214983713355 0.25416036308623297
0 0.7939739413680782 0.735249621785174 0.3273615635179153 0.22995461422087746
0 0.1775244299674267 0.6338880484114977 0.28013029315960913 0.18456883509833585
