0 0.3946384039900249 0.33375209380234505 0.43516209476309226 0.14991624790619765
0 0.6845386533665836 0.3446398659966499 0.18453865336658354 0.14991624790619765
0 0.09600997506234414 0.32202680067001677 0.16957605985037408 0.0829145728643216
0 0.06795511221945137 0.4556113902847571 0.11845386533665836 0.07202680067001675
0 0.19638403990024939 0.06700167504187604 0.19077306733167082 0.11055276381909548
0 0.2899002493765586 0.445142378559464 0.300498753117207 0.09463986599664992
0 0.19326683291770574 0.7395309882747069 0.18204488778054864 0.1490787269681742
0 0.580423940149626 0.20770519262981574 0.3104738154613466 0.12897822445561138
0 0.23129675810473815 0.20896147403685092 0.33541147132169574 0.14321608040201006
0 0.3915211970074813 0.0695142378559464 0.19950124688279303 0.09882747068676717
0 0.06920199501246883 0.602177554438861 0.13591022443890274 0.1574539363484087
0 0.32855361596009974 0.5900335008375209 0.4027431421446384 0.14656616415410384
0 0.6034912718204489 0.6030150753768844 0.16708229426433915 0.15577889447236182
0 0.6122194513715711 0.06742043551088778 0.2817955112219451 0.07788944723618091
0 0.594139650872818 0.4719430485762144 0.29301745635910226 0.12814070351758794
0 0.8061097256857855 0.47738693467336685 0.18329177057356608 0.1273031825795645
0 0.43266832917705733 0.7458123953098827 0.314214463840399 0.15159128978224456
0 0.7624688279301746 0.7546063651591289 0.36783042394014964 0.13400335008375208
0 0.051745635910224436 0.7160804020100503 0.06359102244389027 0.06867671691792294
0 0.08354114713216958 0.835427135678392 0.0773067331670823 0.0711892797319933
0 0.2655860349127182 0.8685092127303182 0.24688279301745636 0.11390284757118928
0 0.45822942643391523 0.8710217755443886 0.15835411471321695 0.11892797319932999
0 0.7418952618453866 0.8747906197654941 0.41895261845386533 0.13316582914572864
0 0.8497506234413965 0.09589614740368509 0.20324189526184538 0.13484087102177555
0 0.8266832917705735 0.609715242881072 0.32169576059850374 0.1624790619765494
0 0.850997506234414 0.35678391959798994 0.1433915211970075 0.12395309882747069
