0 0.1785 0.23432721712538226 0.189 0.15061162079510704
0 0.351 0.21941896024464833 0.15 0.09785932721712538
0 0.5305 0.2029816513761468 0.171 0.1154434250764526
0 0.677 0.19724770642201836 0.096 0.10703363914373089
0 0.859 0.507262996941896 0.214 0.11850152905198777
0 0.141 0.5064984709480123 0.194 0.13837920489296637
0 0.0995 0.8306574923547401 0.097 0.11085626911314984
0 0.6575 0.4969418960244648 0.163 0.11926605504587157
0 0.398 0.36850152905198774 0.184 0.10703363914373089
0 0.8095 0.13914373088685014 0.219 0.11009174311926606
0 0.5875 0.10053516819571866 0.217 0.10168195718654434
0 0.316 0.5053516819571865 0.178 0.1452599388379205
0 0.6655 0.639525993883792 0.153 0.13226299694189603
0 0.829 0.6509938837920489 0.19 0.13379204892966362
0 0.1945 0.8352446483180428 0.117 0.11238532110091744
0 0.356 0.834480122324159 0.192 0.12308868501529052
0 0.824 0.21636085626911314 0.196 0.10856269113149847
0 0.633 0.2889908256880734 0.196 0.07951070336391437
0 0.835 0.3038990825688073 0.196 0.09709480122324159
0 0.2845 0.6379969418960245 0.463 0.11085626911314984
