0 0.17410714285714285 0.08002767527675277 0.09821428571428571 0.0797970479704797
0 0.3107142857142857 0.0544280442804428 0.055357142857142855 0.08302583025830258
0 0.4 0.034363468634686346 0.10892857142857143 0.07333948339483395
0 0.3176339285714286 0.6113929889298892 0.09866071428571428 0.09086715867158672
0 0.32254464285714285 0.7077952029520295 0.10848214285714286 0.10009225092250923
0 0.29910714285714285 0.7991236162361623 0.07410714285714286 0.07426199261992619
0 0.3723214285714286 0.8076568265682657 0.06696428571428571 0.05350553505535055
0 0.3723214285714286 0.8685424354243543 0.07410714285714286 0.05719557195571956
0 0.29196428571428573 0.22255535055350553 0.03660714285714286 0.05488929889298893
0 0.2870535714285714 0.44003690036900367 0.03571428571428571 0.0544280442804428
0 0.20379464285714285 0.3371771217712177 0.134375 0.09501845018450185
0 0.1904017857142857 0.43058118081180813 0.1611607142857143 0.07887453874538745
0 0.18727678571428572 0.8650830258302583 0.15223214285714284 0.06688191881918819
0 0.30044642857142856 0.8671586715867159 0.07232142857142858 0.06273062730627306
0 0.2839285714285714 0.9199723247232472 0.026785714285714284 0.04381918819188192
0 0.07053571428571428 0.5315959409594095 0.14821428571428572 0.10285977859778597
0 0.06986607142857143 0.3415590405904059 0.13616071428571427 0.12592250922509224
0 0.8883928571428571 0.7163284132841329 0.049107142857142856 0.07564575645756458
0 0.890625 0.8035055350553506 0.054464285714285715 0.06088560885608856
0 0.8848214285714285 0.8671586715867159 0.05178571428571429 0.05166051660516605
0 0.5283482142857143 0.04220479704797048 0.06651785714285714 0.06226937269372694
0 0.6196428571428572 0.045894833948339486 0.11785714285714285 0.0779520295202952
0 0.05758928571428571 0.783210332103321 0.07678571428571429 0.09132841328413284
0 0.16763392857142856 0.7790590405904059 0.14330357142857142 0.0996309963099631
0 0.1861607142857143 0.9229704797047971 0.15357142857142858 0.04981549815498155
0 0.43125 0.4289667896678967 0.11696428571428572 0.07564575645756458
0 0.4263392857142857 0.21263837638376384 0.13035714285714287 0.06365313653136531
0 0.37075892857142856 0.9220479704797048 0.09241071428571429 0.05350553505535055
0 0.45357142857142857 0.9195110701107011 0.07589285714285714 0.060424354243542436
0 0.4238839285714286 0.9753228782287823 0.11651785714285715 0.04566420664206642
0 0.45089285714285715 0.7001845018450185 0.08571428571428572 0.09778597785977859
0 0.45982142857142855 0.595710332103321 0.06160714285714286 0.09732472324723247
0 0.39174107142857145 0.5096863468634686 0.1924107142857143 0.10424354243542436
0 0.10066964285714286 0.22047970479704798 0.1611607142857143 0.0959409594095941
0 0.21785714285714286 0.2246309963099631 0.10089285714285715 0.08025830258302583
0 0.20334821428571428 0.6160055350553506 0.13883928571428572 0.10654981549815498
0 0.11450892857142857 0.6958025830258303 0.13794642857142858 0.06688191881918819
0 0.22455357142857144 0.6932656826568265 0.08928571428571429 0.06734317343173432
0 0.05959821428571429 0.661669741697417 0.11383928571428571 0.14714022140221403
0 0.01875 0.44787822878228783 0.0375 0.06918819188191883
0 0.07008928571428572 0.4423431734317343 0.07410714285714286 0.08025830258302583
0 0.2095982142857143 0.5064575645756457 0.13080357142857144 0.11992619926199262
0 0.19754464285714285 0.13261070110701106 0.16473214285714285 0.10654981549815498
0 0.34464285714285714 0.14321955719557194 0.12767857142857142 0.0853321033210332
0 0.4484375 0.14783210332103322 0.09151785714285714 0.06595940959409594
0 0.42879464285714286 0.0724169741697417 0.13794642857142858 0.08763837638376384
0 0.3046875 0.28920664206642066 0.07276785714285715 0.07287822878228782
0 0.4154017857142857 0.28205719557195574 0.153125 0.0779520295202952
0 0.3145089285714286 0.36231549815498154 0.07901785714285714 0.0779520295202952
0 0.46629464285714284 0.34801660516605165 0.06919642857142858 0.0779520295202952
0 0.5868303571428571 0.12384686346863469 0.18794642857142857 0.06319188191881919
0 0.7089285714285715 0.8646217712177122 0.054464285714285715 0.09455719557195572
0 0.7946428571428571 0.8005073800738007 0.12857142857142856 0.06964944649446494
0 0.7939732142857143 0.8664667896678967 0.12276785714285714 0.07426199261992619
0 0.7580357142857143 0.9421125461254612 0.19017857142857142 0.09455719557195572
0 0.7555803571428571 0.10839483394833949 0.14598214285714287 0.07656826568265683
0 0.9276785714285715 0.39575645756457567 0.15267857142857144 0.07380073800738007
0 0.8839285714285714 0.47601476014760147 0.05892857142857143 0.09686346863468635
0 0.9533482142857143 0.4665590405904059 0.08794642857142858 0.10193726937269372
0 0.9051339285714286 0.1386070110701107 0.13348214285714285 0.057656826568265686
0 0.9125 0.20595018450184502 0.14375 0.06319188191881919
0 0.8685267857142858 0.5523523985239852 0.033482142857142856 0.050276752767527674
0 0.9506696428571428 0.551660516605166 0.09866071428571428 0.08856088560885608
0 0.9069196428571429 0.6314575645756457 0.09508928571428571 0.07287822878228782
0 0.971875 0.6206180811808119 0.04642857142857143 0.07333948339483395
0 0.9533482142857143 0.7031826568265682 0.07633928571428572 0.08994464944649447
0 0.3220982142857143 0.9672509225092251 0.08883928571428572 0.05166051660516605
0 0.6026785714285714 0.9017527675276753 0.1455357142857143 0.06918819188191883
0 0.5495535714285714 0.9656365313653137 0.1419642857142857 0.06503690036900368
0 0.6408482142857143 0.9651752767527675 0.04241071428571429 0.059501845018450183
0 0.49776785714285715 0.9024446494464945 0.025 0.04381918819188192
