0 0.7034883720930233 0.5441666666666667 0.2541528239202658 0.235
0 0.7167774086378738 0.31083333333333335 0.2441860465116279 0.21833333333333332
0 0.37375415282392027 0.535 0.4152823920265781 0.2833333333333333
0 0.11046511627906977 0.49583333333333335 0.0946843853820598 0.11833333333333333
0 0.1569767441860465 0.7608333333333334 0.17109634551495018 0.19833333333333333
0 0.39368770764119604 0.7908333333333334 0.3222591362126246 0.24166666666666667
0 0.23006644518272426 0.1475 0.15780730897009967 0.13833333333333334
0 0.4485049833887043 0.12166666666666667 0.2757475083056478 0.19666666666666666
0 0.7068106312292359 0.12666666666666668 0.1877076411960133 0.21
0 0.8853820598006644 0.23416666666666666 0.16611295681063123 0.25166666666666665
