0 0.6279271465741544 0.45989304812834225 0.2393755420641804 0.1319073083778966
0 0.6279271465741544 0.6626559714795008 0.27059843885516044 0.18805704099821746
0 0.805724197745013 0.6737967914438503 0.13529921942758022 0.16934046345811052
0 0.5962705984388552 0.8061497326203209 0.2263660017346054 0.13458110516934046
0 0.6162185602775369 0.10204991087344029 0.15871639202081528 0.17379679144385027
0 0.8282740676496098 0.1590909090909091 0.2688638334778838 0.19518716577540107
0 0.9045967042497832 0.6902852049910874 0.10928013876843018 0.12566844919786097
0 0.8555941023417173 0.5106951871657754 0.23503902862098872 0.19073083778966132
0 0.8217692974848222 0.339572192513369 0.11014744145706852 0.10695187165775401
0 0.9063313096270599 0.3649732620320856 0.08846487424111014 0.13458110516934046
0 0.7042497831743278 0.2976827094474153 0.34518647007805725 0.19607843137254902
0 0.9748482220294883 0.3783422459893048 0.05203816131830009 0.13636363636363635
0 0.7996530789245446 0.8159536541889483 0.20815264527320035 0.11140819964349376
0 0.6799653078924545 0.9135472370766489 0.22029488291413704 0.10338680926916222
