0 0.7560975609756098 0.1826003824091778 0.13240418118466898 0.12045889101338432
0 0.5284552845528455 0.2002868068833652 0.25551684088269455 0.12523900573613767
0 0.7363530778164924 0.36950286806883365 0.2926829268292683 0.1806883365200765
0 0.5185830429732868 0.3604206500956023 0.15911730545876887 0.1739961759082218
0 0.2607433217189315 0.3140535372848948 0.2845528455284553 0.11567877629063097
0 0.2183507549361208 0.11950286806883365 0.18815331010452963 0.16061185468451242
0 0.39372822299651566 0.07695984703632887 0.1951219512195122 0.08317399617590822
0 0.6283391405342624 0.08508604206500955 0.29965156794425085 0.09177820267686425
0 0.9152148664343787 0.5540152963671128 0.0859465737514518 0.1462715105162524
0 0.6957026713124274 0.5468451242829828 0.3623693379790941 0.2084130019120459
0 0.3234610917537747 0.5348948374760994 0.3821138211382114 0.2055449330783939
