0 0.7286541244573083 0.07470651013874066 0.24167872648335745 0.14087513340448238
0 0.23589001447178004 0.5202774813233725 0.4399421128798842 0.15474919957310565
0 0.1577424023154848 0.6776947705442903 0.28364688856729375 0.16862326574172892
0 0.4956584659913169 0.6776947705442903 0.4182344428364689 0.16008537886872998
0 0.6780028943560058 0.2097118463180363 0.3342981186685962 0.13127001067235858
0 0.09261939218523878 0.22465314834578443 0.14182344428364688 0.08858057630736393
0 0.1649782923299566 0.8143009605122732 0.25180897250361794 0.14300960512273211
0 0.7510853835021708 0.6782283884738527 0.1389290882778582 0.1632870864461046
0 0.6345875542691751 0.8329775880469584 0.5890014471780028 0.14621131270010673
0 0.8972503617945007 0.5336179295624333 0.20549927641099855 0.17929562433297758
0 0.10564399421128799 0.36766275346851657 0.20839363241678727 0.13340448239060831
0 0.28002894356005786 0.3633938100320171 0.14037626628075253 0.144076840981857
0 0.5137481910274964 0.35805763073639274 0.36468885672937773 0.15901814300960512
0 0.7597684515195369 0.36019210245464245 0.1476121562952243 0.1376734258271078
0 0.6280752532561505 0.5218783351120597 0.35600578871201155 0.15154749199573106
