0 0.8101424979044426 0.33347107438016527 0.1383067896060352 0.17768595041322313
0 0.6508801341156748 0.32975206611570246 0.1584241408214585 0.18181818181818182
0 0.6160938809723386 0.7235537190082645 0.11399832355406538 0.1446280991735537
0 0.6508801341156748 0.837603305785124 0.14501257334450965 0.1
0 0.8285834031852473 0.8314049586776859 0.22715842414082146 0.10578512396694215
0 0.44425817267393125 0.22644628099173553 0.24643755238893544 0.14710743801652892
0 0.1165129924559933 0.4152892561983471 0.17099748533109807 0.17603305785123968
0 0.3801341156747695 0.4099173553719008 0.34115674769488685 0.19669421487603306
0 0.16932103939647947 0.5669421487603306 0.2900251466890193 0.13388429752066117
0 0.4346186085498743 0.5578512396694215 0.26236378876781224 0.1206611570247934
0 0.4974853310980721 0.6454545454545455 0.1399832355406538 0.11570247933884298
