0 0.324108818011257 0.14840556009811937 0.17917448405253283 0.19542109566639412
0 0.124765478424015 0.4660670482420278 0.22889305816135083 0.21259198691741618
0 0.09052532833020638 0.6451349141455437 0.14352720450281425 0.11283728536385937
0 0.11679174484052533 0.26001635322976285 0.16416510318949343 0.10302534750613246
0 0.8560037523452158 0.7285363859362224 0.1622889305816135 0.15862632869991825
0 0.6852720450281425 0.7072771872444807 0.19793621013133209 0.13900245298446443
0 0.799249530956848 0.2547015535568275 0.17636022514071295 0.10384300899427637
0 0.1430581613508443 0.8450531479967294 0.12664165103189493 0.13654946852003272
0 0.4104127579737336 0.7174979558462796 0.12664165103189493 0.14309076042518398
0 0.5548780487804879 0.4133278822567457 0.10600375234521577 0.14472608340147178
0 0.699343339587242 0.39983646770237125 0.18667917448405252 0.15862632869991825
0 0.3222326454033771 0.4055600981193786 0.16416510318949343 0.09811937857726902
0 0.29878048780487804 0.8417825020441537 0.1529080675422139 0.12183156173344235
0 0.450281425891182 0.4055600981193786 0.10318949343339587 0.10139002452984465
0 0.3696060037523452 0.5134914145543745 0.2589118198874296 0.12101390024529844
0 0.26125703564727953 0.6300081766148814 0.16416510318949343 0.08094848732624693
0 0.4174484052532833 0.6091578086672118 0.13696060037523453 0.07031888798037612
0 0.2453095684803002 0.705641864268193 0.175422138836773 0.08830744071954211
0 0.8972795497185742 0.4133278822567457 0.20544090056285177 0.1381847914963205
0 0.5539399624765479 0.5392477514309076 0.10412757973733583 0.07277187244480784
0 0.5478424015009381 0.7134096484055601 0.1050656660412758 0.11038430089942763
0 0.6665103189493433 0.0633687653311529 0.274859287054409 0.11038430089942763
0 0.6336772983114447 0.22035977105478333 0.23358348968105067 0.20686835650040883
0 0.8710131332082551 0.15372035977105478 0.16604127579737335 0.1259198691741619
0 0.15150093808630394 0.14349959116925592 0.1378986866791745 0.09893704006541292
0 0.45778611632270166 0.08830744071954211 0.07129455909943715 0.12919051512673754
0 0.3227016885553471 0.2910874897792314 0.24765478424015008 0.12755519215044972
0 0.5825515947467167 0.5674570727718724 0.17073170731707318 0.1439084219133279
0 0.75093808630394 0.5421095666394112 0.18292682926829268 0.09811937857726902
0 0.7692307692307693 0.6038430089942763 0.22889305816135083 0.0874897792313982
0 0.9118198874296435 0.5228945216680294 0.1726078799249531 0.0874897792313982
0 0.17917448405253283 0.14309076042518398 0.05065666041275797 0.04578904333605887
0 0.12429643527204502 0.14349959116925592 0.05909943714821764 0.07931316434995912
0 0.27392120075046905 0.1169255928045789 0.0450281425891182 0.07849550286181521
0 0.325515947467167 0.11079313164349959 0.04690431519699812 0.07277187244480784
0 0.3724202626641651 0.10343417825020441 0.0525328330206379 0.08258381030253475
0 0.27110694183864914 0.20155355682747342 0.06566604127579738 0.08258381030253475
0 0.31941838649155724 0.19582992641046607 0.0647279549718574 0.08912510220768602
0 0.3710131332082552 0.18969746524938674 0.07223264540337711 0.08994276369582993
0 0.4047842401500938 0.059689288634505316 0.021575984990619138 0.07195421095666395
0 0.4620075046904315 0.017988552739165987 0.11350844277673545 0.017988552739165987
0 0.45121951219512196 0.044971381847914965 0.058161350844277676 0.04251839738348324
0 0.4535647279549719 0.11038430089942763 0.055347091932457786 0.04905968928863451
0 0.6149155722326454 0.06009811937857727 0.06660412757973734 0.04333605887162715
0 0.5656660412757973 0.05519215044971382 0.04690431519699812 0.08094848732624693
0 0.7551594746716698 0.08421913327882256 0.0600375234521576 0.03761242845461979
0 0.7274859287054409 0.06704824202780049 0.04409005628517824 0.07522485690923958
0 0.11397748592870544 0.23507767784137368 0.10787992495309569 0.03679476696647588
0 0.12148217636022514 0.2649223221586263 0.08348968105065666 0.03434178250204415
0 0.07692307692307693 0.26655764513491415 0.0600375234521576 0.08830744071954211
0 0.41322701688555347 0.285363859362224 0.05722326454033771 0.08503679476696648
0 0.299718574108818 0.32461161079313167 0.15853658536585366 0.032706459525756335
0 0.2129455909943715 0.2927228127555192 0.024390243902439025 0.05560098119378577
0 0.29409005628517826 0.2534750613246116 0.18105065666041276 0.032706459525756335
0 0.30159474671669795 0.2878168438266558 0.14540337711069418 0.024529844644317254
0 0.3053470919324578 0.29517579721995096 0.124765478424015 0.02125919869174162
0 0.2969043151969981 0.2841373671300082 0.021575984990619138 0.05478331970564186
0 0.24108818011257035 0.28168438266557644 0.01876172607879925 0.04006541291905151
0 0.25469043151969983 0.29354047424366314 0.012195121951219513 0.058871627146361405
0 0.2654784240150094 0.2878168438266558 0.01125703564727955 0.05233033524121014
0 0.2776735459662289 0.28454619787408014 0.013133208255159476 0.047424366312346686
0 0.5553470919324578 0.16394112837285363 0.04127579737335835 0.0874897792313982
0 0.6111632270168855 0.16557645134914145 0.04971857410881801 0.09076042518397383
0 0.6688555347091932 0.17007358953393295 0.05628517823639775 0.09321340964840556
0 0.725609756097561 0.17252657399836469 0.0647279549718574 0.09157808667211774
0 0.5558161350844277 0.2571545380212592 0.05347091932457786 0.09566639411283728
0 0.6102251407129456 0.26778413736713 0.05347091932457786 0.0973017170891251
0 0.6819887429643527 0.2649223221586263 0.0525328330206379 0.09484873262469337
0 0.8588180112570356 0.2624693376941946 0.04784240150093809 0.08503679476696648
0 0.7898686679174484 0.25388389206868356 0.08818011257035648 0.023712183156173343
0 0.7893996247654784 0.22117743254292724 0.09849906191369606 0.02698282910874898
0 0.75093808630394 0.25633687653311527 0.04971857410881801 0.0776778413736713
0 0.8911819887429644 0.20155355682747342 0.0975609756097561 0.025347506132461162
0 0.9390243902439024 0.1991005723630417 0.03564727954971857 0.09893704006541292
0 0.800656660412758 0.14840556009811937 0.027204502814258912 0.07277187244480784
0 0.8606941838649156 0.11569910057236305 0.11350844277673545 0.03679476696647588
0 0.8264540337711069 0.14922322158626328 0.020637898686679174 0.04987735077677841
0 0.8461538461538461 0.15658217497955845 0.0225140712945591 0.04987735077677841
0 0.8719512195121951 0.16312346688470972 0.03283302063789869 0.059689288634505316
0 0.8681988742964353 0.15576451349141454 0.10412757973733583 0.013900245298446443
0 0.8724202626641651 0.16557645134914145 0.10131332082551595 0.012264922322158627
0 0.040337711069418386 0.4141455437448896 0.04127579737335835 0.09403107113654947
0 0.0877110694183865 0.4141455437448896 0.040337711069418386 0.09076042518397383
0 0.13555347091932457 0.41128372853638595 0.040337711069418386 0.08503679476696648
0 0.20309568480300189 0.41210139002452983 0.04784240150093809 0.0866721177432543
0 0.038461538461538464 0.5073589533932952 0.043151969981238276 0.08585445625511039
0 0.08020637898686679 0.5073589533932952 0.055347091932457786 0.09403107113654947
0 0.13883677298311445 0.5053147996729354 0.054409005628517824 0.0964840556009812
0 0.20872420262664165 0.5044971381847915 0.06285178236397748 0.0964840556009812
0 0.38602251407129456 0.4219133278822568 0.03470919324577861 0.06377759607522486
0 0.26641651031894936 0.40351594439901883 0.043151969981238276 0.06623058053965658
0 0.3166041275797373 0.38961569910057237 0.1022514071294559 0.02698282910874898
0 0.3128517823639775 0.41986917416189695 0.10037523452157598 0.018806214227309895
0 0.4469981238273921 0.3887980376124285 0.09099437148217636 0.022076860179885527
0 0.44183864915572235 0.40964840556009813 0.08067542213883677 0.014717906786590351
0 0.44043151969981237 0.4247751430907604 0.07973733583489681 0.01553556827473426
0 0.4352720450281426 0.4423548650858545 0.0675422138836773 0.014717906786590351
0 0.46622889305816134 0.4063777596075225 0.020637898686679174 0.07686017988552739
0 0.4343339587242026 0.40474243663123466 0.016885553470919325 0.08013082583810302
0 0.41885553470919323 0.40474243663123466 0.021575984990619138 0.08830744071954211
0 0.5848968105065666 0.43417825020441536 0.06097560975609756 0.08176614881439084
0 0.5745778611632271 0.36631234668847096 0.07410881801125703 0.058871627146361405
0 0.5333020637898687 0.3802125919869174 0.036585365853658534 0.058871627146361405
0 0.5281425891181989 0.43008994276369583 0.0450281425891182 0.04905968928863451
0 0.5558161350844277 0.3810302534750613 0.02345215759849906 0.014717906786590351
0 0.5539399624765479 0.40106295993458707 0.03470919324577861 0.018806214227309895
0 0.5534709193245778 0.4157808667211774 0.02626641651031895 0.01062959934587081
0 0.5562851782363978 0.42886345053147995 0.02626641651031895 0.013900245298446443
0 0.5576923076923077 0.4419460343417825 0.017823639774859287 0.013900245298446443
0 0.7471857410881801 0.45298446443172524 0.06848030018761726 0.03434178250204415
0 0.7612570356472795 0.3336058871627146 0.07410881801125703 0.032706459525756335
0 0.7804878048780488 0.38716271463614066 0.03564727954971857 0.10874897792313983
0 0.7387429643527205 0.39043336058871625 0.036585365853658534 0.10057236304170074
0 0.6969981238273921 0.4435813573180703 0.0450281425891182 0.03188879803761243
0 0.6791744840525328 0.43785772690106295 0.0450281425891182 0.028618152085036794
0 0.6622889305816135 0.43295175797219954 0.03564727954971857 0.022076860179885527
0 0.6454033771106942 0.4333605887162715 0.04878048780487805 0.03107113654946852
0 0.6261726078799249 0.41986917416189695 0.051594746716697934 0.025347506132461162
0 0.700750469043152 0.4071954210956664 0.03189493433395872 0.029435813573180702
0 0.6810506566604128 0.40106295993458707 0.0225140712945591 0.025347506132461162
0 0.6693245778611632 0.4026982829108749 0.03470919324577861 0.03025347506132461
0 0.6529080675422139 0.40474243663123466 0.0375234521575985 0.03434178250204415
0 0.6303939962476548 0.401880621422731 0.03564727954971857 0.033524121013900246
0 0.7073170731707317 0.3814390842191333 0.03377110694183865 0.023712183156173343
0 0.6862101313320825 0.37898609975470154 0.025328330206378986 0.01553556827473426
0 0.6702626641651032 0.3773507767784137 0.027204502814258912 0.02044153720359771
0 0.6575984990619137 0.3740801308258381 0.02626641651031895 0.022076860179885527
0 0.6369606003752345 0.3761242845461979 0.03189493433395872 0.02616516762060507
0 0.6374296435272045 0.35118560915780866 0.038461538461538464 0.03188879803761243
0 0.6547842401500938 0.35322976287816843 0.0225140712945591 0.024529844644317254
0 0.6754221388367729 0.3552739165985282 0.03189493433395872 0.03025347506132461
0 0.6913696060037523 0.35118560915780866 0.02626641651031895 0.023712183156173343
0 0.7063789868667918 0.3544562551103843 0.03189493433395872 0.03025347506132461
0 0.8100375234521576 0.3830744071954211 0.036585365853658534 0.017170891251022075
0 0.9127579737335835 0.37367130008176613 0.024390243902439025 0.039247751430907606
0 0.9329268292682927 0.3683565004088307 0.01594746716697936 0.033524121013900246
0 0.9437148217636022 0.3695829926410466 0.0150093808630394 0.03107113654946852
0 0.9563789868667918 0.3704006541291905 0.017823639774859287 0.032706459525756335
0 0.9188555347091932 0.4186426819296811 0.02345215759849906 0.027800490596892886
0 0.9357410881801126 0.4157808667211774 0.017823639774859287 0.028618152085036794
0 0.950281425891182 0.41741618969746525 0.013133208255159476 0.02698282910874898
0 0.9695121951219512 0.4170073589533933 0.02345215759849906 0.04088307440719542
0 0.9155722326454033 0.4026982829108749 0.10694183864915573 0.02698282910874898
0 0.8616322701688556 0.42354865085854454 0.0647279549718574 0.09811937857726902
0 0.8278611632270169 0.41905151267375307 0.05722326454033771 0.10220768601798855
0 0.8090994371482176 0.3965658217497956 0.03283302063789869 0.009811937857726901
0 0.8095684803001876 0.4063777596075225 0.03189493433395872 0.006541291905151268
0 0.8067542213883677 0.4178250204415372 0.0300187617260788 0.011447260834014717
0 0.8067542213883677 0.42886345053147995 0.02626641651031895 0.008994276369582993
0 0.38602251407129456 0.46852003270645953 0.04596622889305816 0.03761242845461979
0 0.3710131332082552 0.5257563368765331 0.05347091932457786 0.04578904333605887
0 0.3330206378986867 0.47260834014717906 0.07317073170731707 0.047424366312346686
0 0.3231707317073171 0.5102207686017989 0.04596622889305816 0.04578904333605887
0 0.425422138836773 0.4807849550286182 0.04784240150093809 0.027800490596892886
0 0.4821763602251407 0.5216680294358136 0.03377110694183865 0.07195421095666395
0 0.42166979362101314 0.46484055600981194 0.02345215759849906 0.028618152085036794
0 0.44136960600375236 0.46361406377759606 0.027204502814258912 0.032706459525756335
0 0.42401500938086306 0.5081766148814391 0.03189493433395872 0.028618152085036794
0 0.44043151969981237 0.5167620605069502 0.03095684803001876 0.03761242845461979
0 0.2851782363977486 0.4677023712183156 0.0450281425891182 0.022894521668029435
0 0.28377110694183866 0.4856909239574816 0.040337711069418386 0.016353229762878167
0 0.2861163227016886 0.5004088307440719 0.04690431519699812 0.013082583810302535
0 0.2851782363977486 0.5171708912510221 0.04878048780487805 0.018806214227309895
0 0.5858348968105066 0.5584627964022895 0.03470919324577861 0.02616516762060507
0 0.5984990619136961 0.5208503679476697 0.028142589118198873 0.024529844644317254
0 0.5422138836772983 0.5290269828291088 0.0525328330206379 0.04578904333605887
0 0.5440900562851783 0.5568274734260016 0.03564727954971857 0.02125919869174162
0 0.5684803001876173 0.5396565821749796 0.03564727954971857 0.06377759607522486
0 0.550656660412758 0.544153720359771 0.09193245778611632 0.02698282910874898
0 0.5159474671669794 0.6075224856909239 0.03189493433395872 0.05560098119378577
0 0.5623827392120075 0.5744071954210956 0.10037523452157598 0.03025347506132461
0 0.6275797373358349 0.598119378577269 0.03564727954971857 0.03188879803761243
0 0.6599437148217636 0.5584627964022895 0.036585365853658534 0.116107931316435
0 0.6393058161350844 0.5089942763695829 0.021575984990619138 0.01553556827473426
0 0.6364915572232646 0.5298446443172526 0.027204502814258912 0.011447260834014717
0 0.6341463414634146 0.5388389206868357 0.024390243902439025 0.011447260834014717
0 0.6350844277673546 0.5543744889615699 0.02626641651031895 0.013082583810302535
0 0.6224202626641651 0.5306623058053965 0.02345215759849906 0.06214227309893704
0 0.724671669793621 0.5813573180703189 0.14165103189493433 0.02125919869174162
0 0.7321763602251408 0.5547833197056419 0.14165103189493433 0.018806214227309895
0 0.7298311444652908 0.5331152902698283 0.1294559099437148 0.019623875715453803
0 0.7288930581613509 0.5061324611610794 0.12195121951219512 0.019623875715453803
0 0.7087242026266416 0.5453802125919869 0.025328330206378986 0.06377759607522486
0 0.6880863039399625 0.5470155355682748 0.01594746716697936 0.06050695012264922
0 0.6763602251407129 0.5486508585445625 0.013133208255159476 0.05723630417007359
0 0.8287992495309568 0.5363859362224039 0.05347091932457786 0.07195421095666395
0 0.9690431519699813 0.5343417825020441 0.03189493433395872 0.07440719542109567
0 0.9573170731707317 0.5576451349141456 0.021575984990619138 0.03434178250204415
0 0.950750469043152 0.5327064595257563 0.025328330206378986 0.02698282910874898
0 0.9090056285178236 0.517988552739166 0.09380863039399624 0.022076860179885527
0 0.8902439024390244 0.5584627964022895 0.01876172607879925 0.06377759607522486
0 0.8714821763602252 0.544153720359771 0.020637898686679174 0.06132461161079313
0 0.8789868667917449 0.5789043336058871 0.0300187617260788 0.027800490596892886
0 0.8775797373358349 0.5457890433360588 0.11538461538461539 0.02698282910874898
0 0.725609756097561 0.5846279640228945 0.05722326454033771 0.047424366312346686
0 0.8438086303939962 0.5748160261651676 0.04971857410881801 0.044153720359771054
0 0.8602251407129456 0.624693376941946 0.06191369606003752 0.06704824202780049
0 0.7729831144465291 0.60670482420278 0.04690431519699812 0.019623875715453803
0 0.7598499061913696 0.6242845461978741 0.039399624765478425 0.017170891251022075
0 0.7931519699812383 0.589125102207686 0.051594746716697934 0.03025347506132461
0 0.8142589118198874 0.5932134096484055 0.04690431519699812 0.03025347506132461
0 0.8348968105065666 0.5964840556009812 0.03564727954971857 0.025347506132461162
0 0.8212945590994372 0.6116107931316435 0.029080675422138838 0.027800490596892886
0 0.8081613508442776 0.6234668847097302 0.03470919324577861 0.033524121013900246
0 0.7931519699812383 0.6308258381030254 0.040337711069418386 0.03679476696647588
0 0.7030956848030019 0.5932134096484055 0.027204502814258912 0.02044153720359771
0 0.6941838649155723 0.6005723630417007 0.0225140712945591 0.017170891251022075
0 0.6829268292682927 0.6058871627146362 0.0225140712945591 0.022894521668029435
0 0.6735459662288931 0.6173344235486509 0.03564727954971857 0.02616516762060507
0 0.7190431519699813 0.6107931316434996 0.029080675422138838 0.029435813573180702
0 0.7073170731707317 0.6177432542927228 0.02626641651031895 0.02698282910874898
0 0.698405253283302 0.6287816843826656 0.021575984990619138 0.017988552739165987
0 0.0473733583489681 0.6418642681929682 0.04596622889305816 0.0964840556009812
0 0.09380863039399624 0.6443172526573998 0.0450281425891182 0.09811937857726902
0 0.1472795497185741 0.6459525756336877 0.05628517823639775 0.10302534750613246
0 0.24202626641651032 0.6443172526573998 0.1125703564727955 0.019623875715453803
0 0.22373358348968106 0.6238757154538022 0.021575984990619138 0.024529844644317254
0 0.19793621013133209 0.6242845461978741 0.02626641651031895 0.05478331970564186
0 0.24202626641651032 0.607113654946852 0.1050656660412758 0.023712183156173343
0 0.32035647279549717 0.6418642681929682 0.04971857410881801 0.07686017988552739
0 0.3100375234521576 0.7101390024529844 0.036585365853658534 0.06132461161079313
0 0.23311444652908067 0.7027800490596893 0.025328330206378986 0.044971381847914965
0 0.20403377110694185 0.6995094031071136 0.02345215759849906 0.044971381847914965
0 0.19136960600375236 0.7011447260834015 0.01876172607879925 0.04660670482420278
0 0.22326454033771106 0.7134096484055601 0.1200750469043152 0.017170891251022075
0 0.2270168855534709 0.6950122649223222 0.11819887429643527 0.019623875715453803
0 0.2321763602251407 0.6741618969746525 0.1303939962476548 0.022076860179885527
0 0.22373358348968106 0.7309893704006541 0.11913696060037524 0.017988552739165987
0 0.3808630393996248 0.6132461161079313 0.05065666041275797 0.06050695012264922
0 0.41885553470919323 0.6148814390842191 0.11538461538461539 0.035977105478331974
0 0.3888367729831144 0.679067865903516 0.09099437148217636 0.059689288634505316
0 0.41369606003752346 0.6827473426001636 0.08442776735459662 0.07522485690923958
0 0.42213883677298314 0.7350776778413737 0.1050656660412758 0.10302534750613246
0 0.4090056285178236 0.7330335241210139 0.1125703564727955 0.04987735077677841
0 0.5909943714821764 0.6847914963205233 0.05065666041275797 0.04660670482420278
0 0.5867729831144465 0.7207686017988553 0.05909943714821764 0.04660670482420278
0 0.5234521575984991 0.6839738348323794 0.039399624765478425 0.0482420278004906
0 0.5586303939962477 0.7187244480784954 0.040337711069418386 0.10139002452984465
0 0.5356472795497186 0.7342600163532298 0.0300187617260788 0.02616516762060507
0 0.5154784240150094 0.7121831561733443 0.040337711069418386 0.03107113654946852
0 0.7213883677298312 0.6647587898609976 0.07879924953095685 0.07522485690923958
0 0.6665103189493433 0.6811120196238757 0.06848030018761726 0.05233033524121014
0 0.7223264540337712 0.7269010629599346 0.08442776735459662 0.0866721177432543
0 0.6655722326454033 0.722403924775143 0.05347091932457786 0.05151267375306623
0 0.6177298311444653 0.7060506950122649 0.055347091932457786 0.028618152085036794
0 0.6969981238273921 0.6762060506950123 0.0375234521575985 0.011447260834014717
0 0.6918386491557224 0.7023712183156173 0.038461538461538464 0.011447260834014717
0 0.6904315196998124 0.7183156173344235 0.03564727954971857 0.01553556827473426
0 0.6969981238273921 0.6917416189697465 0.0450281425891182 0.013082583810302535
0 0.8864915572232646 0.6978740801308259 0.039399624765478425 0.08421913327882256
0 0.8348968105065666 0.705641864268193 0.028142589118198873 0.09484873262469337
0 0.8180112570356473 0.7755519215044971 0.08067542213883677 0.05151267375306623
0 0.8930581613508443 0.7624693376941946 0.07692307692307693 0.06132461161079313
0 0.9066604127579737 0.7273098937040066 0.027204502814258912 0.022076860179885527
0 0.9113508442776735 0.7011447260834015 0.03283302063789869 0.03188879803761243
0 0.9155722326454033 0.6745707277187244 0.03189493433395872 0.027800490596892886
0 0.7987804878048781 0.7518397383483238 0.017823639774859287 0.017170891251022075
0 0.8072232645403377 0.7395748160261651 0.027204502814258912 0.017170891251022075
0 0.799249530956848 0.7228127555192151 0.03189493433395872 0.016353229762878167
0 0.8020637898686679 0.7085036794766967 0.03189493433395872 0.02044153720359771
0 0.8020637898686679 0.6913327882256746 0.0375234521575985 0.025347506132461162
0 0.801594746716698 0.6762060506950123 0.029080675422138838 0.027800490596892886
0 0.800187617260788 0.6602616516762061 0.03377110694183865 0.02044153720359771
0 0.8630393996247655 0.6778413736713 0.02626641651031895 0.016353229762878167
0 0.8560037523452158 0.7003270645952575 0.04221388367729831 0.03025347506132461
0 0.8691369606003753 0.7338511856091579 0.02345215759849906 0.03025347506132461
0 0.8728893058161351 0.7085036794766967 0.021575984990619138 0.022076860179885527
0 0.8527204502814258 0.7166802943581357 0.028142589118198873 0.02698282910874898
0 0.8480300187617261 0.7330335241210139 0.028142589118198873 0.033524121013900246
0 0.17636022514071295 0.8454619787408013 0.04878048780487805 0.10302534750613246
0 0.14634146341463414 0.7878168438266557 0.0675422138836773 0.023712183156173343
0 0.1374296435272045 0.8675388389206868 0.029080675422138838 0.016353229762878167
0 0.1374296435272045 0.8299264104660671 0.03095684803001876 0.011447260834014717
0 0.13883677298311445 0.8434178250204415 0.03189493433395872 0.012264922322158627
0 0.13883677298311445 0.8540474243663123 0.0300187617260788 0.012264922322158627
0 0.28142589118198874 0.7923139820114473 0.07879924953095685 0.019623875715453803
0 0.34380863039399623 0.8475061324611611 0.04221388367729831 0.10057236304170074
0 0.2865853658536585 0.8777596075224857 0.08911819887429644 0.03679476696647588
0 0.24906191369606004 0.8286999182338511 0.03095684803001876 0.07604251839738348
