0 0.15066666666666667 0.7054026503567788 0.11466666666666667 0.18144750254842
0 0.31866666666666665 0.7074413863404689 0.216 0.17737003058103976
0 0.4713333333333333 0.7130479102956168 0.12933333333333333 0.17227319062181448
0 0.6313333333333333 0.6804281345565749 0.20933333333333334 0.10295616717635066
0 0.8433333333333334 0.6732925586136596 0.236 0.09683995922528033
0 0.7453333333333333 0.762487257900102 0.36 0.10601427115188583
0 0.24933333333333332 0.8598369011213048 0.18933333333333333 0.12130479102956167
0 0.428 0.8827726809378186 0.17866666666666667 0.11213047910295616
0 0.656 0.8771661569826708 0.10133333333333333 0.10703363914373089
0 0.288 0.527013251783894 0.39466666666666667 0.15902140672782875
0 0.5413333333333333 0.5326197757390418 0.16533333333333333 0.15188583078491336
0 0.6886666666666666 0.528032619775739 0.16666666666666666 0.17737003058103976
0 0.87 0.5346585117227319 0.20133333333333334 0.1600407747196738
0 0.414 0.07033639143730887 0.15333333333333332 0.10397553516819572
0 0.5913333333333334 0.07186544342507645 0.19866666666666666 0.10091743119266056
0 0.422 0.1875637104994903 0.212 0.12028542303771661
0 0.43533333333333335 0.9561671763506626 0.11066666666666666 0.07951070336391437
0 0.5386666666666666 0.9658511722731906 0.13333333333333333 0.06422018348623854
0 0.646 0.9658511722731906 0.08666666666666667 0.05606523955147808
0 0.7986666666666666 0.9271151885830785 0.18933333333333333 0.1111111111111111
0 0.7533333333333333 0.18654434250764526 0.304 0.11824668705402651
