0 0.454 0.10040774719673802 0.276 0.10499490316004077
0 0.722 0.11416921508664628 0.15333333333333332 0.1019367991845056
0 0.17333333333333334 0.22477064220183487 0.21866666666666668 0.11926605504587157
0 0.638 0.5259938837920489 0.39066666666666666 0.17737003058103976
0 0.3273333333333333 0.5382262996941896 0.228 0.17329255861365953
0 0.15 0.5244648318042814 0.09466666666666666 0.18042813455657492
0 0.7293333333333333 0.25688073394495414 0.24266666666666667 0.1671763506625892
0 0.702 0.37716615698267075 0.284 0.12028542303771661
0 0.42733333333333334 0.3425076452599388 0.2786666666666667 0.11416921508664628
0 0.196 0.35117227319062183 0.19733333333333333 0.11314984709480122
0 0.6006666666666667 0.7329255861365953 0.22533333333333333 0.1529051987767584
0 0.7933333333333333 0.7166156982670744 0.10133333333333333 0.1345565749235474
0 0.8466666666666667 0.817533129459735 0.22933333333333333 0.15698267074413863
0 0.6 0.8547400611620795 0.264 0.09683995922528033
0 0.402 0.22273190621814476 0.252 0.12945973496432212
0 0.558 0.2252803261977574 0.10266666666666667 0.0856269113149847
0 0.18666666666666668 0.11671763506625892 0.16 0.10091743119266056
0 0.886 0.25688073394495414 0.11066666666666666 0.12232415902140673
0 0.17466666666666666 0.6880733944954128 0.18933333333333333 0.11213047910295616
0 0.37 0.719164118246687 0.24133333333333334 0.14984709480122324
0 0.38 0.8409785932721713 0.184 0.08970438328236494
