0 0.5131494547787043 0.11009174311926606 0.09108402822322001 0.09960681520314547
0 0.6337395766516998 0.11238532110091744 0.09621552277100706 0.10157273918741809
0 0.7200128287363695 0.11598951507208388 0.09942270686337396 0.09436435124508519
0 0.5747273893521488 0.2080602883355177 0.12957023733162285 0.07929226736566186
0 0.5468248877485568 0.3722149410222805 0.13149454778704298 0.12057667103538663
0 0.6776779987171264 0.44200524246395806 0.1302116741500962 0.09501965923984272
0 0.8194355355997435 0.44102228047182174 0.07889672867222579 0.09698558322411534
0 0.8518280949326491 0.25851900393184796 0.09621552277100706 0.062254259501965926
0 0.935856318152662 0.27096985583224115 0.05259781911481719 0.07404980340760157
0 0.8871071199486851 0.17463958060288334 0.13983322642719692 0.13564875491480996
0 0.886144964720975 0.36959370904325034 0.1597177677998717 0.11009174311926606
0 0.6693393200769724 0.21887287024901703 0.07889672867222579 0.12057667103538663
0 0.7536882617062219 0.2375491480996068 0.10647851186658114 0.08322411533420708
