0 0.12876157407407407 0.11857825567502987 0.10358796296296297 0.0961768219832736
0 0.2690972222222222 0.05585424133811231 0.1400462962962963 0.06391875746714457
0 0.25925925925925924 0.13231780167264037 0.14699074074074073 0.1033452807646356
0 0.3851273148148148 0.05824372759856631 0.061921296296296294 0.08661887694145759
0 0.48466435185185186 0.052270011947431305 0.11979166666666667 0.0985663082437276
0 0.5940393518518519 0.056451612903225805 0.06886574074074074 0.08303464755077658
0 0.3654513888888889 0.14456391875746716 0.05497685185185185 0.05854241338112306
0 0.4461805555555556 0.14994026284348866 0.09375 0.0931899641577061
0 0.5321180555555556 0.15053763440860216 0.0920138888888889 0.09438470728793309
0 0.5972222222222222 0.14814814814814814 0.04513888888888889 0.0967741935483871
0 0.6452546296296297 0.1436678614097969 0.056712962962962965 0.09498207885304659
0 0.3541666666666667 0.260752688172043 0.06018518518518518 0.09498207885304659
0 0.4201388888888889 0.26015531660692953 0.07523148148148148 0.0961768219832736
0 0.4771412037037037 0.25477897252090803 0.05150462962962963 0.06869772998805257
0 0.5436921296296297 0.26583034647550774 0.08854166666666667 0.10513739545997611
0 0.6400462962962963 0.22640382317801672 0.0798611111111111 0.06690561529271206
0 0.6339699074074074 0.30734767025089604 0.08854166666666667 0.09498207885304659
0 0.48726851851851855 0.37992831541218636 0.10532407407407407 0.06690561529271206
0 0.05873842592592592 0.3826164874551971 0.08969907407407407 0.1033452807646356
0 0.203125 0.37992831541218636 0.16898148148148148 0.0979689366786141
0 0.15248842592592593 0.46624850657108724 0.1568287037037037 0.08781362007168458
0 0.27025462962962965 0.4507168458781362 0.09837962962962964 0.06033452807646356
0 0.2708333333333333 0.49731182795698925 0.09375 0.05675029868578255
0 0.07465277777777778 0.5797491039426523 0.11226851851851852 0.11529271206690561
0 0.1791087962962963 0.5755675029868578 0.10011574074074074 0.09020310633213859
0 0.2769097222222222 0.5833333333333334 0.0920138888888889 0.07706093189964158
0 0.06626157407407407 0.6747311827956989 0.08159722222222222 0.05675029868578255
0 0.2199074074074074 0.6798088410991637 0.19675925925925927 0.08243727598566308
0 0.12239583333333333 0.8306451612903226 0.11863425925925926 0.06033452807646356
0 0.3845486111111111 0.38082437275985664 0.11863425925925926 0.07108721624850657
0 0.6090856481481481 0.38410991636798086 0.1440972222222222 0.06690561529271206
0 0.40219907407407407 0.5427120669056152 0.08680555555555555 0.09498207885304659
0 0.5549768518518519 0.53584229390681 0.15856481481481483 0.07765830346475508
0 0.43287037037037035 0.6194743130227002 0.20833333333333334 0.08602150537634409
0 0.6059027777777778 0.6212664277180406 0.14351851851851852 0.1003584229390681
0 0.5630787037037037 0.7144563918757467 0.21180555555555555 0.0931899641577061
0 0.7219328703703703 0.4292114695340502 0.0920138888888889 0.09498207885304659
0 0.8420138888888888 0.42054958183990443 0.10185185185185185 0.08124253285543608
0 0.9421296296296297 0.4124850657108722 0.10185185185185185 0.08303464755077658
0 0.7063078703703703 0.5648148148148148 0.05613425925925926 0.07825567502986858
0 0.9114583333333334 0.7204301075268817 0.09490740740740741 0.0967741935483871
0 0.7268518518518519 0.820489844683393 0.11689814814814815 0.06869772998805257
0 0.8278356481481481 0.8160095579450418 0.09895833333333333 0.053763440860215055
0 0.9215856481481481 0.8100358422939068 0.0920138888888889 0.05854241338112306
0 0.7644675925925926 0.24372759856630824 0.06481481481481481 0.06332138590203107
0 0.8961226851851852 0.245221027479092 0.1753472222222222 0.09498207885304659
0 0.7569444444444444 0.32646356033452806 0.14699074074074073 0.0985663082437276
0 0.890625 0.32108721624850656 0.08333333333333333 0.08422939068100359
0 0.7060185185185185 0.24283154121863798 0.041666666666666664 0.05913978494623656
0 0.6927083333333334 0.056451612903225805 0.04513888888888889 0.04838709677419355
0 0.7618634259259259 0.06451612903225806 0.08391203703703703 0.05017921146953405
0 0.7609953703703703 0.6367980884109916 0.16898148148148148 0.06690561529271206
0 0.4620949074074074 0.4444444444444444 0.1556712962962963 0.08960573476702509
0 0.5732060185185185 0.4584826762246117 0.08391203703703703 0.07228195937873358
0 0.6458333333333334 0.4626642771804062 0.06481481481481481 0.09498207885304659
0 0.13136574074074073 0.21505376344086022 0.16898148148148148 0.06332138590203107
0 0.26591435185185186 0.9121863799283154 0.10358796296296297 0.07048984468339307
0 0.7708333333333334 0.5666069295101553 0.07291666666666667 0.07347670250896057
0 0.8234953703703703 0.5710872162485066 0.03819444444444445 0.06810035842293907
0 0.8912037037037037 0.5893070489844683 0.04398148148148148 0.05913978494623656
0 0.9571759259259259 0.5940860215053764 0.06712962962962964 0.05913978494623656
0 0.9143518518518519 0.48148148148148145 0.12384259259259259 0.07287933094384708
0 0.34346064814814814 0.5292712066905615 0.043402777777777776 0.053763440860215055
0 0.14438657407407407 0.748805256869773 0.13831018518518517 0.08303464755077658
0 0.26157407407407407 0.7526881720430108 0.11342592592592593 0.08243727598566308
0 0.7300347222222222 0.8853046594982079 0.13020833333333334 0.07646356033452807
0 0.8365162037037037 0.8664874551971327 0.08391203703703703 0.07825567502986858
0 0.9059606481481481 0.8736559139784946 0.05960648148148148 0.06630824372759857
0 0.6053240740740741 0.8393070489844683 0.12384259259259259 0.06571087216248507
0 0.4088541666666667 0.7278972520908005 0.07465277777777778 0.04958183990442055
0 0.4866898148148148 0.8067502986857825 0.21296296296296297 0.1057347670250896
0 0.26707175925925924 0.2216248506571087 0.11516203703703703 0.06571087216248507
0 0.2271412037037037 0.27598566308243727 0.18113425925925927 0.07646356033452807
0 0.7201967592592593 0.10663082437275985 0.07928240740740741 0.05316606929510155
0 0.7372685185185185 0.13620071684587814 0.12268518518518519 0.10752688172043011
0 0.8287037037037037 0.13530465949820789 0.07523148148148148 0.10215053763440861
0 0.5451388888888888 0.9100955794504182 0.16087962962962962 0.07228195937873358
0 0.3871527777777778 0.9169653524492234 0.12268518518518519 0.0955794504181601
0 0.5648148148148148 0.9650537634408602 0.19444444444444445 0.07228195937873358
0 0.16116898148148148 0.9136798088410991 0.109375 0.1033452807646356
