0 0.6580739299610895 0.2953216374269006 0.23443579766536965 0.14035087719298245
0 0.8618677042801557 0.2909356725146199 0.16926070038910507 0.13742690058479531
0 0.8346303501945526 0.1684941520467836 0.13813229571984437 0.11330409356725146
0 0.4693579766536965 0.2781432748538012 0.14688715953307394 0.12646198830409358
0 0.31955252918287935 0.722953216374269 0.19552529182879377 0.10818713450292397
0 0.16001945525291827 0.29203216374269003 0.2850194552529183 0.14985380116959066
0 0.23686770428015563 0.10416666666666667 0.3103112840466926 0.14985380116959066
0 0.14056420233463035 0.45394736842105265 0.259727626459144 0.16374269005847952
0 0.07149805447470817 0.5858918128654971 0.12159533073929961 0.08991228070175439
0 0.08852140077821012 0.7174707602339181 0.1517509727626459 0.08114035087719298
0 0.08754863813229571 0.8391812865497076 0.0933852140077821 0.08625730994152046
0 0.4406614785992218 0.44883040935672514 0.301556420233463 0.14619883040935672
0 0.6590466926070039 0.44846491228070173 0.14688715953307394 0.15570175438596492
0 0.24270428015564202 0.8435672514619883 0.1566147859922179 0.12573099415204678
0 0.4051556420233463 0.8505116959064327 0.18385214007782102 0.12207602339181287
0 0.8448443579766537 0.44261695906432746 0.1857976653696498 0.12792397660818713
0 0.3239299610894942 0.5946637426900585 0.2178988326848249 0.1337719298245614
0 0.541828793774319 0.5946637426900585 0.23735408560311283 0.1337719298245614
0 0.7675097276264592 0.5935672514619883 0.22568093385214008 0.1388888888888889
0 0.9357976653696498 0.5869883040935673 0.09533073929961089 0.12134502923976608
0 0.5131322957198443 0.7225877192982456 0.14883268482490272 0.11038011695906433
0 0.6488326848249028 0.7233187134502924 0.13813229571984437 0.1118421052631579
0 0.816147859922179 0.7134502923976608 0.1926070038910506 0.11842105263157894
0 0.9649805447470817 0.4440789473684211 0.07392996108949416 0.12207602339181287
0 0.7587548638132295 0.07894736842105263 0.29571984435797666 0.1154970760233918
0 0.49464980544747084 0.0668859649122807 0.23832684824902725 0.1074561403508772
0 0.17071984435797666 0.9287280701754386 0.14494163424124515 0.07383040935672515
0 0.426556420233463 0.9586988304093568 0.25583657587548636 0.08114035087719298
