0 0.5771230502599654 0.0570409982174688 0.06412478336221837 0.06951871657754011
0 0.5645580589254766 0.6283422459893048 0.0684575389948007 0.11229946524064172
0 0.08362218370883882 0.3195187165775401 0.07365684575389948 0.08823529411764706
0 0.2530329289428076 0.5926916221033868 0.3951473136915078 0.13725490196078433
0 0.3141247833622184 0.821301247771836 0.3578856152512998 0.11497326203208556
0 0.6772097053726169 0.07263814616755793 0.134315424610052 0.09358288770053476
0 0.2902946273830156 0.0748663101604278 0.15771230502599654 0.0748663101604278
0 0.4376083188908146 0.06729055258467023 0.1317157712305026 0.10249554367201426
0 0.21143847487001732 0.3204099821746881 0.16291161178509533 0.14171122994652408
0 0.5649913344887348 0.32219251336898397 0.07105719237435008 0.08645276292335116
0 0.30285961871750433 0.17647058823529413 0.22616984402079723 0.1568627450980392
0 0.7006065857885615 0.3449197860962567 0.21403812824956672 0.16042780748663102
0 0.858318890814558 0.3605169340463458 0.1169844020797227 0.17379679144385027
0 0.958838821490468 0.37344028520499106 0.08752166377816291 0.1622103386809269
0 0.8474870017331022 0.5098039215686274 0.16984402079722705 0.15151515151515152
0 0.6897746967071057 0.6506238859180036 0.14904679376083188 0.16042780748663102
0 0.29246100519930673 0.698306595365419 0.17590987868284227 0.13279857397504458
0 0.4324090121317158 0.7072192513368984 0.09705372616984402 0.14349376114081996
0 0.8123916811091855 0.6599821746880571 0.12564991334488734 0.14884135472370766
0 0.9285095320623917 0.6675579322638147 0.12391681109185441 0.13903743315508021
0 0.8613518197573656 0.22014260249554368 0.15771230502599654 0.1140819964349376
0 0.39601386481802425 0.339126559714795 0.15077989601386482 0.12745098039215685
0 0.7980935875216638 0.09759358288770054 0.10051993067590988 0.09001782531194295
0 0.4475736568457539 0.4763814616755793 0.1412478336221837 0.15062388591800357
0 0.28812824956672445 0.9131016042780749 0.18457538994800693 0.12032085561497326
0 0.43327556325823224 0.9376114081996435 0.11611785095320624 0.11051693404634581
0 0.207105719237435 0.45989304812834225 0.36048526863084923 0.1836007130124777
0 0.4558058925476603 0.19340463458110516 0.11091854419410745 0.14260249554367202
