0 0.5837867247007617 0.6591989137813985 0.16866158868335146 0.12355736591989137
0 0.8101196953210011 0.664969450101833 0.2687704026115343 0.11880515953835709
0 0.42274211099020675 0.6578411405295316 0.17301414581066377 0.1208418194161575
0 0.2236126224156692 0.5319076714188731 0.4102285092491839 0.11608961303462322
0 0.8852013057671382 0.5502376103190767 0.09249183895538629 0.11880515953835709
0 0.6294885745375408 0.5437881873727087 0.41240478781284007 0.131704005431093
0 0.26387377584330796 0.4137813985064494 0.2687704026115343 0.12830957230142567
0 0.5070729053318824 0.4212491513917176 0.24156692056583243 0.12695179904955872
0 0.17736670293797607 0.6571622539035981 0.3177366702937976 0.11541072640868975
0 0.08759521218715996 0.4093686354378819 0.1251360174102285 0.12491513917175831
0 0.6942328618063112 0.4222674813306178 0.1458106637649619 0.12763068567549218
0 0.8558215451577802 0.4256619144602851 0.2100108813928183 0.12763068567549218
