0 0.19242125984251968 0.13059701492537312 0.18208661417322836 0.11492537313432835
0 0.08316929133858268 0.33917910447761196 0.1309055118110236 0.141044776119403
0 0.06446850393700787 0.5522388059701493 0.12303149606299213 0.15074626865671642
0 0.3828740157480315 0.10783582089552239 0.14566929133858267 0.09477611940298507
0 0.25688976377952755 0.33619402985074626 0.1515748031496063 0.09776119402985074
0 0.6028543307086615 0.11828358208955224 0.2588582677165354 0.13656716417910447
0 0.4749015748031496 0.31902985074626866 0.2844488188976378 0.16343283582089552
0 0.5792322834645669 0.7052238805970149 0.12106299212598425 0.16119402985074627
0 0.8257874015748031 0.12388059701492538 0.1889763779527559 0.13134328358208955
0 0.08710629921259842 0.7201492537313433 0.17421259842519685 0.08955223880597014
0 0.35039370078740156 0.7369402985074627 0.3661417322834646 0.20522388059701493
0 0.41437007874015747 0.5268656716417911 0.16535433070866143 0.1
0 0.6747047244094488 0.5186567164179104 0.390748031496063 0.14776119402985075
0 0.5664370078740157 0.9048507462686567 0.22539370078740156 0.1619402985074627
0 0.7667322834645669 0.3003731343283582 0.36220472440944884 0.1947761194029851
0 0.21653543307086615 0.5313432835820896 0.16535433070866143 0.14626865671641792
0 0.25984251968503935 0.5417910447761194 0.12007874015748031 0.06417910447761194
0 0.3494094488188976 0.8932835820895523 0.2283464566929134 0.12835820895522387
0 0.14714566929133857 0.8884328358208955 0.09547244094488189 0.08432835820895522
0 0.16633858267716536 0.1582089552238806 0.07283464566929133 0.03582089552238806
0 0.23228346456692914 0.11156716417910448 0.05905511811023622 0.033582089552238806
0 0.1638779527559055 0.11716417910447761 0.0639763779527559 0.03134328358208955
0 0.3700787401574803 0.12388059701492538 0.0984251968503937 0.022388059701492536
0 0.3690944881889764 0.10111940298507463 0.09645669291338582 0.03805970149253731
0 0.4389763779527559 0.10223880597014925 0.027559055118110236 0.03731343283582089
0 0.7140748031496063 0.1041044776119403 0.03051181102362205 0.06791044776119402
0 0.6422244094488189 0.16082089552238807 0.09350393700787402 0.024626865671641792
0 0.5024606299212598 0.11231343283582089 0.03051181102362205 0.06044776119402985
0 0.5354330708661418 0.09291044776119403 0.07283464566929133 0.017164179104477612
0 0.5393700787401575 0.11940298507462686 0.08661417322834646 0.020895522388059702
0 0.6018700787401575 0.10522388059701493 0.022637795275590553 0.049253731343283584
0 0.6422244094488189 0.07350746268656716 0.10925196850393701 0.03208955223880597
0 0.6432086614173228 0.10970149253731343 0.022637795275590553 0.041791044776119404
0 0.6815944881889764 0.10597014925373134 0.022637795275590553 0.04328358208955224
0 0.7603346456692913 0.1537313432835821 0.0797244094488189 0.05373134328358209
0 0.7691929133858267 0.09291044776119403 0.060039370078740155 0.057462686567164176
0 0.7987204724409449 0.15559701492537314 0.038385826771653545 0.015671641791044775
0 0.7933070866141733 0.13582089552238805 0.045275590551181105 0.014925373134328358
0 0.7903543307086615 0.11977611940298508 0.04330708661417323 0.015671641791044775
0 0.7878937007874016 0.10223880597014925 0.04232283464566929 0.01791044776119403
0 0.8464566929133859 0.09328358208955224 0.07283464566929133 0.022388059701492536
0 0.844488188976378 0.10708955223880597 0.05511811023622047 0.012686567164179104
0 0.8494094488188977 0.12014925373134329 0.0610236220472441 0.011940298507462687
0 0.8513779527559056 0.13507462686567165 0.05708661417322835 0.011940298507462687
0 0.8494094488188977 0.15186567164179104 0.04921259842519685 0.012686567164179104
0 0.11614173228346457 0.3123134328358209 0.04133858267716536 0.03507462686567164
0 0.06200787401574803 0.32313432835820893 0.03937007874015748 0.03134328358208955
0 0.05167322834645669 0.37723880597014925 0.05216535433070866 0.04552238805970149
0 0.31299212598425197 0.3283582089552239 0.02952755905511811 0.041791044776119404
0 0.24163385826771652 0.32350746268656716 0.10728346456692914 0.033582089552238806
0 0.2421259842519685 0.34813432835820896 0.1062992125984252 0.03208955223880597
0 0.20423228346456693 0.3492537313432836 0.024606299212598427 0.050746268656716415
0 0.5664370078740157 0.2966417910447761 0.03641732283464567 0.09328358208955224
0 0.5501968503937008 0.31044776119402984 0.02952755905511811 0.07761194029850746
0 0.5216535433070866 0.3111940298507463 0.023622047244094488 0.06865671641791045
0 0.4862204724409449 0.3126865671641791 0.025590551181102362 0.06417910447761194
0 0.5098425196850394 0.2708955223880597 0.07480314960629922 0.026865671641791045
0 0.5329724409448819 0.3597014925373134 0.06594488188976377 0.020895522388059702
0 0.4015748031496063 0.30522388059701494 0.11023622047244094 0.022388059701492536
0 0.35334645669291337 0.32238805970149254 0.015748031496062992 0.022388059701492536
0 0.406003937007874 0.3358208955223881 0.11515748031496063 0.026865671641791045
0 0.656003937007874 0.23619402985074628 0.1171259842519685 0.04552238805970149
0 0.6427165354330708 0.26977611940298507 0.051181102362204724 0.04552238805970149
0 0.655511811023622 0.31082089552238806 0.08070866141732283 0.03507462686567164
0 0.04675196850393701 0.5227611940298508 0.038385826771653545 0.04402985074626865
0 0.09990157480314961 0.5268656716417911 0.040354330708661415 0.04029850746268657
0 0.0531496062992126 0.5850746268656717 0.04921259842519685 0.04328358208955224
0 0.18405511811023623 0.5354477611940298 0.04330708661417323 0.11865671641791045
0 0.22785433070866143 0.48656716417910445 0.11122047244094488 0.025373134328358207
0 0.2829724409448819 0.5410447761194029 0.05019685039370079 0.04029850746268657
0 0.22293307086614172 0.5451492537313433 0.040354330708661415 0.03805970149253731
0 0.3661417322834646 0.5354477611940298 0.031496062992125984 0.08283582089552238
0 0.4704724409448819 0.525 0.031496062992125984 0.05447761194029851
0 0.40551181102362205 0.5138059701492538 0.10433070866141732 0.027611940298507463
0 0.4079724409448819 0.5421641791044776 0.10925196850393701 0.030597014925373135
0 0.8238188976377953 0.5152985074626866 0.03937007874015748 0.057462686567164176
0 0.7317913385826772 0.5055970149253731 0.13681102362204725 0.03507462686567164
0 0.7160433070866141 0.539179104477612 0.12893700787401574 0.03955223880597015
0 0.5388779527559056 0.5149253731343284 0.07381889763779527 0.03582089552238806
0 0.6122047244094488 0.5134328358208955 0.08267716535433071 0.07313432835820896
0 0.1500984251968504 0.7231343283582089 0.024606299212598427 0.029850746268656716
0 0.08956692913385826 0.7085820895522388 0.09251968503937008 0.024626865671641792
0 0.0984251968503937 0.7373134328358208 0.08661417322834646 0.022388059701492536
0 0.04773622047244094 0.7179104477611941 0.058070866141732284 0.07164179104477612
0 0.47588582677165353 0.6917910447761194 0.05216535433070866 0.09402985074626866
0 0.4463582677165354 0.7925373134328358 0.12106299212598425 0.023880597014925373
0 0.39812992125984253 0.6604477611940298 0.10531496062992125 0.029850746268656716
0 0.3720472440944882 0.7298507462686568 0.04330708661417323 0.1208955223880597
0 0.1934055118110236 0.7264925373134329 0.04232283464566929 0.03507462686567164
0 0.2204724409448819 0.7268656716417911 0.04921259842519685 0.034328358208955224
0 0.19242125984251968 0.689179104477612 0.03641732283464567 0.03208955223880597
0 0.2062007874015748 0.8167910447761194 0.054133858267716536 0.03208955223880597
0 0.35482283464566927 0.8037313432835821 0.04429133858267716 0.04029850746268657
0 0.32677165354330706 0.8126865671641791 0.03543307086614173 0.025373134328358207
0 0.2076771653543307 0.7828358208955224 0.0610236220472441 0.04626865671641791
0 0.2249015748031496 0.7832089552238806 0.040354330708661415 0.03208955223880597
0 0.25541338582677164 0.7828358208955224 0.040354330708661415 0.03134328358208955
0 0.24655511811023623 0.7291044776119403 0.04625984251968504 0.03283582089552239
0 0.2623031496062992 0.732089552238806 0.038385826771653545 0.034328358208955224
0 0.34596456692913385 0.7205223880597015 0.0344488188976378 0.03208955223880597
0 0.2839566929133858 0.733955223880597 0.038385826771653545 0.030597014925373135
0 0.31151574803149606 0.7276119402985075 0.0344488188976378 0.029850746268656716
0 0.23080708661417323 0.6902985074626866 0.0344488188976378 0.025373134328358207
0 0.3095472440944882 0.6824626865671641 0.04625984251968504 0.026119402985074626
0 0.281003937007874 0.7787313432835821 0.04429133858267716 0.024626865671641792
0 0.3218503937007874 0.7649253731343284 0.03740157480314961 0.023880597014925373
0 0.15649606299212598 0.8824626865671642 0.06496062992125984 0.07985074626865672
0 0.297244094488189 0.8723880597014926 0.09251968503937008 0.05373134328358209
0 0.3735236220472441 0.8634328358208955 0.054133858267716536 0.04029850746268657
0 0.42618110236220474 0.8652985074626866 0.051181102362204724 0.05298507462686567
0 0.2824803149606299 0.9182835820895522 0.05708661417322835 0.04402985074626865
0 0.359251968503937 0.9253731343283582 0.0688976377952756 0.04626865671641791
0 0.5270669291338582 0.9496268656716418 0.0265748031496063 0.04552238805970149
0 0.6013779527559056 0.9343283582089552 0.031496062992125984 0.04626865671641791
0 0.5757874015748031 0.9376865671641791 0.03543307086614173 0.05149253731343283
0 0.5551181102362205 0.9455223880597015 0.027559055118110236 0.050746268656716415
0 0.5733267716535433 0.9130597014925373 0.18011811023622049 0.05149253731343283
0 0.5684055118110236 0.8947761194029851 0.18208661417322836 0.04029850746268657
0 0.5516732283464567 0.880223880597015 0.1702755905511811 0.03208955223880597
0 0.5487204724409449 0.8667910447761195 0.16633858267716536 0.024626865671641792
