0 0.5644787644787644 0.3614457831325301 0.16525096525096525 0.10671256454388985
0 0.5471042471042471 0.4853700516351119 0.1305019305019305 0.09523809523809523
0 0.6173745173745174 0.5869191049913941 0.09034749034749034 0.0963855421686747
0 0.7926640926640927 0.5952380952380952 0.22625482625482626 0.09466437177280551
0 0.523938223938224 0.5737234652897304 0.07181467181467181 0.05966724039013196
0 0.7027027027027027 0.06196213425129088 0.18841698841698842 0.10671256454388985
0 0.871042471042471 0.07487091222030981 0.16216216216216217 0.12564543889845095
0 0.7725868725868726 0.3367756741250717 0.2525096525096525 0.07343660355708548
0 0.7374517374517374 0.4804934021801492 0.22239382239382238 0.11302352266207688
0 0.9235521235521236 0.48479632816982215 0.15444015444015444 0.11130235226620769
0 0.9436293436293436 0.36316695352839934 0.10193050193050193 0.08261617900172118
0 0.727027027027027 0.16609294320137694 0.12432432432432433 0.09695926563396443
0 0.864092664092664 0.16494549627079746 0.1498069498069498 0.09236947791164658
0 0.8250965250965251 0.2507171543316122 0.24324324324324326 0.09294320137693632
0 0.527027027027027 0.18904188181296616 0.07644787644787644 0.05909351692484223
0 0.6131274131274131 0.18904188181296616 0.11274131274131274 0.07974756167527251
0 0.9532818532818533 0.5917957544463569 0.09652509652509653 0.09351692484222604
