0 0.3181169757489301 0.09407069555302167 0.20256776034236804 0.09692132269099202
0 0.5199714693295292 0.09920182440136831 0.18687589158345222 0.09350057012542759
0 0.18544935805991442 0.6271379703534777 0.1312410841654779 0.18015963511972635
0 0.29814550641940085 0.7890535917901939 0.28245363766048504 0.14823261117445838
0 0.5613409415121255 0.8004561003420753 0.21540656205420827 0.11174458380843785
0 0.2211126961483595 0.4606613454960091 0.21112696148359486 0.16647662485746864
0 0.761055634807418 0.161345496009122 0.3466476462196862 0.217787913340935
0 0.47788873038516405 0.4828962371721779 0.2796005706134094 0.15621436716077536
0 0.6562054208273894 0.5039908779931584 0.12268188302425106 0.13911060433295325
0 0.8024251069900142 0.6641961231470923 0.2268188302425107 0.13568985176738882
0 0.46790299572039945 0.6431014823261118 0.43366619115549215 0.1847206385404789
0 0.4215406562054208 0.2291904218928164 0.5349500713266762 0.1619156214367161
0 0.4037089871611983 0.31927023945267957 0.4079885877318117 0.12998859749144812
0 0.4714693295292439 0.9173318129988598 0.18972895863052783 0.11516533637400228
0 0.6868758915834522 0.8654503990877993 0.24679029957203993 0.10490307867730901
0 0.6825962910128388 0.9207525655644242 0.2582025677603424 0.08095781071835804
0 0.8516405135520685 0.8511972633979475 0.0884450784593438 0.11744583808437856
0 0.5228245363766049 0.9806157354618016 0.07845934379457917 0.027366020524515394
