0 0.6143497757847534 0.7518518518518519 0.19133034379671152 0.27111111111111114
0 0.30269058295964124 0.7422222222222222 0.4648729446935725 0.2903703703703704
0 0.819880418535127 0.7525925925925926 0.273542600896861 0.2548148148148148
0 0.14424514200298955 0.45925925925925926 0.2227204783258595 0.18074074074074073
0 0.2974588938714499 0.18518518518518517 0.2571001494768311 0.1985185185185185
0 0.5149476831091181 0.1725925925925926 0.26756352765321373 0.17629629629629628
0 0.7458893871449925 0.2074074074074074 0.18236173393124067 0.1451851851851852
0 0.8976083707025411 0.25703703703703706 0.13602391629297458 0.14962962962962964
0 0.7765321375186846 0.4666666666666667 0.10911808669656203 0.21037037037037037
0 0.49850523168908817 0.46 0.47085201793721976 0.2859259259259259
