0 0.5299860529986054 0.0689084895259096 0.35704323570432356 0.12899669239250275
0 0.1806136680613668 0.24366041896361632 0.18828451882845187 0.1918412348401323
0 0.22663877266387727 0.4151047409040794 0.15202231520223153 0.15545755237045203
0 0.5264993026499303 0.43054024255788315 0.12412831241283125 0.16648291069459759
0 0.40376569037656906 0.2348401323042999 0.26638772663877264 0.185226019845645
0 0.08926080892608089 0.4189636163175303 0.1087866108786611 0.11245865490628446
0 0.23221757322175732 0.902425578831312 0.31659693165969316 0.13340683572216097
0 0.3793584379358438 0.4217199558985667 0.1701534170153417 0.19294377067254687
0 0.4839609483960948 0.6047409040793826 0.7447698744769874 0.1444321940463065
0 0.7099023709902371 0.4355016538037486 0.2510460251046025 0.18302094818081588
0 0.6387726638772664 0.18908489525909591 0.22594142259414227 0.11797133406835722
0 0.8423988842398884 0.1874310915104741 0.19804741980474197 0.09922822491730982
0 0.795676429567643 0.2822491730981257 0.32217573221757323 0.12127894156560089
0 0.16596931659693165 0.7596471885336273 0.2398884239888424 0.15214994487320838
0 0.4121338912133891 0.7624035281146637 0.2580195258019526 0.15104740904079383
0 0.7050209205020921 0.7535832414553473 0.2859135285913529 0.15325248070562295
0 0.46234309623430964 0.912348401323043 0.14365411436541142 0.14002205071664828
0 0.698744769874477 0.8980154355016539 0.3291492329149233 0.16207276736493936
0 0.8821478382147838 0.45424476295479604 0.09902370990237098 0.14994487320837926
0 0.9644351464435147 0.47023153252480704 0.07391910739191074 0.11576626240352811
