0 0.21597222222222223 0.37933333333333336 0.19027777777777777 0.20933333333333334
0 0.8861111111111111 0.41733333333333333 0.13055555555555556 0.21866666666666668
0 0.6638888888888889 0.592 0.375 0.18933333333333333
0 0.68125 0.7626666666666667 0.2152777777777778 0.14133333333333334
0 0.18055555555555555 0.72 0.2916666666666667 0.15466666666666667
0 0.5347222222222222 0.38466666666666666 0.48333333333333334 0.22
0 0.24097222222222223 0.568 0.48194444444444445 0.224
0 0.43333333333333335 0.7626666666666667 0.18333333333333332 0.18933333333333333
0 0.1986111111111111 0.8973333333333333 0.15555555555555556 0.152
0 0.3909722222222222 0.9266666666666666 0.23194444444444445 0.13066666666666665
0 0.7125 0.9193333333333333 0.275 0.14266666666666666
