0 0.7418860992039191 0.49873976055450536 0.10716472749540723 0.11279143037177064
0 0.7351500306184936 0.32262129804662887 0.08266993263931414 0.11594202898550725
0 0.7274954072259645 0.07939508506616257 0.0747091243110839 0.10207939508506617
0 0.9032455603184323 0.4700693131695022 0.1837109614206981 0.07813484562066793
0 0.7917942437232088 0.8134845620667926 0.09552969993876301 0.06805293005671077
0 0.7767911818738518 0.9102079395085066 0.08144519289650949 0.06112161310649023
0 0.7082057562767912 0.8034026465028355 0.05572565829761176 0.06931316950220542
0 0.7069810165339865 0.9111531190926276 0.050826699326393145 0.074354127284184
0 0.04225352112676056 0.481411468178954 0.08083282302510716 0.12224322621298046
0 0.4102878138395591 0.8011972274732199 0.10900183710961421 0.11027095148078135
0 0.5725658297611758 0.7841839949590422 0.20943049601959585 0.09010712035286704
0 0.5753214941824862 0.40044108380592314 0.22106552357624004 0.07372400756143667
0 0.8692590324556032 0.1357908002520479 0.18922229026331905 0.08632640201638311
0 0.7721984078383344 0.21455576559546313 0.15921616656460502 0.09136735979836169
0 0.8196570728720147 0.6446124763705104 0.05695039804041641 0.08947700063011972
0 0.03306797305572566 0.3390044108380592 0.04041641151255358 0.06175173282923756
0 0.0747091243110839 0.333648393194707 0.037966932026944275 0.06490233144297416
0 0.3784445805266381 0.43383742911153117 0.0453153704837722 0.0661625708884688
0 0.5238824249846907 0.21581600504095777 0.21861604409063073 0.09640831758034027
0 0.7333129210042866 0.6493383742911153 0.09124311083894672 0.11279143037177064
0 0.8462951622780159 0.29678638941398866 0.09797917942437231 0.07183364839319471
0 0.9093692590324556 0.5497794580970384 0.11512553582363748 0.07750472589792061
0 0.5514390691977955 0.03465658475110271 0.10838946723821188 0.07057340894770006
0 0.10287813839559094 0.5403276622558286 0.0453153704837722 0.09010712035286704
0 0.48805878750765463 0.6379962192816635 0.11512553582363748 0.0661625708884688
0 0.469993876301286 0.8667296786389413 0.16472749540722598 0.07750472589792061
0 0.6093080220453154 0.8638941398865785 0.12737293325168403 0.08191556395715185
0 0.44121249234537663 0.4492753623188406 0.06674831598285365 0.11090107120352867
0 0.9237599510104103 0.6298046628859484 0.1475811390079608 0.07120352867044738
0 0.9078383343539498 0.8040327662255828 0.129210042865891 0.0945179584120983
0 0.6429883649724434 0.29174543163201005 0.07838334353949786 0.07057340894770006
0 0.11512553582363748 0.22022684310018903 0.1543172075933864 0.10270951480781348
0 0.18493570116350275 0.20163831127914303 0.08695652173913043 0.07057340894770006
0 0.29669320269442745 0.2066792690611216 0.1475811390079608 0.08947700063011972
0 0.28046540110226575 0.43572778827977315 0.1359461114513166 0.05986137366099559
0 0.20269442743417024 0.4549464398235665 0.1383955909369259 0.09073724007561437
0 0.19412124923453766 0.5425330812854442 0.1383955909369259 0.09073724007561437
0 0.30189834660134723 0.518588531821046 0.09552969993876301 0.06679269061121614
0 0.3279240661359461 0.5633270321361059 0.06184935701163503 0.07309388783868935
0 0.2774035517452541 0.6244486452425961 0.15554194733619106 0.0630119722747322
0 0.18646662584200857 0.6531190926275993 0.15125535823637476 0.1090107120352867
0 0.26240048989589715 0.7460617517328293 0.1879975505205144 0.1033396345305608
0 0.1233925290875689 0.7744171392564587 0.09859154929577464 0.12098298676748583
0 0.2669932639314146 0.8304977945809704 0.1702388242498469 0.09199747952110901
0 0.5404164115125536 0.4732199117832388 0.13533374157991426 0.074354127284184
0 0.6432945499081445 0.4675488342785129 0.07777097366809553 0.08947700063011972
0 0.432639314145744 0.13295526149968495 0.1316595223515003 0.074354127284184
0 0.8110838946723821 0.07120352867044738 0.10716472749540723 0.05040957781978576
0 0.14329454990814453 0.37208569628229365 0.10165339865278629 0.05986137366099559
0 0.1996325780771586 0.31096408317580343 0.14819350887936314 0.06994328922495274
0 0.26974892835272507 0.3676748582230624 0.15370483772198407 0.07498424700693132
0 0.03459889773423148 0.6474480151228733 0.05327617881200245 0.06364209199747953
0 0.05052051439069198 0.7561436672967864 0.04470300061236987 0.057971014492753624
0 0.59736680955297 0.05261499684940139 0.17942437232088182 0.10522999369880277
