0 0.12522202486678508 0.3464447806354009 0.17584369449378331 0.17851739788199697
0 0.3037300177619893 0.3237518910741301 0.1349911190053286 0.2178517397881997
0 0.4698046181172291 0.3275340393343419 0.18294849023090587 0.2042360060514372
0 0.19538188277087035 0.5801815431164902 0.1811722912966252 0.21633888048411498
0 0.29040852575488457 0.08925869894099848 0.1438721136767318 0.1361573373676248
0 0.48134991119005327 0.07715582450832073 0.2664298401420959 0.12708018154311648
0 0.7229129662522202 0.3290468986384266 0.3268206039076377 0.20121028744326777
0 0.5479573712255773 0.5544629349470499 0.5417406749555951 0.14069591527987896
0 0.15097690941385436 0.1550680786686838 0.1349911190053286 0.11649016641452345
0 0.7291296625222025 0.09909228441754916 0.2468916518650089 0.1649016641452345
