0 0.7908525754884547 0.725793327908869 0.08436944937833037 0.11391375101708706
0 0.6181172291296625 0.7282343368592351 0.23090586145648312 0.11879576891781937
0 0.06927175843694494 0.35028478437754274 0.08348134991119005 0.12286411716842961
0 0.07371225577264653 0.5687550854353133 0.06394316163410302 0.06834825061025224
0 0.5546181172291297 0.8624898291293734 0.1216696269982238 0.12042310821806347
0 0.7002664298401421 0.8588283157038242 0.17317939609236235 0.11798209926769732
0 0.8619005328596803 0.8372660699755899 0.15364120781527532 0.11716842961757526
0 0.5568383658969804 0.5850284784377543 0.12966252220248667 0.13506916192026036
0 0.7619893428063943 0.5829943043124491 0.2824156305506217 0.12937347436940602
0 0.9404973357015985 0.5777054515866559 0.07104795737122557 0.11879576891781937
0 0.5648312611012434 0.4422294548413344 0.13676731793960922 0.11960943856794141
0 0.7238010657193605 0.4401952807160293 0.1882770870337478 0.12855980471928397
0 0.900088809946714 0.4275834011391375 0.16785079928952043 0.11960943856794141
0 0.24733570159857904 0.21318144833197722 0.11989342806394317 0.14157851912123678
0 0.3969804618117229 0.21358828315703823 0.18650088809946713 0.13100081366965013
0 0.30595026642984013 0.47030105777054515 0.21047957371225579 0.10740439381611067
0 0.1993783303730018 0.5943856794141579 0.13765541740674955 0.13751017087062653
0 0.19449378330373002 0.7408462164361269 0.12078152753108348 0.13425549227013833
0 0.27486678507992895 0.9271765663140765 0.1714031971580817 0.11310008136696502
0 0.822380106571936 0.3209926769731489 0.1669626998223801 0.0951993490642799
0 0.6256660746003553 0.31855166802278273 0.23357015985790408 0.10333604556550041
0 0.3743339253996448 0.36126932465419037 0.20159857904085257 0.14483319772172498
0 0.1958259325044405 0.35842148087876324 0.17495559502664298 0.12449145646867373
0 0.08081705150976909 0.7168429617575265 0.11900532859680284 0.09926769731489016
0 0.4515985790408526 0.6314076484947111 0.07371225577264653 0.09113100081366965
0 0.3321492007104796 0.5858421480878763 0.16873889875666073 0.08299430431244914
0 0.41651865008880995 0.549633848657445 0.12788632326820604 0.06265256305939788
0 0.327708703374778 0.7339300244100895 0.15985790408525755 0.10740439381611067
0 0.3210479573712256 0.8193653376729048 0.14653641207815277 0.09438567941415785
0 0.4391651865008881 0.80553295362083 0.10213143872113677 0.14646053702196907
