0 0.3930232558139535 0.07008928571428572 0.29534883720930233 0.10625
0 0.3784883720930233 0.36339285714285713 0.19883720930232557 0.11785714285714285
0 0.6 0.36339285714285713 0.2255813953488372 0.15
0 0.8151162790697675 0.3549107142857143 0.2 0.09196428571428572
0 0.1877906976744186 0.36964285714285716 0.22441860465116278 0.11785714285714285
0 0.25465116279069766 0.51875 0.3209302325581395 0.11428571428571428
0 0.6273255813953489 0.5058035714285715 0.3988372093023256 0.15267857142857144
0 0.7715116279069767 0.2200892857142857 0.17093023255813952 0.13660714285714284
0 0.22965116279069767 0.22098214285714285 0.3058139534883721 0.11875
0 0.5255813953488372 0.2174107142857143 0.2534883720930233 0.11875
0 0.5848837209302326 0.8147321428571429 0.10232558139534884 0.10982142857142857
0 0.21511627906976744 0.6683035714285714 0.3209302325581395 0.13482142857142856
0 0.5017441860465116 0.6785714285714286 0.17093023255813952 0.15178571428571427
0 0.7488372093023256 0.6683035714285714 0.26976744186046514 0.17232142857142857
0 0.6767441860465117 0.065625 0.23255813953488372 0.12232142857142857
0 0.1686046511627907 0.11517857142857142 0.12325581395348838 0.08928571428571429
