0 0.2878302642113691 0.1183774834437086 0.15612489991993594 0.1357615894039735
0 0.13370696557245795 0.14610927152317882 0.13610888710968774 0.15811258278145696
0 0.05484387510008006 0.33153973509933776 0.10168134507606084 0.15314569536423842
0 0.04843875100080064 0.6970198675496688 0.09527622097678143 0.13245033112582782
0 0.32025620496397117 0.5231788079470199 0.1313050440352282 0.12582781456953643
0 0.4379503602882306 0.5161423841059603 0.11048839071257005 0.14652317880794702
0 0.7870296236989591 0.5347682119205298 0.12169735788630905 0.1771523178807947
0 0.6469175340272217 0.5132450331125827 0.07846277021617294 0.08940397350993377
0 0.5604483586869495 0.519453642384106 0.07526020816653323 0.14652317880794702
0 0.44515612489991996 0.0798841059602649 0.11849479583666933 0.11506622516556292
0 0.4435548438751001 0.1771523178807947 0.16813450760608487 0.09602649006622517
0 0.4411529223378703 0.339817880794702 0.13610888710968774 0.10513245033112582
0 0.3931144915932746 0.6452814569536424 0.11689351481184948 0.06705298013245033
0 0.2578062449959968 0.7280629139072847 0.059247397918334666 0.1216887417218543
0 0.5568454763811049 0.6920529801324503 0.09687750200160128 0.1390728476821192
0 0.16693354683746997 0.7131622516556292 0.1257005604483587 0.1382450331125828
0 0.044435548438751 0.535182119205298 0.05684547638110488 0.14652317880794702
