0 0.5636509207365893 0.8029801324503312 0.24499599679743794 0.15894039735099338
0 0.7898318654923939 0.804635761589404 0.11289031224979984 0.13079470198675497
0 0.5360288230584468 0.6614238410596026 0.18654923939151322 0.12748344370860928
0 0.6977582065652522 0.6576986754966887 0.14011208967173738 0.14652317880794702
0 0.844675740592474 0.6866721854304636 0.19055244195356286 0.13658940397350994
0 0.5080064051240992 0.9151490066225165 0.13050440352281825 0.09685430463576158
0 0.6373098478783027 0.9230132450331126 0.1313050440352282 0.08443708609271523
0 0.7530024019215372 0.9254966887417219 0.11289031224979984 0.0695364238410596
0 0.8490792634107286 0.9184602649006622 0.088871096877502 0.048841059602649006
0 0.5028022417934348 0.9801324503311258 0.1297037630104083 0.04304635761589404
