0 0.39276807980049877 0.3965827338129496 0.6483790523690773 0.1223021582733813
0 0.8447630922693267 0.4159172661870504 0.19326683291770574 0.16636690647482014
0 0.8946384039900249 0.58318345323741 0.19326683291770574 0.15377697841726617
0 0.08728179551122195 0.7535971223021583 0.10224438902743142 0.07733812949640288
0 0.6059850374064838 0.2522482014388489 0.4463840399002494 0.15017985611510792
0 0.09975062344139651 0.24190647482014388 0.11471321695760599 0.07733812949640288
0 0.6477556109725686 0.09172661870503597 0.21571072319201995 0.12949640287769784
0 0.9270573566084788 0.7693345323741008 0.08104738154613467 0.13219424460431656
0 0.11970074812967581 0.8754496402877698 0.10972568578553615 0.07284172661870504
0 0.10972568578553615 0.5849820143884892 0.16708229426433915 0.14298561151079137
