0 0.7207833228048011 0.27634194831013914 0.08843967150979154 0.08614976805831677
0 0.8404927353126974 0.2614314115308151 0.14971572962728996 0.060304837640821736
0 0.777321541377132 0.5470510271703115 0.07264687302590019 0.08813783962889331
0 0.8433354390397979 0.5453943008614976 0.05559065066329753 0.08084824387011266
0 0.6993051168667088 0.5689198144466534 0.06443461781427669 0.13452617627567925
0 0.7485786481364498 0.7349237905897945 0.15919140871762477 0.10868124585818423
0 0.875868603916614 0.7359178263750829 0.09538850284270373 0.10006626905235255
0 0.22109917877447885 0.6013916500994035 0.05811749842072015 0.08681245858184228
0 0.1528742893240682 0.6083499005964215 0.07201516108654453 0.09012591119946985
0 0.25142135186355025 0.10669317428760769 0.10486418193303854 0.11398277004638833
0 0.14466203411244472 0.11066931742876077 0.082122552116235 0.10868124585818423
0 0.2488945041061276 0.6756129887342611 0.11370814908401769 0.06560636182902585
0 0.9147188881869868 0.6163021868787276 0.0972836386607707 0.07422133863485753
0 0.9065066329753633 0.2117296222664016 0.10991787744788377 0.07620941020543406
0 0.7068856601389766 0.1563949635520212 0.05559065066329753 0.07554671968190854
0 0.8373341756159192 0.08614976805831677 0.09665192672141504 0.08614976805831677
0 0.026531901452937462 0.6520874751491054 0.049273531269740996 0.1365142478462558
0 0.08054327226784586 0.6394963552021206 0.07264687302590019 0.11398277004638833
