0 0.7041577825159915 0.4416135881104034 0.12686567164179105 0.12314225053078556
0 0.6823027718550106 0.6204883227176221 0.14072494669509594 0.13906581740976645
0 0.6540511727078892 0.7919320594479831 0.15458422174840086 0.13800424628450106
0 0.5676972281449894 0.42038216560509556 0.12260127931769722 0.10828025477707007
0 0.5309168443496801 0.5833333333333334 0.08315565031982942 0.1029723991507431
0 0.5138592750533049 0.7802547770700637 0.07036247334754797 0.0870488322717622
0 0.4920042643923241 0.9304670912951167 0.0628997867803838 0.07749469214437367
0 0.6668443496801706 0.2776008492569002 0.26545842217484006 0.15180467091295116
0 0.8662046908315565 0.2791932059447983 0.09488272921108742 0.14012738853503184
0 0.6226012793176973 0.07961783439490445 0.13432835820895522 0.1316348195329087
0 0.80863539445629 0.10881104033970276 0.17377398720682302 0.1475583864118896
0 0.0650319829424307 0.6470276008492569 0.08102345415778252 0.1029723991507431
0 0.10980810234541578 0.8333333333333334 0.08315565031982942 0.11252653927813164
0 0.3006396588486141 0.5249469214437368 0.2878464818763326 0.1326963906581741
0 0.08528784648187633 0.5116772823779193 0.11513859275053305 0.1040339702760085
0 0.3715351812366738 0.3890658174097665 0.20362473347547974 0.11995753715498939
0 0.4195095948827292 0.2664543524416136 0.20575692963752665 0.1762208067940552
0 0.2585287846481876 0.267515923566879 0.17164179104477612 0.15286624203821655
0 0.10980810234541578 0.28821656050955413 0.16417910447761194 0.1751592356687898
0 0.3384861407249467 0.6932059447983014 0.28038379530916846 0.208067940552017
0 0.4051172707889126 0.08970276008492568 0.2260127931769723 0.14968152866242038
0 0.8331556503198294 0.4432059447983015 0.1439232409381663 0.17091295116772823
0 0.6273987206823027 0.9516985138004246 0.1396588486140725 0.09235668789808917
0 0.8422174840085288 0.7983014861995754 0.2281449893390192 0.18259023354564755
0 0.8619402985074627 0.6231422505307855 0.22068230277185502 0.18471337579617833
0 0.14872068230277186 0.6820594479830149 0.10980810234541578 0.19002123142250532
0 0.22761194029850745 0.8641188959660298 0.14818763326226012 0.11889596602972399
0 0.3805970149253731 0.8710191082802548 0.17484008528784648 0.12845010615711253
0 0.34701492537313433 0.9612526539278131 0.20149253731343283 0.07961783439490445
0 0.9536247334754797 0.4294055201698514 0.08848614072494669 0.12845010615711253
0 0.24040511727078892 0.10084925690021232 0.1695095948827292 0.13588110403397027
0 0.7782515991471215 0.9262208067940552 0.15991471215351813 0.10509554140127389
0 0.13059701492537312 0.1178343949044586 0.09701492537313433 0.09129511677282377
