0 0.11668545659526494 0.34885556432517756 0.12514092446448705 0.10891870560378848
0 0.5298759864712514 0.3437253354380426 0.4306651634723788 0.11917916337805841
0 0.6617812852311161 0.08524072612470403 0.2615558060879369 0.1499605367008682
0 0.5377677564825254 0.2091554853985793 0.37204058624577224 0.15311760063141278
0 0.16403607666290868 0.47316495659037094 0.20180383314543404 0.15706393054459353
0 0.42390078917700114 0.47277032359905286 0.26832018038331457 0.15311760063141278
0 0.7367531003382187 0.4755327545382794 0.39120631341600903 0.15548539857932123
0 0.2153325817361894 0.6219415943172849 0.20969560315670802 0.13101815311760062
0 0.4036076662908681 0.6227308602999211 0.20744081172491544 0.13259668508287292
0 0.6262683201803834 0.6187845303867403 0.25366403607666294 0.12786108918705605
0 0.8218714768883878 0.6160220994475138 0.15783540022547915 0.08760852407261246
0 0.9503945885005637 0.5978689818468824 0.10372040586245772 0.10655090765588003
0 0.6403607666290868 0.7083662194159431 0.3201803833145434 0.08918705603788477
0 0.895152198421646 0.7040252565114443 0.21420518602029312 0.10891870560378848
0 0.213641488162345 0.8358326756116812 0.3100338218714769 0.15469613259668508
0 0.4599774520856821 0.8599052880820837 0.1826381059751973 0.14127861089187055
0 0.7457722660653889 0.8480662983425414 0.38444193912063135 0.13812154696132597
0 0.19616685456595265 0.21586424625098657 0.24126268320180383 0.14285714285714285
0 0.07328072153325817 0.5927387529597474 0.0834272829763247 0.07261247040252565
0 0.1730552423900789 0.10063141278610892 0.1273957158962796 0.09076558800315707
0 0.3850056369785795 0.07379636937647988 0.2491544532130778 0.12075769534333071
0 0.18771138669673054 0.10181531176006314 0.12514092446448705 0.08050513022888714
0 0.3258173618940248 0.043409629044988164 0.09470124013528748 0.042620363062352014
0 0.310597519729425 0.10378847671665352 0.08004509582863585 0.04656669297553275
0 0.4701240135287486 0.04104183109707971 0.06989853438556934 0.036306235201262825
0 0.7423900789177001 0.12628255722178375 0.07328072153325817 0.05209155485398579
0 0.6674182638105975 0.11562746645619573 0.05636978579481398 0.04025256511444357
0 0.5879368658399098 0.10339384372533544 0.07102593010146561 0.04577742699289661
0 0.5975197294250282 0.0367008681925809 0.06313416009019165 0.04025256511444357
0 0.669109357384442 0.05288082083662194 0.0665163472378805 0.042620363062352014
0 0.7485907553551296 0.06629834254143646 0.07891770011273957 0.042620363062352014
0 0.15952649379932357 0.18902920284135755 0.08229988726042842 0.021310181531176007
0 0.15783540022547915 0.22533543804262035 0.10597519729425028 0.027624309392265192
0 0.16629086809470123 0.25453827940015783 0.1319052987598647 0.026045777426992895
0 0.18489289740698986 0.1633780584056827 0.1104847801578354 0.02367797947908445
0 0.21645997745208567 0.20363062352012629 0.0496054114994363 0.050513022888713496
0 0.27677564825253664 0.20205209155485399 0.06200676437429538 0.0962904498816101
0 0.44250281848928974 0.18429360694554064 0.1319052987598647 0.037095501183898975
0 0.4363021420518602 0.21862667719021311 0.12401352874859076 0.03314917127071823
0 0.5546786922209695 0.20007892659826362 0.04735062006764374 0.09392265193370165
0 0.6183765501691093 0.17205998421468036 0.1544532130777903 0.07892659826361484
0 0.6228861330326945 0.24151539068666142 0.18151071025930102 0.07103393843725335
0 0.13021420518602028 0.3228097868981847 0.10935738444193913 0.036306235201262825
0 0.1104847801578354 0.35714285714285715 0.0834272829763247 0.030781373322809787
0 0.40529875986471253 0.3267561168113654 0.1589627959413754 0.06314127861089187
0 0.4007891770011274 0.3606945540647198 0.1319052987598647 0.07103393843725335
0 0.4363021420518602 0.34885556432517756 0.040586245772266064 0.03946329913180742
0 0.7113866967305524 0.35556432517758485 0.06313416009019165 0.08287292817679558
0 0.5236753100338218 0.34451460142067875 0.05975197294250282 0.09865824782951854
0 0.5975197294250282 0.35674822415153906 0.17587373167981962 0.022099447513812154
0 0.5963923337091319 0.3267561168113654 0.1713641488162345 0.020520915548539857
0 0.11443066516347238 0.4265982636148382 0.06877113866967305 0.06077348066298342
0 0.16516347237880497 0.43843725335438044 0.06877113866967305 0.06550907655880031
0 0.1589627959413754 0.4388318863456985 0.06989853438556934 0.0473559589581689
0 0.11555806087936867 0.47513812154696133 0.10710259301014656 0.06314127861089187
0 0.21082299887260428 0.4108129439621152 0.08117249154453213 0.06550907655880031
0 0.22604284103720407 0.4652722967640095 0.11386696730552424 0.10812943962115233
0 0.38162344983089064 0.44869771112865037 0.1273957158962796 0.05445935280189424
0 0.37598647125140927 0.420284135753749 0.13641488162344984 0.043409629044988164
0 0.3297632468996618 0.5074980268350434 0.08455467869222097 0.05209155485398579
0 0.3664036076662909 0.5019731649565904 0.1488162344983089 0.05367008681925809
0 0.4616685456595265 0.47000789265982634 0.06200676437429538 0.13654301499605367
0 0.5022547914317925 0.4632991318074191 0.10033821871476889 0.02367797947908445
0 0.794250281848929 0.4996053670086819 0.15219842164599776 0.06314127861089187
0 0.7948139797068771 0.42699289660615625 0.15332581736189402 0.06945540647198106
0 0.7322435174746336 0.45027624309392267 0.046223224351747465 0.10181531176006314
0 0.8889515219842165 0.48105761641673245 0.05073280721533258 0.0734017363851618
0 0.5715896279594137 0.4613259668508287 0.05186020293122886 0.09707971586424625
0 0.6245772266065389 0.47277032359905286 0.12852311161217586 0.020520915548539857
0 0.6358511837655016 0.43291239147592736 0.1555806087936866 0.037095501183898975
0 0.07102593010146561 0.590370955011839 0.04509582863585118 0.0489344909234412
0 0.1589627959413754 0.6475927387529598 0.06538895152198422 0.049723756906077346
0 0.14994363021420518 0.5880031570639306 0.0496054114994363 0.0473559589581689
0 0.21871476888387825 0.585240726124704 0.05186020293122886 0.04498816101026046
0 0.28635851183765504 0.5868192580899764 0.058624577226606536 0.04656669297553275
0 0.395152198421646 0.5686661404893449 0.11161217587373168 0.03235990528808208
0 0.4227733934611049 0.6179952644041041 0.036076662908680945 0.06471981057616416
0 0.37034949267192785 0.5966850828729282 0.07102593010146561 0.028413575374901343
0 0.35907553551296506 0.6369376479873717 0.08906426155580609 0.03314917127071823
0 0.38895152198421645 0.6677190213101816 0.15783540022547915 0.03314917127071823
0 0.47576099210823 0.6164167324388319 0.058624577226606536 0.11365430149960537
0 0.5653889515219842 0.5962904498816101 0.10935738444193913 0.02920284135753749
0 0.5620067643742954 0.6298342541436464 0.10710259301014656 0.03314917127071823
0 0.6437429537767756 0.6093133385951065 0.038331454340473504 0.1026045777426993
0 0.6865839909808342 0.5808997632202052 0.13077790304396844 0.06945540647198106
0 0.6888387824126269 0.6511444356748224 0.133032694475761 0.05998421468034728
0 0.822435174746336 0.6081294396211523 0.14317925591882752 0.021310181531176007
0 0.7733934611048479 0.6325966850828729 0.05411499436302142 0.041831097079715863
0 0.8089064261555806 0.6365430149960537 0.043968432919954906 0.03235990528808208
0 0.8365276211950394 0.6345698500394633 0.04509582863585118 0.03472770323599053
0 0.8680947012401353 0.6333859510655091 0.0496054114994363 0.03393843725335438
0 0.758173618940248 0.584846093133386 0.030439684329199548 0.025256511444356748
0 0.8562570462232244 0.5899763220205209 0.03494926719278467 0.022888713496448304
0 0.906989853438557 0.601420678768745 0.02818489289740699 0.0931333859510655
0 0.9881623449830891 0.5595895816890292 0.02142051860202931 0.05367008681925809
0 0.9774520856820744 0.5599842146803473 0.03156708004509583 0.049723756906077346
0 0.9729425028184893 0.5718232044198895 0.05411499436302142 0.07813733228097869
0 0.9673055242390078 0.585635359116022 0.04509582863585118 0.0473559589581689
0 0.9503945885005637 0.5974743488555643 0.04509582863585118 0.08366219415943173
0 0.947576099210823 0.5619573796369376 0.10484780157835401 0.017363851617995266
0 0.09808342728297632 0.7904498816101027 0.040586245772266064 0.035516969218626675
0 0.21984216459977451 0.8003157063930545 0.06989853438556934 0.04104183109707971
0 0.11950394588500564 0.8630623520126283 0.05186020293122886 0.05130228887134965
0 0.22153325817361894 0.8804262036306235 0.06426155580608793 0.04498816101026046
0 0.33258173618940245 0.8050513022888713 0.060879368658399095 0.04419889502762431
0 0.6375422773393461 0.8674033149171271 0.14543404735062007 0.02999210734017364
0 0.6871476888387824 0.6878453038674033 0.12288613303269448 0.03867403314917127
0 0.685456595264938 0.7202052091554854 0.1104847801578354 0.049723756906077346
0 0.5574971815107103 0.7194159431728493 0.12514092446448705 0.022888713496448304
0 0.5 0.7067876874506709 0.03945885005636979 0.062352012628255724
0 0.5569334836527621 0.6846882399368587 0.14656144306651633 0.021310181531176007
0 0.7739571589627959 0.7016574585635359 0.05298759864712514 0.08050513022888714
0 0.826944757609921 0.7190213101815311 0.06877113866967305 0.0489344909234412
0 0.8421645997745209 0.696921862667719 0.09470124013528748 0.03472770323599053
0 0.8917700112739572 0.7024467245461721 0.03156708004509583 0.08208366219415943
0 0.9103720405862458 0.6779794790844514 0.016910935738444193 0.042620363062352014
0 0.9244644870349493 0.6957379636937648 0.02254791431792559 0.03393843725335438
0 0.9385569334836528 0.7154696132596685 0.03720405862457723 0.026045777426992895
0 0.9357384441939121 0.664561957379637 0.05186020293122886 0.055248618784530384
0 0.9487034949267192 0.6527229676400947 0.0935738444193912 0.014206787687450671
0 0.9329199549041713 0.7328334648776638 0.0935738444193912 0.01973164956590371
0 0.42164599774520856 0.8729281767955801 0.08793686583990981 0.03314917127071823
0 0.43573844419391206 0.8981846882399369 0.11161217587373168 0.025256511444356748
0 0.43122886133032695 0.8125493291239148 0.0935738444193912 0.04025256511444357
0 0.42671927846674185 0.8370165745856354 0.07553551296505073 0.03235990528808208
0 0.48478015783540024 0.8634569850039463 0.036076662908680945 0.08997632202052092
0 0.5270574971815107 0.8634569850039463 0.046223224351747465 0.1026045777426993
0 0.7931228861330327 0.8733228097868981 0.15670800450958286 0.0718232044198895
0 0.7316798196166855 0.8453038674033149 0.038331454340473504 0.08366219415943173
0 0.7457722660653889 0.7928176795580111 0.1544532130777903 0.056037884767166535
0 0.6443066516347238 0.8338595106550908 0.14543404735062007 0.037095501183898975
