0 0.5680914512922465 0.8991683991683992 0.12624254473161034 0.09563409563409564
0 0.7047713717693836 0.9002079002079002 0.14910536779324055 0.10395010395010396
0 0.8682902584493042 0.7858627858627859 0.15805168986083498 0.1101871101871102
0 0.7176938369781312 0.7718295218295218 0.09542743538767395 0.10706860706860707
0 0.588469184890656 0.7780665280665281 0.16898608349900596 0.11954261954261955
0 0.3697813121272366 0.8965696465696466 0.1988071570576541 0.09043659043659044
0 0.3225646123260437 0.7583160083160083 0.19980119284294234 0.1444906444906445
0 0.1172962226640159 0.7323284823284824 0.1749502982107356 0.16943866943866945
0 0.05417495029821073 0.5862785862785863 0.09244532803180915 0.13305613305613306
0 0.16600397614314116 0.5966735966735967 0.17693836978131214 0.16424116424116425
0 0.3648111332007952 0.567047817047817 0.24055666003976142 0.1548856548856549
0 0.3956262425447316 0.40332640332640335 0.19483101391650098 0.11226611226611227
0 0.22912524850894633 0.2515592515592516 0.29721669980119286 0.17255717255717257
0 0.07256461232604373 0.1288981288981289 0.07554671968190854 0.13721413721413722
0 0.5745526838966203 0.6673596673596673 0.15904572564612326 0.11226611226611227
0 0.6297216699801192 0.525987525987526 0.2773359840954274 0.1496881496881497
0 0.18687872763419483 0.11486486486486487 0.16302186878727634 0.14864864864864866
0 0.03230616302186879 0.4407484407484408 0.05069582504970179 0.11434511434511435
0 0.08548707753479125 0.41632016632016633 0.06560636182902585 0.09667359667359668
0 0.8255467196819085 0.8892931392931392 0.09840954274353876 0.10291060291060292
0 0.8981113320079522 0.8633056133056133 0.07455268389662027 0.08004158004158005
0 0.7350894632206759 0.6741164241164241 0.18190854870775347 0.11954261954261955
0 0.8588469184890656 0.5446985446985447 0.24055666003976142 0.15384615384615385
