0 0.14491844416562108 0.22251539138082674 0.191969887076537 0.18469656992084432
0 0.49435382685069007 0.18425681618293754 0.2810539523212045 0.19261213720316622
0 0.2816813048933501 0.19700967458223395 0.12170639899623588 0.13192612137203166
0 0.8124215809284818 0.32365875109938436 0.2572145545796738 0.1864555848724714
0 0.4987452948557089 0.35312225153913807 0.5859473023839398 0.12576956904133685
0 0.7371392722710163 0.19217238346525944 0.18444165621079048 0.1363236587510994
0 0.09786700125470514 0.2590149516270888 0.07528230865746549 0.09762532981530343
0 0.1329987452948557 0.17634124890061564 0.09284818067754078 0.07827616534740545
0 0.2710163111668758 0.1961301671064204 0.07026348808030113 0.09674582233948989
0 0.29924717691342534 0.17458223394898856 0.06649937264742785 0.025505716798592787
0 0.2164366373902133 0.17018469656992086 0.06148055207026349 0.06772207563764292
0 0.191969887076537 0.25725593667546176 0.0903387703889586 0.10817941952506596
0 0.14429109159347553 0.25549692172383465 0.05269761606022585 0.023746701846965697
0 0.14868255959849436 0.22295514511873352 0.056461731493099125 0.016710642040457344
0 0.15746549560853199 0.20580474934036938 0.04893350062735257 0.01759014951627089
0 0.16311166875784192 0.18117854001759015 0.050188205771643665 0.021108179419525065
0 0.6982434127979925 0.20184696569920843 0.14178168130489335 0.11345646437994723
0 0.42785445420326224 0.256816182937555 0.11543287327478043 0.07211961301671065
0 0.437892095357591 0.15743183817062445 0.12296110414052698 0.07036059806508356
0 0.5809284818067754 0.20140721196130168 0.12547051442910917 0.040457343887423045
0 0.5464240903387704 0.1741424802110818 0.11668757841907151 0.1706244503078276
0 0.7415307402760352 0.38214599824098505 0.07277289836888332 0.0870712401055409
0 0.5319949811794228 0.3887423043095866 0.22835633626097868 0.04221635883905013
0 0.5909661229611042 0.35356200527704484 0.19071518193224593 0.04397537379067722
0 0.3713927227101631 0.34080914687774844 0.11041405269761606 0.09586631486367635
0 0.27540777917189463 0.3434476693051891 0.12672521957340024 0.04661389621811785
0 0.9096612296110415 0.2748460861917326 0.04767879548306148 0.04661389621811785
0 0.9071518193224593 0.34872471416007034 0.0451693851944793 0.10642040457343888
0 0.8469259723964868 0.35532102022867196 0.08782936010037641 0.10378188214599825
0 0.8387703889585947 0.28188214599824096 0.12170639899623588 0.0712401055408971
0 0.732120451693852 0.2941952506596306 0.13927227101631118 0.032541776605101144
0 0.8670012547051443 0.3412489006156552 0.04265997490589712 0.01759014951627089
0 0.8638644918444166 0.32673702726473175 0.033877038895859475 0.013192612137203167
0 0.8644918444165621 0.3113456464379947 0.04015056461731493 0.014072119613016711
0 0.8619824341279799 0.29683377308707126 0.04767879548306148 0.016710642040457344
