0 0.5659268929503917 0.0812958435207824 0.2545691906005222 0.1356968215158924
0 0.4314621409921671 0.3594132029339853 0.1475195822454308 0.18581907090464547
0 0.18864229765013055 0.6271393643031785 0.21018276762402088 0.2200488997555012
0 0.7101827676240209 0.6301955990220048 0.3838120104438642 0.2310513447432763
0 0.4027415143603133 0.6222493887530562 0.24934725848563968 0.2469437652811736
0 0.7186684073107049 0.386919315403423 0.39033942558746737 0.20660146699266504
0 0.6879895561357703 0.19559902200489 0.4177545691906005 0.15158924205378974
0 0.2904699738903394 0.3465770171149144 0.15013054830287206 0.20904645476772615
0 0.37989556135770236 0.11124694376528117 0.1514360313315927 0.16625916870415647
0 0.22911227154046998 0.13447432762836187 0.15274151436031333 0.12224938875305623
0 0.1664490861618799 0.3367970660146699 0.13968668407310705 0.1430317848410758
0 0.1912532637075718 0.808679706601467 0.1422976501305483 0.16748166259168704
0 0.5215404699738904 0.8533007334963325 0.07702349869451697 0.15647921760391198
0 0.6703655352480418 0.8502444987775061 0.2206266318537859 0.17726161369193155
0 0.29177545691906004 0.8337408312958435 0.1370757180156658 0.16136919315403422
0 0.4157963446475196 0.8459657701711492 0.12924281984334204 0.16625916870415647
0 0.8472584856396866 0.8160146699266504 0.16449086161879894 0.18948655256723718
0 0.24608355091383813 0.12775061124694376 0.15796344647519583 0.0550122249388753
0 0.23694516971279372 0.15036674816625917 0.13968668407310705 0.05134474327628362
0 0.2258485639686684 0.13386308068459657 0.0731070496083551 0.0843520782396088
0 0.40013054830287204 0.05134474327628362 0.12924281984334204 0.03178484107579462
0 0.4223237597911227 0.10819070904645477 0.04308093994778068 0.1234718826405868
0 0.37010443864229764 0.16503667481662593 0.10052219321148825 0.03667481662591687
0 0.37467362924281983 0.06601466992665037 0.0391644908616188 0.012224938875305624
0 0.37597911227154046 0.07823960880195599 0.044386422976501305 0.012224938875305624
0 0.37467362924281983 0.08557457212713937 0.04699738903394256 0.014669926650366748
0 0.37532637075718017 0.09229828850855745 0.048302872062663184 0.01589242053789731
0 0.3733681462140992 0.10574572127139364 0.05221932114882506 0.018337408312958436
0 0.3714099216710183 0.11491442542787286 0.06135770234986945 0.022004889975550123
0 0.3727154046997389 0.13141809290953546 0.06919060052219321 0.02567237163814181
0 0.618798955613577 0.03606356968215159 0.07571801566579635 0.042787286063569685
0 0.6631853785900783 0.09229828850855745 0.0391644908616188 0.09168704156479218
0 0.597911227154047 0.1008557457212714 0.06527415143603134 0.05012224938875306
0 0.5926892950391645 0.132640586797066 0.10182767624020887 0.030562347188264057
0 0.5110966057441253 0.10819070904645477 0.08746736292428199 0.02567237163814181
0 0.5522193211488251 0.05806845965770171 0.15926892950391644 0.018337408312958436
0 0.5137075718015666 0.0843520782396088 0.11618798955613577 0.019559902200488997
0 0.5424281984334204 0.07090464547677261 0.048302872062663184 0.07090464547677261
0 0.47323759791122716 0.07701711491442542 0.04569190600522193 0.08312958435207823
0 0.5789817232375979 0.21210268948655256 0.16057441253263707 0.040342298288508556
0 0.5071801566579635 0.18948655256723718 0.030026109660574413 0.05378973105134474
0 0.5711488250652742 0.17726161369193155 0.15274151436031333 0.03667481662591687
0 0.5815926892950392 0.1986552567237164 0.030026109660574413 0.07946210268948656
0 0.693864229765013 0.1876528117359413 0.0926892950391645 0.08679706601466992
0 0.6925587467362925 0.1852078239608802 0.11357702349869452 0.09902200488997555
0 0.8518276762402088 0.22249388753056235 0.03524804177545692 0.08068459657701711
0 0.8257180156657964 0.18887530562347188 0.0195822454308094 0.028117359413202935
0 0.8120104438642297 0.18643031784841077 0.02349869451697128 0.037897310513447434
0 0.7852480417754569 0.18092909535452323 0.03263707571801567 0.05134474327628362
0 0.7656657963446475 0.17787286063569682 0.02741514360313316 0.0550122249388753
0 0.7473890339425587 0.17970660146699266 0.02741514360313316 0.06356968215158924
0 0.8120104438642297 0.22249388753056235 0.14882506527415143 0.0488997555012225
0 0.7983028720626631 0.15892420537897312 0.17362924281984335 0.08801955990220049
0 0.17362924281984335 0.3343520782396088 0.1409921671018277 0.040342298288508556
0 0.17101827676240208 0.3643031784841076 0.13577023498694518 0.03178484107579462
0 0.16318537859007834 0.3380195599022005 0.0731070496083551 0.12591687041564792
0 0.3342036553524804 0.3600244498777506 0.05483028720626632 0.16748166259168704
0 0.28655352480417756 0.2536674816625917 0.08746736292428199 0.04523227383863081
0 0.26827676240208875 0.41687041564792177 0.09530026109660575 0.04645476772616137
0 0.2519582245430809 0.3374083129584352 0.044386422976501305 0.13447432762836187
0 0.28133159268929503 0.38141809290953543 0.05352480417754569 0.017114914425427872
0 0.2819843342036554 0.3600244498777506 0.04699738903394256 0.013447432762836185
0 0.283289817232376 0.34596577017114916 0.04960835509138381 0.012224938875305624
0 0.28655352480417756 0.3343520782396088 0.04308093994778068 0.013447432762836185
0 0.2859007832898172 0.3215158924205379 0.04699738903394256 0.012224938875305624
0 0.2878590078328982 0.30623471882640585 0.04046997389033943 0.013447432762836185
0 0.2891644908616188 0.28973105134474325 0.04308093994778068 0.017114914425427872
0 0.40339425587467365 0.38447432762836187 0.06788511749347259 0.10880195599022005
0 0.4086161879895561 0.3019559902200489 0.06527415143603134 0.06845965770171149
0 0.4751958224543081 0.30317848410757947 0.06527415143603134 0.07090464547677261
0 0.4706266318537859 0.3863080684596577 0.06135770234986945 0.10268948655256724
0 0.5691906005221932 0.402200488997555 0.08616187989556136 0.0488997555012225
0 0.6488250652741514 0.42053789731051344 0.09138381201044386 0.07334963325183375
0 0.54177545691906 0.3539119804400978 0.02610966057441253 0.06234718826405868
0 0.6122715404699739 0.35880195599022 0.018276762402088774 0.042787286063569685
0 0.5907310704960835 0.35880195599022 0.016971279373368148 0.042787286063569685
0 0.5678851174934726 0.3600244498777506 0.020887728459530026 0.037897310513447434
0 0.7023498694516971 0.3154034229828851 0.3342036553524804 0.05134474327628362
0 0.6357702349869452 0.38202933985330073 0.033942558746736295 0.1136919315403423
0 0.8022193211488251 0.44315403422982885 0.21279373368146215 0.042787286063569685
0 0.7852480417754569 0.4015892420537897 0.21279373368146215 0.09168704156479218
0 0.8009138381201044 0.35574572127139364 0.19451697127937337 0.06845965770171149
0 0.19712793733681463 0.6509779951100244 0.17493472584856398 0.1039119804400978
0 0.1866840731070496 0.6039119804400978 0.04699738903394256 0.05623471882640587
0 0.1801566579634465 0.5647921760391198 0.08877284595300261 0.05623471882640587
0 0.13511749347258487 0.6136919315403423 0.06135770234986945 0.09046454767726161
0 0.19451697127937337 0.5605134474327629 0.09660574412532637 0.10635696821515893
0 0.42950391644908614 0.5207823960880196 0.12010443864229765 0.08557457212713937
0 0.4490861618798956 0.5660146699266504 0.09138381201044386 0.08801955990220049
0 0.5019582245430809 0.6852078239608802 0.05613577023498695 0.09902200488997555
0 0.43407310704960833 0.6253056234718827 0.11096605744125326 0.06234718826405868
0 0.36488250652741516 0.5751833740831296 0.0926892950391645 0.11124694376528117
0 0.37597911227154046 0.660757946210269 0.1618798955613577 0.08679706601466992
0 0.46736292428198434 0.6754278728606357 0.0391644908616188 0.04523227383863081
0 0.4451697127937337 0.6674816625916871 0.028720626631853787 0.039119804400977995
0 0.42885117493472585 0.6583129584352079 0.02741514360313316 0.040342298288508556
0 0.4112271540469974 0.6540342298288508 0.031331592689295036 0.03667481662591687
0 0.39295039164490864 0.6473105134474327 0.031331592689295036 0.040342298288508556
0 0.3772845953002611 0.6393643031784841 0.033942558746736295 0.03667481662591687
0 0.4046997389033943 0.5647921760391198 0.0391644908616188 0.02444987775061125
0 0.3922976501305483 0.5788508557457213 0.04046997389033943 0.028117359413202935
0 0.37989556135770236 0.5959657701711492 0.03655352480417755 0.028117359413202935
0 0.370757180156658 0.6094132029339854 0.04177545691906005 0.028117359413202935
0 0.35509138381201044 0.6277506112469438 0.03655352480417755 0.028117359413202935
0 0.8622715404699739 0.6497555012224939 0.0639686684073107 0.14058679706601468
0 0.7597911227154047 0.5531784841075794 0.17232375979112272 0.08679706601466992
0 0.7473890339425587 0.6680929095354523 0.17101827676240208 0.1136919315403423
0 0.6847258485639687 0.6136919315403423 0.030026109660574413 0.12224938875305623
0 0.7186684073107049 0.5996332518337408 0.022193211488250653 0.08190709046454768
0 0.7402088772845953 0.6026894865525673 0.020887728459530026 0.07334963325183375
0 0.7669712793733682 0.6051344743276283 0.0195822454308094 0.05867970660146699
0 0.7852480417754569 0.6039119804400978 0.016971279373368148 0.03667481662591687
0 0.8067885117493473 0.6045232273838631 0.020887728459530026 0.035452322738386305
0 0.5946475195822454 0.6497555012224939 0.15535248041775457 0.02567237163814181
0 0.5378590078328982 0.6081907090464548 0.033942558746736295 0.05745721271393643
0 0.597911227154047 0.6002444987775061 0.14882506527415143 0.039119804400977995
0 0.566579634464752 0.6265281173594132 0.020887728459530026 0.02567237163814181
0 0.6031331592689295 0.6271393643031785 0.020887728459530026 0.029339853300733496
0 0.6240208877284595 0.6295843520782396 0.018276762402088774 0.029339853300733496
0 0.6573107049608355 0.6289731051344744 0.030026109660574413 0.03300733496332518
0 0.22519582245430808 0.8594132029339854 0.030026109660574413 0.022004889975550123
0 0.1821148825065274 0.7548899755501223 0.07441253263707572 0.0647921760391198
0 0.1671018276762402 0.8300733496332519 0.09399477806788512 0.12224938875305623
0 0.2108355091383812 0.7597799511002445 0.03263707571801567 0.023227383863080684
0 0.2245430809399478 0.7964547677261614 0.06266318537859007 0.14058679706601468
0 0.29765013054830286 0.8361858190709046 0.04177545691906005 0.1466992665036675
0 0.32114882506527415 0.839242053789731 0.06527415143603134 0.040342298288508556
0 0.2591383812010444 0.784841075794621 0.037859007832898174 0.022004889975550123
0 0.2558746736292428 0.8105134474327629 0.0391644908616188 0.02444987775061125
0 0.2584856396866841 0.8355745721271394 0.0391644908616188 0.02078239608801956
0 0.2597911227154047 0.8661369193154034 0.0391644908616188 0.02078239608801956
0 0.4614882506527415 0.8563569682151589 0.04308093994778068 0.15036674816625917
0 0.38054830287206265 0.8325183374083129 0.03263707571801567 0.13691931540342298
0 0.41449086161879894 0.8502444987775061 0.024804177545691905 0.11124694376528117
0 0.42493472584856395 0.9095354523227384 0.1370757180156658 0.02689486552567237
0 0.4066579634464752 0.7787286063569682 0.08485639686684072 0.039119804400977995
0 0.5052219321148825 0.8533007334963325 0.03655352480417755 0.13691931540342298
0 0.5430809399477807 0.8416870415647921 0.031331592689295036 0.12102689486552567
0 0.6129242819843342 0.7982885085574573 0.07702349869451697 0.097799511002445
0 0.5887728459530026 0.8863080684596577 0.0731070496083551 0.09290953545232274
0 0.6540469973890339 0.8135696821515892 0.0783289817232376 0.042787286063569685
0 0.7258485639686684 0.8221271393643031 0.0731070496083551 0.030562347188264057
0 0.6527415143603134 0.8465770171149144 0.06788511749347259 0.028117359413202935
0 0.7310704960835509 0.8484107579462102 0.07571801566579635 0.022004889975550123
0 0.6540469973890339 0.8740831295843521 0.07049608355091384 0.022004889975550123
0 0.72911227154047 0.8710268948655256 0.08746736292428199 0.023227383863080684
0 0.6488250652741514 0.9034229828850856 0.06527415143603134 0.034229828850855744
0 0.7297650130548303 0.8991442542787286 0.09921671018276762 0.030562347188264057
0 0.8753263707571801 0.78239608801956 0.024804177545691905 0.07090464547677261
0 0.7754569190600522 0.8245721271393643 0.028720626631853787 0.0647921760391198
0 0.806135770234987 0.8526894865525673 0.07180156657963446 0.05256723716381418
0 0.8152741514360313 0.8105134474327629 0.10574412532637076 0.03667481662591687
