0 0.21878335112059766 0.3657112526539278 0.3991462113127001 0.12632696390658174
0 0.14514407684098185 0.49416135881104034 0.1472785485592316 0.12420382165605096
0 0.6718249733191035 0.09341825902335456 0.13980789754535752 0.10615711252653928
0 0.6691568836712913 0.37791932059447986 0.13233724653148346 0.09129511677282377
0 0.8852721451440768 0.4294055201698514 0.12273212379935966 0.14331210191082802
0 0.5090715048025614 0.39118895966029726 0.0576307363927428 0.09660297239915075
0 0.6451440768409819 0.5674097664543525 0.14621131270010673 0.12632696390658174
0 0.6403415154749199 0.7653927813163482 0.15795090715048027 0.11889596602972399
0 0.816435432230523 0.7733545647558386 0.2113127001067236 0.19002123142250532
0 0.6462113127001067 0.9251592356687898 0.4663820704375667 0.13481953290870488
0 0.4855923159018143 0.7425690021231423 0.06830309498399147 0.10084925690021232
0 0.4978655282817503 0.571656050955414 0.07577374599786553 0.09023354564755838
0 0.5410885805763074 0.0875796178343949 0.07897545357524013 0.1029723991507431
0 0.24279615795090714 0.09129511677282377 0.28068303094983993 0.09129511677282377
0 0.22198505869797225 0.18577494692144372 0.27321237993596587 0.11464968152866242
0 0.43543223052294555 0.1183651804670913 0.1344717182497332 0.11995753715498939
0 0.41462113127001066 0.2367303609341826 0.18036286019210246 0.12951167728237792
0 0.11686232657417289 0.6114649681528662 0.1526147278548559 0.13800424628450106
0 0.26093916755602986 0.6305732484076433 0.1824973319103522 0.1592356687898089
0 0.3927427961579509 0.636411889596603 0.15154749199573106 0.16454352441613587
0 0.7123799359658485 0.41932059447983017 0.24653148345784417 0.1613588110403397
0 0.7844183564567769 0.5705944798301487 0.13020277481323372 0.12420382165605096
0 0.9119530416221985 0.5865180467091295 0.13127001067235858 0.18789808917197454
