0 0.17541899441340783 0.07959866220735785 0.15195530726256984 0.05351170568561873
0 0.39329608938547483 0.07759197324414716 0.20782122905027933 0.06555183946488294
0 0.3407821229050279 0.3491638795986622 0.16312849162011173 0.07892976588628763
0 0.14022346368715083 0.35551839464882945 0.15083798882681565 0.06488294314381271
0 0.14022346368715083 0.4240802675585284 0.19553072625698323 0.07357859531772576
0 0.39664804469273746 0.4254180602006689 0.19888268156424582 0.06688963210702341
0 0.3659217877094972 0.5852842809364549 0.19553072625698323 0.07625418060200669
0 0.18379888268156425 0.8802675585284281 0.15083798882681565 0.06688963210702341
0 0.44581005586592176 0.877257525083612 0.23910614525139665 0.06889632107023412
0 0.39329608938547483 0.8133779264214047 0.15418994413407822 0.06555183946488294
0 0.5681564245810056 0.8100334448160535 0.10167597765363129 0.06688963210702341
0 0.4022346368715084 0.7414715719063545 0.2681564245810056 0.0782608695652174
0 0.35698324022346367 0.6632107023411371 0.2581005586592179 0.07959866220735785
0 0.4631284916201117 0.27391304347826084 0.24022346368715083 0.06889632107023412
0 0.5927374301675977 0.21003344481605352 0.20893854748603352 0.06688963210702341
0 0.11620111731843576 0.20869565217391303 0.10279329608938548 0.06287625418060201
0 0.6134078212290502 0.08528428093645485 0.23910614525139665 0.08093645484949832
0 0.4659217877094972 0.1454849498327759 0.23910614525139665 0.06755852842809365
0 0.7441340782122905 0.1565217391304348 0.18994413407821228 0.06555183946488294
0 0.88268156424581 0.3625418060200669 0.2011173184357542 0.09096989966555184
0 0.6882681564245811 0.5909698996655518 0.2100558659217877 0.0822742474916388
0 0.7558659217877095 0.27792642140468227 0.264804469273743 0.07424749163879599
0 0.8435754189944135 0.517056856187291 0.15865921787709497 0.07224080267558529
0 0.6910614525139664 0.6662207357859532 0.3318435754189944 0.07759197324414716
0 0.1223463687150838 0.1411371237458194 0.1664804469273743 0.07625418060200669
0 0.8854748603351955 0.2230769230769231 0.17318435754189945 0.06755852842809365
0 0.8178770949720671 0.09866220735785954 0.11173184357541899 0.07424749163879599
0 0.1122905027932961 0.8040133779264214 0.18659217877094972 0.07759197324414716
0 0.10949720670391061 0.7341137123745819 0.18100558659217877 0.07290969899665552
0 0.16089385474860335 0.9438127090301003 0.19888268156424582 0.07090301003344482
0 0.4564245810055866 0.9357859531772575 0.2759776536312849 0.0588628762541806
