0 0.19114349775784753 0.28113718411552346 0.26121076233183854 0.13989169675090252
0 0.39349775784753366 0.27075812274368233 0.15246636771300448 0.11552346570397112
0 0.5958520179372198 0.26534296028880866 0.26121076233183854 0.11732851985559567
0 0.1608744394618834 0.5961191335740073 0.2006726457399103 0.12003610108303249
0 0.20739910313901344 0.44855595667870035 0.242152466367713 0.15703971119133575
0 0.3923766816143498 0.6064981949458483 0.26905829596412556 0.1552346570397112
0 0.6524663677130045 0.6132671480144405 0.2937219730941704 0.1651624548736462
0 0.8077354260089686 0.28745487364620936 0.2006726457399103 0.14530685920577618
0 0.8570627802690582 0.13402527075812273 0.1446188340807175 0.12364620938628158
0 0.3901345291479821 0.44314079422382674 0.15022421524663676 0.15703971119133575
0 0.5745515695067265 0.44855595667870035 0.24775784753363228 0.14620938628158844
