0 0.5101465614430665 0.09155485398579322 0.25366403607666294 0.1499605367008682
0 0.741826381059752 0.10931333859510656 0.16459977452085683 0.13654301499605367
0 0.23449830890642615 0.08011049723756906 0.1555806087936866 0.08602999210734018
0 0.20631341600901917 0.0734017363851618 0.06764374295377677 0.05367008681925809
0 0.45208568207440814 0.055248618784530384 0.11499436302142052 0.0473559589581689
0 0.44081172491544535 0.10457774269928966 0.09470124013528748 0.06708760852407261
0 0.49661781285231116 0.08366219415943173 0.05298759864712514 0.06314127861089187
0 0.5529875986471251 0.055248618784530384 0.09808342728297632 0.06314127861089187
0 0.5569334836527621 0.11049723756906077 0.1600901916572717 0.08366219415943173
0 0.7683201803833145 0.05840568271507498 0.10033821871476889 0.03946329913180742
0 0.7953776775648252 0.1148382004735596 0.043968432919954906 0.09707971586424625
0 0.7080045095828635 0.09352801894238358 0.05186020293122886 0.10181531176006314
0 0.7446448703494927 0.15351223362273086 0.10484780157835401 0.03867403314917127
0 0.7440811724915445 0.13101815311760062 0.05186020293122886 0.026835043409629045
0 0.7463359639233371 0.11444356748224152 0.033821871476888386 0.014206787687450671
0 0.7485907553551296 0.10339384372533544 0.02254791431792559 0.017363851617995266
0 0.7491544532130778 0.08918705603788477 0.03269447576099211 0.014206787687450671
0 0.7531003382187148 0.07853196527229676 0.029312288613303268 0.016574585635359115
