0 0.3826530612244898 0.7015638575152042 0.5688775510204082 0.12250217202432667
0 0.8622448979591837 0.5738488271068636 0.10459183673469388 0.10512597741094701
0 0.7213010204081632 0.5816681146828845 0.1798469387755102 0.10686359687228497
0 0.5070153061224489 0.5799304952215465 0.2461734693877551 0.12771503040834056
0 0.24681122448979592 0.5781928757602085 0.3201530612244898 0.12771503040834056
0 0.7978316326530612 0.44613379669852304 0.21556122448979592 0.13987836663770634
0 0.6205357142857143 0.44439617723718505 0.1568877551020408 0.1416159860990443
0 0.3207908163265306 0.4430929626411816 0.47831632653061223 0.1424847958297133
0 0.7302295918367347 0.7041702867072112 0.15433673469387754 0.1155516941789748
0 0.2378826530612245 0.2580364900086881 0.25892857142857145 0.11815812337098175
0 0.4961734693877551 0.25325803649000866 0.29081632653061223 0.13119026933101652
0 0.7289540816326531 0.11728931364031277 0.30994897959183676 0.1268462206776716
0 0.7251275510204082 0.3314509122502172 0.19260204081632654 0.0842745438748914
0 0.25637755102040816 0.8110338835794961 0.25255102040816324 0.13292788879235448
0 0.4917091836734694 0.8240660295395309 0.26913265306122447 0.12423979148566464
0 0.735969387755102 0.8262380538662033 0.22959183673469388 0.12510860121633363
0 0.7385204081632653 0.920503909643788 0.22959183673469388 0.09643788010425716
0 0.4030612244897959 0.9300608166811468 0.45153061224489793 0.11207645525629888
0 0.18048469387755103 0.11772371850564727 0.1568877551020408 0.12945264986967853
0 0.7110969387755102 0.23935708079930496 0.1441326530612245 0.10338835794960903
0 0.8832908163265306 0.26629018245004343 0.1951530612244898 0.09817549956559514
0 0.8832908163265306 0.8110338835794961 0.1288265306122449 0.11902693310165074
0 0.5197704081632653 0.07775847089487402 0.17729591836734693 0.08079930495221546
0 0.4145408163265306 0.10729800173761946 0.33163265306122447 0.13987836663770634
