0 0.17691342534504392 0.7132805628847845 0.24592220828105396 0.1442392260334213
0 0.5056461731493099 0.7014072119613016 0.39648682559598497 0.15919085312225154
0 0.8212045169385195 0.6934916446789797 0.19698870765370138 0.12928759894459102
0 0.3193224592220828 0.0853122251539138 0.19698870765370138 0.08795074758135445
0 0.178168130489335 0.31090589270008795 0.2685069008782936 0.14335971855760773
0 0.3607277289836888 0.866754617414248 0.2095357590966123 0.13808267370272648
0 0.2164366373902133 0.4995602462620932 0.33500627352572143 0.21459982409850484
0 0.534504391468005 0.4916446789797713 0.36637390213299875 0.1882145998240985
0 0.863237139272271 0.5004397537379067 0.29109159347553326 0.1706244503078276
0 0.045796737766624844 0.8201407211961301 0.06649937264742785 0.07651715039577836
0 0.16122961104140526 0.8579595426561126 0.16938519447929737 0.14511873350923482
0 0.6373902132998746 0.8522427440633246 0.33877038895859474 0.1741424802110818
0 0.8851944792973652 0.8346525945470537 0.1618569636135508 0.18117854001759015
0 0.5163111668757842 0.33201407211961304 0.4027603513174404 0.1310466138962181
0 0.8368883312421581 0.34432717678100266 0.24090338770388958 0.1521547933157432
0 0.6072772898368883 0.11433597185576078 0.3086574654956085 0.2040457343887423
0 1.629861982434128 1.1838170624450308 0.36637390213299875 0.1882145998240985
0 0.7747804265997491 0.10246262093227793 0.0890840652446675 0.08003518029903255
0 0.11982434127979925 0.13808267370272648 0.09912170639899624 0.11609498680738786
0 0.5112923462986199 0.2185576077396658 0.6813048933500627 0.19261213720316622
0 0.12986198243412797 0.1547933157431838 0.10414052697616061 0.07211961301671065
0 0.2766624843161857 0.08575197889182058 0.08155583437892096 0.06244503078276165
0 0.3720200752823087 0.08663148636763413 0.11166875784190715 0.06772207563764292
0 0.7427854454203262 0.11565523306948108 0.03262233375156838 0.07299912049252419
0 0.6894604767879549 0.17370272647317503 0.1191969887076537 0.07299912049252419
0 0.595357590966123 0.12576956904133685 0.0890840652446675 0.05452946350043975
0 0.5307402760351317 0.10026385224274406 0.14554579673776663 0.13896218117854
0 0.6292346298619824 0.0901495162708883 0.0740276035131744 0.11169744942832015
0 0.23086574654956085 0.1838170624450308 0.05269761606022585 0.06508355321020229
0 0.2779171894604768 0.16094986807387862 0.06398996235884567 0.079155672823219
0 0.24466750313676286 0.22295514511873352 0.15056461731493098 0.06948109058927
0 0.36762860727728985 0.22075637642919965 0.1656210790464241 0.09850483729111698
0 0.3946047678795483 0.18733509234828497 0.1468005018820577 0.06156552330694811
0 0.4454203262233375 0.2154793315743184 0.08281053952321205 0.04925241864555849
0 0.451693851944793 0.2436235708003518 0.06524466750313676 0.024626209322779244
0 0.4598494353826851 0.22911169744942833 0.056461731493099125 0.02198768689533861
0 0.46800501882057716 0.218117854001759 0.04265997490589712 0.01759014951627089
0 0.48055207026348806 0.20800351802990324 0.03262233375156838 0.014951627088830254
0 0.5238393977415308 0.20844327176781002 0.07904642409033877 0.10026385224274406
0 0.5683814303638645 0.2620932277924362 0.15056461731493098 0.021108179419525065
0 0.5972396486825596 0.23702726473175023 0.1932245922208281 0.02198768689533861
0 0.7277289836888331 0.2726473175021988 0.08030112923462986 0.0773966578715919
0 0.7879548306148055 0.20140721196130168 0.05520702634880803 0.0773966578715919
0 0.795483061480552 0.2537379067722076 0.05269761606022585 0.029023746701846966
0 0.19573400250941028 0.30826737027264733 0.17565872020075282 0.11873350923482849
0 0.0890840652446675 0.2752858399296394 0.08782936010037641 0.08267370272647317
0 0.205771643663739 0.30826737027264733 0.22082810539523212 0.03605980650835532
0 0.44604767879548307 0.33289357959542654 0.24215809284818068 0.04309586631486367
0 0.44604767879548307 0.34740545294635006 0.053952321204516936 0.04573438874230431
0 0.4642409033877039 0.30123131046613894 0.07779171894604768 0.06948109058927
0 0.6066499372647428 0.297273526824978 0.09410288582183186 0.056288478452066845
0 0.6311166875784191 0.3324538258575198 0.050188205771643665 0.02990325417766051
0 0.7948557089084065 0.30606860158311344 0.0890840652446675 0.02990325417766051
0 0.795483061480552 0.3368513632365875 0.08531994981179424 0.026385224274406333
0 0.877038895859473 0.40105540897097625 0.06524466750313676 0.014072119613016711
0 0.8808030112923463 0.38214599824098505 0.06273525721455459 0.018469656992084433
0 0.2779171894604768 0.5272647317502199 0.09912170639899624 0.09234828496042216
0 0.18695106649937265 0.5875109938434476 0.17565872020075282 0.051011433597185574
0 0.17503136762860727 0.5470536499560247 0.018820577164366373 0.04573438874230431
0 0.3180677540777917 0.4529463500439754 0.12421580928481807 0.079155672823219
0 0.23588456712672523 0.4094107299912049 0.1656210790464241 0.025505716798592787
0 0.14366373902132998 0.4388742304309587 0.08155583437892096 0.08267370272647317
0 0.15683814303638646 0.5228671943711521 0.11292346298619825 0.07651715039577836
0 0.16311166875784192 0.5070360598065083 0.16311166875784192 0.020228671943711522
0 0.2095357590966123 0.4872471416007036 0.23588456712672523 0.019349164467897976
0 0.21141781681304894 0.4683377308707124 0.24466750313676286 0.025505716798592787
0 0.6624843161856964 0.4573438874230431 0.09786700125470514 0.08091468777484609
0 0.6530740276035132 0.5395778364116095 0.1191969887076537 0.07827616534740545
0 0.472396486825596 0.4841688654353562 0.23212045169385195 0.032541776605101144
0 0.46863237139272274 0.470976253298153 0.18193224592220827 0.11873350923482849
0 0.5175658720200753 0.519349164467898 0.08657465495608532 0.06244503078276165
0 0.5018820577164367 0.4947229551451187 0.15809284818067754 0.11521547933157432
0 0.7779171894604768 0.45074758135444154 0.09284818067754078 0.03605980650835532
0 0.7829360100376411 0.47977132805628847 0.05771643663739021 0.020228671943711522
0 0.8174404015056461 0.5026385224274407 0.16938519447929737 0.029023746701846966
0 0.8212045169385195 0.5303430079155673 0.1668757841907152 0.03869832893579595
0 0.8400250941028858 0.49868073878627966 0.0740276035131744 0.1090589270008795
0 0.9780426599749059 0.45162708883025504 0.033877038895859475 0.06596306068601583
0 0.9303638644918444 0.480650835532102 0.08657465495608532 0.06772207563764292
0 0.9215809284818067 0.5382585751978892 0.06398996235884567 0.0633245382585752
0 0.9592220828105396 0.5043975373790677 0.05144291091593475 0.051890941072999124
0 0.9454203262233375 0.5219876868953386 0.05897114178168131 0.06068601583113457
0 0.9435382685069009 0.5092348284960422 0.060225846925972396 0.040457343887423045
0 0.9598494353826851 0.525065963060686 0.05520702634880803 0.04397537379067722
0 0.25094102885821834 0.7167985927880387 0.09786700125470514 0.04925241864555849
0 0.2572145545796738 0.6693051890941073 0.08782936010037641 0.040457343887423045
0 0.16122961104140526 0.7093227792436235 0.08657465495608532 0.048372911169744945
0 0.16122961104140526 0.6802990325417766 0.06649937264742785 0.048372911169744945
0 0.18130489335006272 0.6864555848724714 0.22961104140526975 0.04309586631486367
0 0.20639899623588456 0.7106420404573439 0.06148055207026349 0.1284080914687775
0 0.5928481806775407 0.6921723834652594 0.056461731493099125 0.01759014951627089
0 0.6010037641154329 0.6723834652594547 0.05269761606022585 0.016710642040457344
0 0.5909661229611042 0.7423043095866315 0.06273525721455459 0.01759014951627089
0 0.6593475533249686 0.731750219876869 0.07904642409033877 0.079155672823219
0 0.657465495608532 0.6627088830255057 0.06273525721455459 0.06420404573438875
0 0.3864491844416562 0.7053649956024626 0.14052697616060225 0.04397537379067722
0 0.5250941028858218 0.683377308707124 0.1493099121706399 0.079155672823219
0 0.5238393977415308 0.7357080035180299 0.15181932245922208 0.09058927000879508
0 0.7691342534504392 0.7036059806508356 0.050188205771643665 0.1090589270008795
0 0.8268506900878294 0.6613896218117854 0.17063989962358847 0.036939313984168866
0 0.05959849435382685 0.8056288478452067 0.028858218318695106 0.0316622691292876
0 0.03638644918444166 0.8122251539138082 0.02258469259723965 0.02198768689533861
0 0.039523212045169384 0.8025505716798593 0.02383939774153074 0.027264731750219876
0 0.04140526976160602 0.8284960422163589 0.027603513174404015 0.024626209322779244
0 0.06148055207026349 0.8372911169744943 0.027603513174404015 0.0316622691292876
0 0.1618569636135508 0.8346525945470537 0.08281053952321205 0.0932277924362357
0 0.11794228356336262 0.8460861917326298 0.07528230865746549 0.04397537379067722
0 0.14993726474278546 0.8935795954265612 0.1342534504391468 0.03869832893579595
0 0.4077791718946048 0.8711521547933158 0.060225846925972396 0.03781882145998241
0 0.3481806775407779 0.8364116094986808 0.06649937264742785 0.040457343887423045
0 0.34002509410288584 0.8707124010554089 0.07779171894604768 0.047493403693931395
0 0.4259723964868256 0.8372911169744943 0.10664993726474278 0.04573438874230431
0 0.35194479297365117 0.8531222515391381 0.20702634880803011 0.04221635883905013
0 0.3933500627352572 0.866754617414248 0.07904642409033877 0.10993843447669305
0 0.6888331242158093 0.8289357959542656 0.04015056461731493 0.09938434476693052
0 0.5407779171894604 0.8830255057167986 0.10037641154328733 0.06508355321020229
0 0.5194479297365119 0.8518029903254177 0.07779171894604768 0.029023746701846966
0 0.5533249686323714 0.8183817062445031 0.05520702634880803 0.06596306068601583
0 0.6179422835633626 0.8583992963940194 0.10163111668757842 0.024626209322779244
0 0.6191969887076537 0.8271767810026385 0.10414052697616061 0.03430079155672823
0 0.7465495608531995 0.8056288478452067 0.11794228356336262 0.05804749340369393
0 0.7459222082810539 0.8707124010554089 0.13927227101631118 0.08267370272647317
0 0.842534504391468 0.8038698328935796 0.06649937264742785 0.06156552330694811
0 0.8268506900878294 0.8746701846965699 0.07779171894604768 0.06772207563764292
0 0.8569636135508155 0.8249780123131046 0.07779171894604768 0.028144239226033423
0 0.8676286072772899 0.8500439753737907 0.06900878293601004 0.030782761653474055
0 0.9134253450439147 0.8179419525065963 0.027603513174404015 0.07211961301671065
0 0.9209535759096612 0.8566402814423922 0.0451693851944793 0.04221635883905013
0 0.24466750313676286 0.951627088830255 0.05771643663739021 0.04397537379067722
0 0.3877038895859473 0.9696569920844327 0.08531994981179424 0.029023746701846966
0 0.7779171894604768 0.9595426561125769 0.06524466750313676 0.022867194371152155
