0 0.5642201834862385 0.683456561922366 0.14862385321100918 0.10813308687615526
0 0.7435779816513761 0.6885397412199631 0.15504587155963304 0.16635859519408502
0 0.9 0.7255083179297597 0.181651376146789 0.133086876155268
0 0.5568807339449541 0.8428835489833642 0.163302752293578 0.1534195933456562
0 0.6399082568807339 0.4075785582255083 0.25229357798165136 0.14417744916820702
0 0.8665137614678899 0.41589648798521256 0.19724770642201836 0.133086876155268
0 0.6467889908256881 0.538354898336414 0.28807339449541286 0.11182994454713494
0 0.8761467889908257 0.5651571164510166 0.1981651376146789 0.14510166358595195
0 0.14862385321100918 0.12430683918669132 0.15045871559633028 0.08410351201478743
0 0.2889908256880734 0.06515711645101664 0.13394495412844037 0.06931608133086876
0 0.45 0.07855822550831792 0.21926605504587157 0.09981515711645102
0 0.4055045871559633 0.15480591497227356 0.23669724770642203 0.11367837338262476
0 0.24128440366972478 0.2744916820702403 0.3834862385321101 0.14602587800369685
0 0.2334862385321101 0.5600739371534196 0.20091743119266056 0.17190388170055454
0 0.671559633027523 0.25646950092421444 0.29541284403669726 0.15804066543438078
0 0.8399082568807339 0.14186691312384472 0.14036697247706423 0.10813308687615526
0 0.8660550458715597 0.8262476894639557 0.1743119266055046 0.09796672828096119
0 0.44954128440366975 0.7393715341959335 0.07522935779816514 0.09981515711645102
0 0.36192660550458716 0.7356746765249538 0.12201834862385322 0.12014787430683918
0 0.7288990825688073 0.10397412199630314 0.21559633027522937 0.15064695009242143
0 0.5903669724770643 0.09195933456561922 0.061467889908256884 0.0711645101663586
0 0.7651376146788991 0.8512014787430684 0.23669724770642203 0.14972273567467653
0 0.7004587155963303 0.9570240295748613 0.22844036697247708 0.07486136783733827
0 0.22660550458715598 0.83271719038817 0.14311926605504588 0.12199630314232902
0 0.40091743119266054 0.5790203327171903 0.2036697247706422 0.18207024029574861
0 0.08119266055045872 0.5346580406654344 0.11834862385321102 0.15434380776340112
0 0.12935779816513762 0.3955637707948244 0.2018348623853211 0.13493530499075784
0 0.368348623853211 0.35351201478743066 0.2834862385321101 0.14510166358595195
