0 0.13641025641025642 0.6004464285714286 0.2358974358974359 0.09553571428571428
0 0.13487179487179488 0.7799107142857142 0.1117948717948718 0.09732142857142857
0 0.23076923076923078 0.7696428571428572 0.06974358974358974 0.08571428571428572
0 0.4641025641025641 0.9098214285714286 0.13230769230769232 0.1
0 0.6241025641025642 0.9040178571428571 0.16307692307692306 0.08839285714285715
0 0.7415384615384616 0.7754464285714285 0.3323076923076923 0.12946428571428573
0 0.48256410256410254 0.7758928571428572 0.16512820512820514 0.15714285714285714
0 0.5769230769230769 0.6321428571428571 0.5897435897435898 0.15892857142857142
0 0.82 0.421875 0.20205128205128206 0.13125
0 0.4707692307692308 0.42098214285714286 0.27487179487179486 0.11517857142857142
0 0.12615384615384614 0.4375 0.19692307692307692 0.15535714285714286
0 0.28102564102564104 0.9160714285714285 0.2235897435897436 0.15714285714285714
0 0.8215384615384616 0.8741071428571429 0.18051282051282053 0.1
