0 0.20240963855421687 0.16637630662020905 0.19518072289156627 0.11149825783972125
0 0.40481927710843374 0.15069686411149827 0.2385542168674699 0.13588850174216027
0 0.11566265060240964 0.46385017421602787 0.16626506024096385 0.16637630662020905
0 0.26024096385542167 0.4547038327526132 0.13734939759036144 0.1602787456445993
0 0.1530120481927711 0.30226480836236935 0.13012048192771083 0.13240418118466898
0 0.3036144578313253 0.29442508710801396 0.1614457831325301 0.12020905923344948
0 0.21084337349397592 0.6045296167247387 0.28674698795180725 0.12369337979094076
0 0.7807228915662651 0.6019163763066202 0.2433734939759036 0.13588850174216027
0 0.5174698795180723 0.8183797909407665 0.1650602409638554 0.1210801393728223
0 0.7439759036144579 0.8279616724738676 0.28313253012048195 0.11933797909407666
0 0.48855421686746986 0.4573170731707317 0.27349397590361446 0.13937282229965156
0 0.7746987951807229 0.4538327526132404 0.2891566265060241 0.14634146341463414
0 0.49457831325301205 0.6040940766550522 0.3337349397590361 0.12282229965156795
0 0.6313253012048192 0.15548780487804878 0.2216867469879518 0.1297909407665505
0 0.31385542168674696 0.6903310104529616 0.3674698795180723 0.09146341463414634
0 0.6518072289156627 0.698170731707317 0.2963855421686747 0.10017421602787456
0 0.7644578313253012 0.9403310104529616 0.07590361445783132 0.08797909407665505
0 0.4710843373493976 0.9237804878048781 0.28674698795180725 0.11062717770034843
