0 0.6073194856577646 0.06771344455348381 0.16023738872403562 0.1197252208047105
0 0.7967359050445104 0.09617271835132483 0.2265084075173096 0.1452404317958783
0 0.5944609297725024 0.1786064769381747 0.1444114737883284 0.10009813542688911
0 0.80811078140455 0.2252208047105005 0.29080118694362017 0.19332679097154074
0 0.13996043521266074 0.18400392541707555 0.19090009891196835 0.1560353287536801
0 0.36251236399604353 0.2845927379784102 0.09396636993076163 0.11187438665358194
0 0.2413452027695351 0.3900883218842002 0.18991097922848665 0.10893032384690873
0 0.38822947576656774 0.5539744847890088 0.20870425321463898 0.22865554465161925
0 0.36152324431256183 0.15701668302257116 0.24826904055390703 0.14327772325809618
0 0.23194856577645895 0.28213935230618253 0.18100890207715134 0.11089303238469088
0 0.0781404549950544 0.549558390578999 0.13056379821958458 0.19627085377821393
0 0.21167161226508407 0.521099116781158 0.1444114737883284 0.13542688910696762
0 0.2809099901088032 0.6511285574092247 0.17012858555885263 0.11678115799803729
0 0.2022749752720079 0.14425907752698724 0.06627101879327399 0.07262021589793916
0 0.19732937685459942 0.2139352306182532 0.076162215628091 0.07262021589793916
0 0.142433234421365 0.2085377821393523 0.06726013847675569 0.06575073601570167
0 0.14737883283877348 0.1732090284592738 0.07319485657764589 0.07163886162904809
0 0.09099901088031652 0.2055937193326791 0.0791295746785361 0.052011776251226695
0 0.09248269040553907 0.19921491658488713 0.05637982195845697 0.1256133464180569
0 0.3778437190900099 0.16977428851815504 0.03560830860534125 0.0745829244357213
0 0.2705242334322453 0.2055937193326791 0.026706231454005934 0.022571148184494603
0 0.2774480712166172 0.1874386653581943 0.02274975272007913 0.013738959764474975
0 0.2774480712166172 0.17271835132482827 0.02274975272007913 0.017664376840039256
0 0.2809099901088032 0.1535819430814524 0.02373887240356083 0.014720314033366046
0 0.2809099901088032 0.13542688910696762 0.02967359050445104 0.017664376840039256
0 0.2695351137487636 0.23601570166830227 0.09792284866468842 0.040235525024533855
0 0.30217606330365976 0.2055937193326791 0.03066271018793274 0.09911678115799803
0 0.3363006923837784 0.1437684003925417 0.0712166172106825 0.02845927379784102
0 0.33184965380811077 0.11285574092247301 0.13748763600395647 0.03140333660451423
0 0.42334322453016815 0.1452404317958783 0.05934718100890208 0.11383709519136408
0 0.6107814045499506 0.06673209028459273 0.05637982195845697 0.11187438665358194
0 0.6068249258160238 0.05544651619234544 0.15924826904055392 0.03434739941118744
0 0.6058358061325421 0.08832188420019627 0.1533135509396637 0.02551521099116781
0 0.5909990108803165 0.1678115799803729 0.13748763600395647 0.03729146221786065
0 0.6083086053412463 0.1903827281648675 0.027695351137487636 0.07850834151128558
0 0.642433234421365 0.1467124631992149 0.05440158259149357 0.053974484789008834
0 0.5771513353115727 0.1491658488714426 0.06627101879327399 0.06673209028459273
0 0.5771513353115727 0.19627085377821393 0.058358061325420374 0.047105004906771344
0 0.652324431256182 0.20215897939156036 0.07418397626112759 0.047105004906771344
0 0.8852621167161226 0.12855740922473013 0.03165182987141444 0.07262021589793916
0 0.675568743818002 0.1663395485770363 0.03165182987141444 0.07556427870461237
0 0.7047477744807121 0.15260058881256133 0.08803165182987141 0.04808635917566242
0 0.8353115727002968 0.2448478900883219 0.05637982195845697 0.12070657507360157
0 0.7888229475766568 0.23503434739941118 0.058358061325420374 0.11285574092247301
0 0.7566765578635015 0.18989205103042198 0.1681503461918892 0.02453385672227674
0 0.8926805143422354 0.19774288518155053 0.0702274975272008 0.03434739941118744
0 0.9406528189910979 0.22718351324828262 0.027695351137487636 0.06182531894013739
0 0.3818001978239367 0.3017664376840039 0.043521266073194856 0.07948969578017664
0 0.3867457962413452 0.25269872423945045 0.04154302670623145 0.042198233562315994
0 0.34520276953511375 0.2723258096172718 0.03956478733926805 0.08341511285574092
0 0.228486646884273 0.2929342492639843 0.03560830860534125 0.06967615309126594
0 0.28140454995054404 0.29489695780176645 0.06033630069238378 0.08145240431795878
0 0.195351137487636 0.27821393523061827 0.03066271018793274 0.06771344455348381
0 0.17062314540059348 0.2615309126594701 0.026706231454005934 0.038272816486751716
0 0.1824925816023739 0.2899901864573111 0.08011869436201781 0.040235525024533855
0 0.24727992087042533 0.3788027477919529 0.10484668644906034 0.10402355250245339
0 0.21216617210682492 0.387144259077527 0.09990108803165183 0.09911678115799803
0 0.228486646884273 0.38763493621197254 0.12265084075173097 0.08243375858684986
0 0.25766567754698316 0.3999018645731109 0.12957467853610286 0.07948969578017664
0 0.7774480712166172 0.11187438665358194 0.18793273986152326 0.04906771344455348
0 0.7710187932739861 0.09126594700686948 0.1651829871414441 0.047105004906771344
0 0.7665677546983185 0.07163886162904809 0.1503461918892186 0.04317958783120707
0 0.7685459940652819 0.0549558390578999 0.1543026706231454 0.05691854759568204
0 0.7809099901088031 0.08096172718351324 0.032640949554896145 0.04612365063788027
0 0.08506429277942631 0.5873405299313053 0.11869436201780416 0.1069676153091266
0 0.07566765578635015 0.5 0.09594460929772503 0.10304219823356231
0 0.05440158259149357 0.5598626104023553 0.04945598417408507 0.04808635917566242
0 0.07270029673590504 0.52747791952895 0.03461918892185954 0.03434739941118744
0 0.043521266073194856 0.5171736997055937 0.02967359050445104 0.03729146221786065
0 0.22205736894164194 0.5009813542688911 0.1414441147378833 0.07163886162904809
0 0.27794263105835804 0.521099116781158 0.04549950544015826 0.12365063788027478
0 0.1933728981206726 0.5608439646712463 0.12957467853610286 0.0775269872423945
0 0.4277942631058358 0.49950932286555444 0.08803165182987141 0.06280667320902845
0 0.37289812067260136 0.47105004906771347 0.11078140454995054 0.09617271835132483
0 0.39119683481701284 0.5534838076545633 0.08011869436201781 0.0745829244357213
0 0.33184965380811077 0.5549558390578999 0.10385756676557864 0.09322865554465162
0 0.4268051434223541 0.6108930323846908 0.09396636993076163 0.07360157016683022
0 0.29376854599406527 0.647693817468106 0.033630069238377844 0.06869479882237488
0 0.31305637982195844 0.6133464180569186 0.0820969337289812 0.08047105004906771
0 0.314540059347181 0.6923454367026497 0.09297725024727992 0.09126594700686948
0 0.228486646884273 0.6629048086359176 0.06330365974282888 0.07360157016683022
0 0.23986152324431256 0.6383709519136408 0.06824925816023739 0.042198233562315994
