0 0.08166666666666667 0.572289156626506 0.10166666666666667 0.13080895008605853
0 0.19916666666666666 0.5817555938037866 0.13333333333333333 0.12220309810671257
0 0.30583333333333335 0.580895008605852 0.08333333333333333 0.11703958691910499
0 0.4175 0.5671256454388984 0.14333333333333334 0.0963855421686747
0 0.55125 0.5843373493975904 0.12083333333333333 0.12736660929432014
0 0.6783333333333333 0.6032702237521514 0.18333333333333332 0.1549053356282272
0 0.8491666666666666 0.6376936316695353 0.19833333333333333 0.16523235800344235
0 0.6279166666666667 0.4556798623063683 0.2675 0.15748709122203097
0 0.8133333333333334 0.46686746987951805 0.15666666666666668 0.12478485370051635
0 0.6141666666666666 0.23838209982788297 0.22166666666666668 0.08433734939759036
0 0.1 0.6833046471600689 0.11833333333333333 0.08433734939759036
0 0.31 0.6884681583476764 0.06166666666666667 0.11187607573149742
0 0.4116666666666667 0.6987951807228916 0.145 0.12220309810671257
0 0.12333333333333334 0.802065404475043 0.14833333333333334 0.13253012048192772
0 0.26 0.8244406196213425 0.15833333333333333 0.13941480206540446
0 0.3933333333333333 0.8304647160068847 0.13166666666666665 0.09294320137693632
